-1,-1,-1,-1,-1,-1,-1,0,0,0,0,0,0,0,0,0,0,0,0,0,0,0,0,0,0,0,-1,-1,-1,0.28,0.29,0.25,-1,-1,-1,-1,-1,-1,-1,-1,0.32,0.24,0.31,-1,0.35,0.34,0.42,0.33,0.32,0.3,0.39,0.38,0.43,0.4,0.44,0.47,0.46,0.51,0.54,0.58,0.57,0.59,0.54,0.6,0.49,0.55,0.65,0.65,0.65,0.6,0.61,0.55,0.53,-1,-1,-1,-1,-1,-1,-1,-1,-1,-1,-1,-1,-1,-1,-1,-1,-1,-1,-1,-1,-1,-1,-1,-1,-1,-1,-1,-1,-1,-1,-1,-1,-1,-1,-1,-1,-1,-1,-1,0.23,0.28,0.28,0.22,0.27,-1,-1,-1,-1,-1,-1,-1,-1,-1,-1,0.4,0.44,-1,0.44,0.36,0.41,0.4,0.29,0.44,0.45,0.37,0.37,0.5,0.32,0.47,0.4,0.45,0.4,0.41,0.49,0.38,0.33,0.33,0.3,0.34,0.32,0.38,0.3,0.26,0.29,0.32,0.34,0.22,0.34,0.33,0.28,0.3,0.25,0.26,0.26,0.3,0.29,0.24,0.17,0.21,0.3,0.26,0.13,0,0,0,0,0,0,0,-1,-1,0,0,0,-1,-1,-1,-1,-1,0,0,0,0,0,0,0,0
-1,-1,-1,-1,-1,-1,0,0,0,0,0,0,0,0,0,0,0,0,0,0,0,0,0,0,0,0,-1,-1,-1,0.26,0.29,0.2,0.33,0.26,-1,-1,-1,-1,-1,0.14,0.21,0.31,0.29,-1,-1,-1,-1,-1,0.34,0.4,0.27,0.34,0.42,0.37,0.43,0.46,0.46,0.49,0.51,0.57,0.61,0.64,0.68,0.63,0.62,0.63,0.64,0.57,0.7,0.6,0.61,0.57,0.53,-1,-1,-1,-1,-1,-1,-1,-1,-1,-1,-1,-1,-1,-1,-1,-1,-1,-1,-1,-1,-1,-1,-1,-1,-1,-1,-1,-1,-1,-1,-1,-1,-1,-1,-1,-1,-1,-1,-1,0.32,0.23,0.28,0.33,0.22,-1,-1,-1,-1,-1,-1,-1,-1,-1,-1,0.36,0.43,-1,0.42,0.39,0.43,0.3,0.38,0.56,-1,-1,0.42,0.46,-1,-1,0.36,0.46,0.43,0.4,0.42,0.37,0.37,0.38,0.28,0.29,0.32,0.46,0.33,0.36,0.43,0.38,0.41,0.35,0.39,0.24,0.25,0.28,0.21,0.25,0.31,0.25,0.24,0.24,0.29,0.22,0.15,0.22,0.23,0,0,0,0,0,0,0,-1,-1,-1,-1,-1,-1,-1,-1,-1,-1,0,0,0,0,0,0,0,-1
0,0,0,0,0,-1,0,0,0,0,-1,-1,-1,-1,-1,0,0,0,0,0,0,0,0,0,0,0,0,0,0.23,0.2,0.26,-1,0.28,0.27,0.27,0.28,0.29,0.35,-1,0.37,0.35,0.21,0.37,0.41,0.38,0.43,0.45,-1,0.29,0.49,0.39,0.46,0.36,0.44,0.45,0.51,0.47,0.49,0.65,0.65,0.56,0.58,0.67,0.68,0.65,0.69,0.64,0.7,0.71,0.73,0.71,0.7,-1,-1,-1,-1,-1,-1,-1,-1,-1,-1,-1,-1,-1,-1,-1,-1,-1,-1,-1,-1,-1,-1,-1,-1,-1,-1,-1,-1,-1,-1,-1,-1,-1,-1,-1,-1,-1,-1,-1,-1,0.2,0.25,0.22,0.25,0.39,-1,-1,-1,-1,-1,-1,-1,-1,-1,-1,0.38,-1,-1,-1,-1,-1,-1,-1,-1,-1,-1,0.61,0.53,-1,-1,0.52,0.38,0.38,0.45,0.31,0.36,-1,-1,0.38,0.44,0.33,0.23,0.38,0.39,0.45,0.35,0.35,0.33,0.36,0.33,0.3,0.19,0.33,0.26,0.31,0.27,0.23,0.2,0.29,0.21,0.36,0.23,0.19,0.23,-1,0,-1,-1,-1,-1,-1,-1,-1,-1,-1,-1,-1,-1,-1,-1,0,0,0,0,0,0,0,-1
-1,-1,-1,-1,-1,0,0,0,0,-1,-1,-1,-1,-1,-1,-1,-1,0,0,0,0,0,0,0,0,0,0,0,0.16,0.25,0.32,0.31,0.22,0.28,0.31,0.25,0.25,0.27,0.27,0.33,0.31,0.3,0.36,0.3,0.24,0.33,0.29,0.4,0.47,0.43,0.43,0.41,0.45,0.56,0.49,0.49,0.47,0.61,0.73,0.55,0.69,0.69,0.69,0.7,0.69,0.7,0.75,0.74,0.73,0.77,0.7,0.65,-1,-1,-1,-1,-1,-1,-1,-1,-1,-1,-1,-1,-1,-1,-1,-1,-1,-1,-1,-1,-1,-1,-1,-1,-1,-1,-1,-1,-1,-1,-1,-1,-1,-1,-1,-1,-1,-1,-1,-1,0.18,0.19,0.29,0.3,-1,-1,-1,-1,-1,-1,-1,-1,-1,-1,-1,0.37,0.47,0.45,0.41,-1,-1,-1,-1,-1,-1,-1,0.5,0.37,-1,-1,-1,-1,-1,-1,-1,-1,-1,-1,0.48,0.42,0.41,0.41,0.39,0.3,0.31,0.41,0.37,0.27,0.27,0.33,0.27,0.24,0.32,0.29,0.3,0.29,0.21,0.24,0.28,0.24,0.19,0.16,0.25,0.23,0.18,0,-1,-1,-1,-1,-1,-1,-1,-1,-1,-1,-1,-1,-1,-1,0,0,0,0,0,0,0,-1
-1,-1,-1,-1,-1,0,0,0,0,0,0,0,0,0,-1,-1,-1,0,0,0,-1,-1,-1,-1,-1,0,0,0,0.2,0.15,-1,-1,-1,0.24,0.21,0.27,0.21,0.31,0.29,0.31,0.37,0.38,0.35,0.29,0.32,0.32,0.33,0.36,0.34,0.39,0.38,0.33,0.5,0.52,0.52,0.61,0.5,0.57,0.56,0.71,0.75,0.74,0.76,0.78,0.78,0.84,0.82,0.77,0.77,0.7,0.77,0.61,-1,-1,-1,-1,-1,-1,-1,-1,-1,-1,-1,-1,-1,-1,-1,-1,-1,-1,-1,-1,-1,-1,-1,-1,-1,-1,-1,-1,-1,-1,-1,-1,-1,-1,-1,-1,-1,-1,-1,-1,0.25,0.2,0.24,0.33,0.27,0.3,0.37,0.35,0.38,0.21,0.42,0.44,0.47,0.37,0.39,0.47,-1,-1,-1,-1,-1,-1,-1,-1,0.46,0.57,0.53,0.48,0.5,0.44,0.51,-1,-1,-1,-1,-1,-1,-1,0.45,0.48,0.41,0.48,0.43,0.41,0.4,0.37,0.31,0.29,0.38,0.29,0.31,0.27,0.27,0.27,0.38,0.28,0.34,0.21,0.3,0.19,0.2,0.23,0.17,0.24,0.2,0,0,0,-1,-1,-1,-1,-1,-1,-1,-1,-1,-1,-1,-1,0,0,0,0,0,0,0,0
0,-1,-1,-1,-1,0,0,0,0,0,0,0,0,0,0,0,0,0,0,0,-1,-1,-1,-1,-1,-1,-1,-1,0.26,0.27,0.25,-1,-1,-1,-1,-1,0.36,0.27,0.27,0.26,0.33,0.36,-1,-1,-1,-1,0.41,0.34,0.4,0.38,0.4,0.52,0.41,0.52,0.52,0.48,0.62,0.69,0.74,0.75,0.7,0.77,0.72,0.8,0.8,0.76,0.82,0.91,0.84,0.79,0.83,0.72,-1,-1,-1,-1,-1,-1,-1,-1,-1,-1,-1,-1,-1,-1,-1,-1,-1,-1,-1,-1,-1,-1,-1,-1,-1,-1,-1,-1,-1,-1,-1,-1,-1,-1,-1,-1,-1,-1,-1,-1,0.27,0.29,0.37,0.31,0.28,-1,-1,-1,-1,-1,-1,0.42,0.33,0.53,-1,-1,-1,-1,-1,-1,-1,-1,-1,-1,-1,-1,-1,-1,-1,-1,-1,-1,-1,-1,-1,-1,-1,-1,0.38,0.46,0.47,0.42,0.37,0.35,0.32,0.43,0.36,0.34,0.28,0.3,0.28,0.31,0.32,0.3,0.21,0.28,0.26,0.24,0.21,0.21,0.28,0.12,0.2,0.21,0.15,0.21,0,0,-1,-1,-1,-1,-1,-1,-1,-1,-1,-1,-1,-1,0,0,0,0,0,0,0,0
0,0,0,0,0,0,0,0,0,-1,0,0,0,0,0,0,0,0,0,0,0,-1,0,0,0,-1,-1,-1,0.26,0.23,0.22,-1,-1,-1,-1,-1,-1,-1,-1,0.3,0.32,0.3,0.32,-1,-1,-1,0.36,0.29,0.42,0.45,0.46,0.4,0.48,0.52,0.51,0.59,0.69,0.66,0.73,0.73,0.68,0.76,0.79,0.77,0.83,0.84,0.88,0.85,0.8,0.93,0.72,-1,-1,-1,-1,-1,0.58,0.55,0.46,0.58,0.61,0.58,0.43,0.48,0.38,0.36,0.47,0.4,0.42,0.28,0.27,0.36,0.23,-1,-1,-1,-1,-1,-1,-1,-1,-1,-1,-1,-1,-1,-1,-1,-1,-1,-1,-1,0.24,0.3,0.24,0.24,0.28,-1,-1,-1,-1,-1,-1,0.32,0.39,0.41,-1,-1,-1,-1,-1,-1,-1,-1,-1,-1,-1,-1,-1,-1,-1,-1,-1,-1,-1,-1,-1,-1,-1,-1,0.42,0.49,0.52,0.42,0.51,0.34,0.39,0.35,0.25,0.38,0.29,0.32,0.36,0.27,0.35,0.27,-1,-1,0.21,0.28,-1,-1,0.16,0.19,0.22,0.31,0.21,0.18,0,0,-1,-1,0,0,0,0,0,0,0,0,0,0,0,0,0,0,0,0,0,0
-1,-1,-1,-1,-1,0,0,0,0,-1,-1,-1,-1,-1,-1,0,0,0,0,0,0,0,0,0,0,0,-1,-1,0.24,0.24,0.29,0.28,0.37,0.26,-1,-1,-1,-1,0.24,0.31,0.38,-1,0.31,0.37,0.34,0.34,0.37,0.49,0.41,0.36,0.47,0.5,0.53,0.54,0.53,0.57,0.66,0.65,0.76,0.81,0.82,0.75,0.8,0.9,0.88,0.88,0.9,0.91,0.92,0.95,0.78,-1,-1,-1,-1,-1,0.59,0.61,-1,-1,-1,0.49,0.52,0.46,0.44,0.43,0.37,0.4,0.29,0.36,0.41,0.37,0.36,-1,-1,-1,-1,-1,-1,-1,-1,-1,-1,-1,-1,-1,-1,-1,-1,-1,-1,-1,0.27,0.22,0.19,0.27,0.27,0.32,0.43,0.38,0.34,0.33,0.41,0.4,0.45,0.44,0.41,-1,-1,-1,-1,-1,-1,-1,-1,-1,-1,-1,-1,-1,-1,-1,-1,-1,-1,-1,-1,-1,-1,-1,-1,-1,0.32,0.37,0.31,0.48,0.39,0.41,0.34,0.37,0.36,-1,-1,0.29,0.31,0.28,-1,-1,0.21,0.28,-1,-1,0.22,0.21,0.17,-1,-1,-1,-1,-1,-1,-1,0,0,0,0,0,0,0,0,0,0,0,0,0,0,0,0,0,0
-1,-1,-1,-1,-1,-1,0,0,0,0,0,0,0,-1,-1,0,0,0,0,0,0,0,0,0,0,0,0,0.24,0.2,0.27,-1,0.22,0.24,0.24,0.28,0.33,0.29,-1,0.28,0.26,0.35,0.35,0.28,-1,-1,0.36,0.55,0.4,0.37,0.45,0.46,0.42,0.53,0.54,0.64,0.62,0.63,0.67,0.77,0.78,0.83,0.78,0.9,0.91,0.91,0.91,0.93,0.95,0.96,0.88,0.82,-1,-1,-1,-1,-1,0.63,0.56,-1,-1,-1,-1,-1,-1,-1,-1,-1,-1,-1,0.38,0.34,0.32,0.3,-1,-1,-1,-1,-1,-1,-1,-1,-1,-1,-1,-1,-1,-1,-1,-1,-1,-1,-1,0.2,0.29,0.36,0.3,0.33,0.32,0.34,0.31,0.37,0.45,0.46,0.38,0.49,0.44,0.45,-1,-1,-1,-1,-1,-1,-1,-1,-1,-1,-1,-1,-1,-1,-1,-1,-1,-1,-1,-1,-1,-1,-1,-1,-1,0.52,0.4,0.41,0.38,0.43,-1,-1,-1,-1,-1,-1,-1,-1,-1,-1,-1,0.22,0.25,-1,-1,0.23,0.3,0.24,-1,-1,-1,-1,-1,-1,0,0,-1,-1,-1,-1,-1,-1,-1,-1,0.25,0.18,0.19,0.24,0.21,0,0,0,0
-1,-1,-1,-1,-1,0,0,0,0,0,-1,-1,0,0,0,0,0,0,0,-1,-1,-1,-1,0,0,0,0.26,0.19,0.25,0.26,-1,-1,-1,-1,-1,-1,-1,0.25,0.28,0.25,0.3,0.35,0.29,0.34,0.41,0.34,0.43,0.41,0.49,0.37,0.5,0.47,0.52,0.55,0.56,0.69,0.64,0.77,0.82,0.82,0.81,0.85,0.9,0.88,0.87,0.99,0.96,0.97,0.98,0.85,-1,-1,-1,-1,-1,-1,0.64,0.59,-1,-1,-1,-1,-1,-1,-1,-1,-1,-1,-1,0.31,0.37,0.29,0.33,-1,-1,-1,-1,-1,-1,-1,-1,-1,-1,-1,-1,-1,-1,-1,-1,-1,-1,-1,0.34,0.28,0.24,0.3,0.28,0.32,0.46,0.35,0.39,0.41,0.32,0.49,0.41,0.49,0.46,0.52,0.53,0.49,0.49,0.7,0.64,0.6,0.71,0.67,0.67,0.66,0.71,0.59,0.65,0.62,0.69,0.7,0.63,0.59,0.62,0.64,0.51,0.56,0.51,0.48,0.49,0.42,0.44,0.41,0.37,-1,-1,-1,-1,-1,-1,-1,-1,-1,-1,-1,0.18,0.22,-1,-1,-1,-1,-1,-1,-1,-1,-1,-1,-1,0.25,0.26,-1,-1,-1,-1,-1,-1,-1,-1,0.25,0.22,0.18,0.17,0.27,0.31,0.31,0.13,0.13
-1,-1,-1,-1,0,0,0,-1,-1,0,0,0,0,0,0,-1,0,0,0,0,0,-1,-1,-1,-1,0,-1,0.24,0.18,-1,-1,-1,-1,-1,-1,-1,-1,0.28,0.26,0.23,-1,-1,-1,-1,0.3,0.39,0.37,0.36,0.49,0.52,0.54,0.55,0.51,0.55,-1,0.52,0.78,0.74,0.8,0.85,0.85,0.98,0.91,0.92,0.98,0.93,0.97,0.98,0.97,0.91,-1,-1,-1,-1,-1,-1,0.67,0.7,-1,-1,-1,-1,-1,-1,-1,-1,-1,-1,-1,0.34,0.35,0.3,0.31,-1,-1,-1,-1,-1,-1,-1,-1,-1,-1,-1,-1,-1,-1,-1,-1,-1,-1,0.25,0.24,0.18,0.3,0.28,0.26,0.34,0.33,-1,-1,-1,-1,-1,-1,-1,0.55,0.6,-1,-1,-1,-1,-1,0.67,0.6,-1,0.62,0.78,0.66,0.71,0.69,0.72,0.66,0.66,0.61,0.63,0.64,0.55,0.49,0.55,0.57,0.48,0.38,0.49,0.51,0.41,0.42,-1,-1,-1,-1,-1,-1,-1,-1,-1,-1,-1,0.22,0.28,-1,-1,0.2,0.19,0.27,0.25,0.2,0.32,-1,-1,-1,0.21,0.17,0.22,0.26,0.21,0.23,-1,0.25,-1,-1,0.2,0.17,0.23,0.32,0.29,0.22,0.25,0.11,0.11
0,0,0,0,0,0,0,-1,-1,-1,-1,-1,-1,-1,0,0,0,0,0,0,0,-1,-1,-1,-1,0,0.2,0.26,0.19,-1,-1,-1,-1,0.2,-1,-1,-1,0.35,0.31,0.28,0.3,0.27,0.3,-1,0.32,0.31,0.37,0.45,0.41,0.43,0.42,0.57,0.61,0.57,-1,-1,0.67,0.76,0.82,0.85,0.88,0.91,0.94,0.99,0.97,0.99,0.99,1,1,0.94,-1,-1,-1,-1,-1,-1,0.7,0.76,-1,-1,-1,-1,-1,-1,-1,-1,-1,-1,-1,0.34,0.27,0.33,0.26,-1,-1,-1,-1,-1,-1,-1,-1,-1,-1,-1,-1,-1,-1,-1,-1,-1,-1,0.18,0.27,0.32,0.3,0.36,0.31,0.37,0.34,-1,-1,-1,-1,-1,-1,-1,0.51,0.51,-1,-1,-1,-1,-1,0.63,0.75,-1,0.77,0.8,-1,-1,-1,-1,-1,-1,-1,-1,-1,-1,-1,-1,0.52,0.53,0.5,0.47,0.43,0.37,0.37,-1,-1,-1,-1,-1,-1,0.23,0.31,0.38,0.2,-1,0.29,0.24,0.28,-1,0.2,0.18,0.31,0.36,0.36,0.27,-1,-1,-1,0.2,0.19,0.25,0.2,0.31,0.22,0.22,0.2,-1,-1,0.24,0.22,0.27,0.2,0.27,0.3,0.3,0.22,0.16
0,0,0,0,0,0,0,0,0,-1,-1,-1,-1,-1,0,0,0,0,0,0,-1,-1,-1,-1,0,0,0.28,0.16,0.17,-1,-1,-1,-1,-1,-1,-1,-1,0.33,0.32,0.31,-1,0.3,0.41,0.33,0.32,0.5,0.44,0.37,0.48,0.42,0.5,0.570000000000001,0.46,-1,-1,-1,0.72,0.73,0.78,0.86,0.92,0.89,0.92,0.96,0.97,1,1,0.99,1,-1,-1,-1,-1,-1,-1,-1,0.78,0.75,-1,-1,-1,-1,-1,-1,-1,-1,-1,-1,-1,0.36,0.43,0.24,0.24,-1,-1,-1,-1,-1,-1,-1,-1,-1,-1,-1,-1,-1,-1,-1,-1,-1,-1,0.34,0.21,0.25,0.27,0.37,0.32,0.31,0.37,-1,-1,-1,-1,-1,-1,-1,0.56,0.42,0.57,0.59,0.72,0.59,0.71,0.71,0.7,-1,0.79,0.87,-1,-1,-1,-1,-1,-1,-1,-1,-1,-1,-1,-1,-1,0.46,0.47,0.4,0.47,0.48,0.48,0.47,0.39,0.43,0.37,0.32,0.3,0.3,0.32,0.3,0.34,0.3,0.29,0.28,0.26,0.17,0.31,0.4,0.28,0.36,0.37,0.25,-1,-1,-1,0.21,0.19,-1,-1,-1,-1,-1,-1,-1,-1,0.25,0.32,0.23,0.21,0.25,0.26,0.14,0.2,0.18
0,0,0,0,0,0,0,0,0,-1,-1,-1,-1,0,0,0,-1,-1,0,0,0,0,0,0,0,0,0.24,0.18,-1,-1,-1,-1,-1,0.36,0.21,0.27,-1,0.22,0.26,0.35,0.36,0.33,-1,0.26,0.38,0.37,0.36,0.34,0.44,0.44,0.38,0.53,0.56,0.58,-1,0.65,0.72,0.79,0.83,0.84,0.87,0.94,0.97,0.97,1,1,1,1,1,-1,-1,-1,-1,-1,-1,-1,0.68,0.66,-1,-1,-1,-1,-1,-1,-1,-1,-1,-1,-1,0.28,0.29,0.22,0.28,-1,-1,-1,-1,0.33,0.33,0.32,0.29,0.2,0.3,0.22,0.28,0.26,0.28,0.24,0.3,0.26,0.31,0.19,0.21,0.29,0.21,0.29,0.33,0.33,0.4,-1,-1,-1,-1,-1,-1,-1,0.5,0.55,0.54,0.65,0.72,0.78,0.8,0.75,0.85,-1,0.85,0.78,-1,-1,-1,-1,-1,-1,-1,-1,-1,-1,-1,-1,-1,0.55,0.51,0.51,0.44,0.49,0.39,0.41,0.37,0.37,0.41,0.36,0.33,-1,-1,-1,-1,-1,0.25,0.36,-1,-1,-1,0.35,-1,-1,-1,-1,-1,0.39,-1,0.2,0.22,-1,-1,-1,-1,-1,-1,-1,-1,0.28,0.26,0.19,0.33,0.3,0.16,0.16,0.15,0.2
-1,-1,0,0,0,0,0,0,0,0,0,0,0,-1,0,0,-1,-1,-1,-1,-1,-1,0,0,0,0,0.1,0.24,-1,-1,-1,-1,0.25,-1,-1,-1,0.32,0.37,0.3,-1,0.3,0.33,0.4,0.31,0.23,0.27,0.36,0.41,0.39,0.36,0.55,0.51,0.57,0.6,0.7,0.67,0.84,0.78,0.8,0.83,0.899999999999999,0.95,0.97,0.99,0.97,0.99,1,1,1,-1,-1,-1,-1,-1,-1,-1,0.72,0.63,-1,-1,-1,-1,-1,-1,-1,-1,-1,-1,0.38,0.41,0.3,0.2,-1,-1,-1,-1,-1,-1,-1,-1,-1,0.3,0.19,0.3,0.28,0.34,0.27,0.27,0.27,0.26,0.38,0.22,0.24,0.22,0.23,0.38,0.26,0.27,0.28,0.51,0.43,0.56,0.43,0.45,0.4,0.49,0.59,0.63,0.66,0.71,0.69,0.65,0.81,0.8,0.86,-1,-1,0.88,0.9,0.84,0.84,0.86,0.75,0.79,0.75,0.66,0.7,0.64,0.56,0.68,0.54,0.54,0.56,0.48,0.51,0.37,0.35,-1,-1,-1,0.29,0.35,0.3,0.29,0.28,0.38,0.24,0.26,0.38,-1,-1,-1,-1,0.31,-1,-1,-1,-1,-1,0.31,-1,0.2,0.25,0.26,0.19,0.31,0.22,0.29,0.32,0.19,0.3,0.33,0.29,0.39,0.31,0.34,0.39,0.24,0.29,0.23
-1,-1,-1,-1,0,0,0,-1,0,0,0,0,0,0,0,0,0,0,0,0,-1,-1,0,0,0,0,0.25,0.23,-1,-1,-1,-1,0.24,-1,-1,-1,0.28,0.24,-1,-1,-1,-1,-1,0.35,0.27,0.4,0.34,0.29,0.44,0.44,0.49,0.56,0.51,0.48,0.6,0.69,0.73,0.76,0.81,0.82,0.9,0.91,0.96,0.97,0.99,0.99,1,1,0.97,-1,-1,-1,-1,-1,-1,-1,0.68,0.62,-1,-1,-1,-1,-1,-1,-1,-1,-1,-1,0.25,0.36,0.3,0.38,-1,-1,-1,-1,-1,-1,-1,-1,-1,0.3,0.29,-1,-1,-1,-1,-1,0.32,0.38,0.31,0.17,0.2,0.17,0.24,0.31,0.39,0.36,-1,-1,-1,-1,-1,-1,-1,-1,-1,-1,-1,-1,-1,-1,-1,0.79,0.87,-1,-1,-1,-1,-1,-1,-1,-1,-1,-1,-1,-1,-1,-1,-1,0.62,0.54,0.54,0.46,0.43,0.48,0.44,-1,-1,-1,0.36,-1,-1,-1,-1,-1,-1,-1,0.35,-1,-1,-1,-1,0.36,0.29,0.37,0.3,0.31,0.32,0.32,0.25,0.24,0.28,0.15,-1,-1,-1,-1,-1,-1,-1,-1,0.23,0.2,0.22,0.28,0.31,0.13,0.15,0.21
0,0,0,0,0,0,0,-1,-1,-1,-1,-1,-1,-1,0,0,0,0,0,0,0,0,0,0,0,0,0.23,-1,-1,-1,-1,-1,0.19,0.2,0.27,0.24,0.23,0.32,0.24,0.32,0.3,-1,0.4,0.23,0.32,0.36,0.28,0.24,0.37,0.47,0.54,0.52,0.5,0.55,0.61,0.59,0.7,0.74,0.81,0.8,0.86,0.899999999999999,0.99,0.98,0.98,0.98,0.99,0.98,-1,-1,-1,-1,-1,-1,-1,-1,0.74,0.65,-1,-1,-1,-1,-1,-1,-1,-1,-1,-1,0.34,0.4,0.31,0.31,-1,-1,-1,-1,-1,-1,-1,-1,-1,0.22,0.21,-1,-1,-1,-1,-1,0.33,0.31,0.21,0.25,0.24,0.41,0.41,0.38,0.44,0.31,-1,-1,-1,-1,-1,-1,-1,-1,-1,-1,-1,-1,-1,-1,-1,0.88,0.91,-1,-1,-1,-1,-1,-1,-1,-1,-1,-1,-1,-1,-1,-1,-1,0.65,0.61,0.46,0.53,0.42,0.57,0.55,0.38,0.31,0.36,0.4,-1,-1,-1,-1,-1,-1,-1,0.27,-1,-1,-1,-1,0.36,-1,-1,0.3,0.31,0.39,0.29,0.42,-1,-1,0.27,-1,-1,-1,-1,-1,-1,-1,-1,0.25,0.27,0.28,0.31,0.41,0.3,0.18,0.2
0,0,0,0,0,0,0,-1,-1,-1,-1,-1,-1,-1,0,0,0,0,0,0,0,0,0,0,0,0,0.18,0.18,0.26,0.13,-1,-1,-1,-1,-1,-1,0.23,0.2,-1,-1,-1,-1,0.23,0.28,0.3,0.35,0.33,0.35,0.45,0.47,0.47,0.43,0.53,0.55,0.48,0.67,0.75,0.74,0.78,0.81,0.84,0.86,0.93,0.92,0.95,0.98,0.97,0.91,-1,-1,-1,-1,-1,-1,-1,-1,0.74,0.69,-1,-1,-1,-1,-1,-1,-1,-1,-1,-1,0.36,0.34,0.28,0.26,-1,-1,-1,-1,-1,0.28,0.26,0.25,0.27,0.33,0.24,-1,-1,-1,-1,-1,0.26,0.3,0.31,0.28,0.34,0.35,0.35,0.4,0.36,0.35,-1,-1,-1,-1,-1,-1,-1,-1,-1,-1,-1,-1,-1,-1,-1,0.87,0.91,-1,-1,-1,-1,-1,-1,-1,-1,-1,-1,-1,-1,-1,-1,-1,0.55,0.59,0.57,0.45,0.44,0.47,0.48,0.42,0.35,0.44,0.36,0.29,0.3,0.34,0.4,0.38,0.4,0.38,0.33,0.4,0.34,0.35,0.36,0.35,-1,-1,0.39,0.4,0.32,0.35,0.47,-1,-1,0.33,-1,-1,-1,-1,-1,-1,-1,-1,0.3,0.36,0.36,0.26,0.29,0.31,0.28,0.22
-1,-1,-1,0,0,0,-1,-1,-1,-1,-1,-1,0,-1,0,0,-1,-1,0,0,0,0,0,0,0,0,0.17,0.19,0.18,0.16,0.22,0.22,-1,-1,0.24,-1,0.23,0.25,0.26,0.39,-1,-1,0.21,0.24,0.33,0.25,0.3,0.32,0.41,0.39,0.44,0.45,0.51,0.42,0.63,0.66,0.68,0.78,0.68,0.79,0.86,0.87,0.83,0.95,0.96,0.95,0.96,0.88,0.89,0.89,0.87,0.88,0.79,-1,-1,-1,0.71,0.63,-1,-1,-1,-1,-1,-1,-1,-1,-1,-1,0.37,0.33,0.24,0.29,-1,-1,-1,-1,-1,0.25,0.36,0.29,0.33,0.35,0.21,-1,-1,-1,-1,-1,0.25,-1,-1,0.21,0.28,0.28,0.47,0.33,0.3,0.4,-1,-1,-1,-1,-1,-1,-1,-1,-1,-1,-1,-1,-1,-1,-1,0.87,0.89,-1,-1,-1,-1,-1,-1,-1,-1,-1,-1,-1,-1,-1,-1,-1,0.59,0.61,0.55,0.48,0.48,-1,-1,0.32,-1,-1,-1,-1,-1,-1,-1,-1,-1,-1,-1,-1,0.34,0.38,0.36,0.37,0.33,0.33,0.26,0.34,0.43,0.31,0.28,-1,-1,0.33,-1,-1,-1,-1,-1,-1,-1,-1,0.4,0.38,0.37,0.32,0.3,0.25,0.28,0.21
-1,-1,-1,0,0,0,0,-1,-1,-1,-1,0,0,-1,0,0,0,0,-1,-1,-1,-1,-1,0,0,0,0,0.17,0.24,0.22,0.19,0.19,0.2,0.21,0.2,0.25,0.18,-1,-1,-1,0.38,0.26,0.21,0.18,0.29,0.3,0.31,0.27,0.36,0.33,0.42,0.46,0.48,0.6,0.55,0.66,0.58,0.67,0.72,0.679999999999999,0.78,0.81,0.85,0.73,0.89,0.92,0.97,0.86,0.8,0.82,0.86,0.75,0.74,0.74,0.69,0.55,0.66,0.62,0.61,0.52,0.58,0.4,0.46,0.51,0.4,0.39,0.43,0.35,0.25,0.27,0.29,0.29,0.21,0.24,0.29,0.21,0.28,0.2,0.23,0.21,0.23,0.23,0.29,-1,-1,-1,-1,-1,0.26,-1,-1,0.26,0.33,0.29,0.3,0.39,0.44,0.42,-1,-1,-1,-1,-1,-1,-1,-1,-1,-1,-1,-1,-1,-1,-1,0.83,0.85,-1,-1,-1,-1,-1,-1,-1,-1,-1,-1,-1,-1,-1,-1,-1,0.56,0.58,0.53,0.51,0.45,-1,-1,0.34,-1,-1,-1,-1,-1,-1,-1,-1,-1,-1,-1,-1,0.39,0.3,0.32,0.4,0.36,0.31,0.44,0.42,0.36,0.32,0.38,-1,-1,-1,0.34,0.23,-1,-1,-1,-1,0.25,0.29,0.39,0.32,0.35,0.32,0.3,0.23,0.26,0.29
0,0,-1,0,0,-1,-1,-1,-1,-1,-1,0,0,0,0,0,0,0,0,0,0,-1,-1,0,0,0,0,-1,-1,-1,-1,0.21,0.22,0.24,0.19,0.28,0.2,0.27,-1,-1,-1,0.16,0.16,0.27,0.21,0.29,0.24,0.36,0.33,0.43,0.47,0.4,-1,-1,0.49,0.53,0.6,0.55,0.6,0.74,0.7,0.78,0.76,0.8,0.76,0.87,0.85,0.79,0.75,0.78,0.78,0.82,0.68,0.73,0.7,0.65,0.64,0.67,0.53,0.58,0.55,0.5,0.51,0.4,0.36,0.35,0.44,0.32,0.36,0.27,0.38,-1,-1,-1,-1,-1,-1,-1,-1,0.32,0.23,0.32,0.31,-1,-1,-1,-1,-1,0.36,-1,-1,0.36,0.32,0.36,0.38,0.37,0.31,0.31,-1,-1,-1,-1,-1,-1,-1,-1,-1,-1,-1,-1,-1,-1,-1,0.81,0.92,-1,-1,-1,-1,-1,-1,-1,-1,-1,-1,-1,-1,-1,-1,-1,0.63,0.64,0.57,0.52,0.5,0.41,0.44,0.49,-1,-1,-1,-1,-1,-1,-1,-1,-1,-1,-1,-1,0.28,0.3,0.32,0.32,0.44,0.39,0.28,0.37,0.37,0.35,0.46,-1,-1,0.27,-1,-1,-1,-1,-1,-1,-1,-1,0.3,0.37,0.35,0.32,0.26,0.28,0.28,0.25
0,0,0,0,0,0,0,0,0,-1,-1,0,0,0,0,0,0,0,0,0,0,0,0,0,0,0,-1,0.12,0.23,-1,-1,-1,-1,0.15,0.21,0.19,0.22,0.27,0.21,0.31,0.25,0.11,0.23,0.17,0.21,0.26,0.31,0.26,0.5,0.4,0.38,-1,-1,-1,0.49,0.57,0.47,0.64,0.61,0.59,0.77,0.73,0.81,0.79,0.73,0.77,0.79,0.72,0.77,0.78,0.73,0.7,0.63,0.7,0.68,0.58,0.56,0.61,0.5,0.51,0.54,0.55,0.46,0.45,0.44,0.35,0.3,0.41,0.34,0.33,0.31,-1,-1,-1,-1,-1,-1,-1,-1,0.19,0.25,0.27,0.15,-1,-1,-1,-1,-1,0.36,-1,-1,0.3,0.27,0.21,0.29,0.32,0.36,0.35,-1,-1,-1,-1,-1,-1,-1,-1,-1,-1,-1,-1,-1,-1,-1,0.8,0.79,-1,-1,-1,-1,-1,-1,-1,-1,-1,-1,-1,-1,-1,-1,-1,0.6,0.54,0.53,0.52,0.46,0.45,0.48,0.52,0.41,0.5,0.37,0.37,0.33,0.31,0.35,0.4,0.4,0.34,0.4,-1,-1,0.31,0.42,0.31,0.29,0.32,0.38,0.33,0.33,0.35,-1,-1,-1,0.34,-1,-1,-1,-1,-1,-1,-1,-1,0.41,0.4,0.5,0.4,0.25,0.32,0.34,0.34
0,0,0,0,0,0,0,0,0,0,0,0,0,0,-1,-1,0,0,0,0,0,0,0,0,-1,0,-1,-1,-1,0.16,-1,-1,-1,0.23,0.17,0.18,-1,-1,-1,0.22,0.25,0.16,0.21,0.25,0.31,0.24,0.33,0.35,0.35,0.35,0.35,-1,-1,-1,0.46,0.43,0.44,0.72,0.53,0.57,0.59,0.68,0.57,0.7,0.68,0.76,0.78,0.69,0.68,0.67,0.56,0.62,0.7,0.52,0.62,0.61,0.52,0.5,0.51,0.46,0.54,0.49,0.41,0.48,0.39,0.47,0.34,0.37,0.3,0.29,0.34,-1,-1,-1,-1,-1,-1,-1,-1,0.26,0.17,-1,-1,-1,-1,-1,-1,-1,0.36,0.29,0.22,0.32,0.32,0.26,0.29,0.32,0.33,0.35,-1,-1,-1,-1,-1,-1,-1,-1,-1,-1,-1,-1,-1,-1,-1,0.82,0.84,-1,-1,-1,-1,-1,-1,-1,-1,-1,-1,-1,-1,-1,-1,-1,0.51,0.53,0.52,0.57,0.4,0.38,0.35,-1,-1,-1,0.42,0.35,0.4,0.39,0.41,0.24,0.27,0.31,0.24,-1,-1,0.34,0.36,0.36,0.42,0.45,0.35,0.36,-1,-1,-1,-1,-1,0.34,0.33,0.29,0.4,0.37,0.34,0.32,0.35,0.36,0.37,0.46,0.34,0.48,0.34,0.36,0.26,0.38
0,0,0,0,0,0,0,0,0,0,0,0,0,0,-1,-1,-1,-1,-1,-1,-1,0,0,0,0,0,0,0.2,0.16,0.17,-1,-1,0.18,0.24,0.21,0.27,0.21,0.19,0.26,-1,0.23,0.23,0.22,0.32,0.3,0.24,0.39,0.36,0.43,0.35,0.4,-1,-1,-1,0.42,0.41,0.51,0.53,0.48,0.51,0.61,0.58,0.58,0.7,0.73,0.78,0.66,0.51,0.57,0.57,0.67,0.58,0.67,0.57,0.59,0.61,0.54,0.5,0.56,0.48,0.46,0.41,0.47,0.43,0.4,0.34,0.36,0.36,0.34,0.32,0.3,-1,-1,-1,-1,-1,-1,-1,-1,0.22,0.19,-1,-1,-1,-1,-1,-1,-1,0.25,0.29,0.27,0.3,0.26,0.32,0.29,0.23,0.36,0.36,-1,-1,-1,-1,-1,-1,-1,-1,-1,-1,-1,-1,-1,-1,-1,0.76,0.8,-1,-1,-1,-1,-1,-1,-1,-1,-1,-1,-1,-1,-1,-1,-1,0.46,0.55,0.58,0.43,0.52,0.35,0.38,-1,-1,-1,0.33,0.38,0.37,0.38,0.36,0.37,0.35,0.27,0.31,-1,-1,0.3,0.34,0.3,0.35,0.35,0.34,0.39,0.36,-1,-1,0.38,0.35,0.28,0.33,0.31,0.41,0.43,0.39,0.5,0.43,0.43,0.48,0.49,0.49,0.48,0.32,0.4,0.31,0.38
0,0,0,0,-1,-1,-1,-1,0,0,0,0,0,0,0,0,0,0,0,-1,-1,0,0,0,0,0,0,0,0.21,0.12,0.2,0.14,0.19,0.19,0.2,0.16,-1,-1,-1,0.3,0.33,0.2,0.33,0.26,0.26,0.36,0.38,0.31,0.31,0.35,-1,-1,-1,-1,0.34,0.47,0.44,0.37,0.53,0.48,0.5,0.52,0.6,0.53,0.67,0.62,0.59,0.53,0.56,0.58,0.6,0.58,0.67,-1,-1,-1,-1,-1,-1,0.38,0.4,0.44,0.43,0.41,0.3,0.28,0.38,0.35,0.32,0.3,0.31,-1,-1,-1,-1,-1,-1,-1,-1,0.25,0.32,-1,-1,-1,-1,-1,-1,-1,0.31,0.26,0.18,0.31,0.24,0.26,0.31,0.33,0.4,0.3,-1,-1,-1,-1,-1,-1,-1,-1,-1,-1,-1,-1,-1,-1,-1,0.69,0.7,-1,-1,-1,-1,-1,-1,-1,-1,-1,-1,-1,-1,-1,-1,-1,0.54,0.47,0.38,0.54,0.45,0.5,0.41,-1,-1,-1,-1,-1,-1,-1,-1,-1,-1,-1,0.34,-1,-1,0.41,0.41,0.42,0.25,0.33,0.39,0.4,0.4,0.45,0.36,0.31,0.47,0.42,0.34,0.38,0.41,0.45,0.34,0.34,0.47,0.41,0.31,0.45,0.56,0.44,0.43,0.35,0.37,0.39
0,0,0,0,-1,-1,-1,-1,-1,-1,-1,0,0,0,0,0,0,0,0,0,-1,0,0,0,-1,-1,-1,-1,0.18,0.18,0.17,0.17,0.21,0.2,0.18,0.2,0.18,-1,-1,-1,0.27,0.16,0.14,0.27,0.25,0.27,0.35,0.32,0.34,0.34,-1,-1,-1,0.36,0.35,0.37,0.38,0.43,0.37,0.46,0.52,0.57,0.57,0.59,0.57,0.61,0.53,0.58,0.48,0.6,0.55,-1,-1,-1,-1,-1,-1,-1,-1,0.43,0.39,0.4,0.37,0.4,0.5,0.32,0.29,-1,-1,0.32,0.3,-1,-1,-1,-1,-1,-1,-1,-1,0.32,-1,-1,-1,-1,-1,-1,-1,-1,0.28,0.26,0.29,0.35,0.2,0.26,0.23,0.37,0.38,0.38,0.41,0.38,0.44,0.4,0.35,0.31,0.55,0.38,0.53,0.53,0.52,0.58,0.57,0.54,0.59,0.62,0.67,0.7,0.71,0.72,0.76,0.77,0.67,0.64,0.67,0.61,0.63,0.62,0.539999999999999,0.53,0.54,0.56,0.45,0.46,0.51,0.41,0.35,0.49,0.4,0.39,0.44,0.42,0.44,0.4,0.43,0.4,0.36,0.38,0.34,0.38,0.42,0.39,0.34,0.36,0.29,0.4,0.36,0.42,-1,0.41,0.33,0.4,0.3,0.41,0.39,-1,-1,-1,-1,-1,-1,-1,-1,-1,-1,0.38,0.46,0.44,0.44,0.36,0.48,0.41
0,0,0,0,0,0,0,0,-1,-1,0,0,0,0,-1,0,0,0,0,0,0,0,0,0,-1,-1,-1,-1,-1,-1,-1,-1,0.13,0.19,0.15,0.16,0.15,0.21,0.19,0.21,0.22,0.29,0.23,0.27,0.28,0.3,0.24,0.27,0.31,0.27,-1,-1,-1,0.28,0.41,0.41,0.4,0.4,0.38,0.37,0.42,0.44,0.54,0.48,0.43,0.51,0.56,0.58,0.62,0.56,-1,-1,-1,-1,-1,-1,-1,-1,-1,-1,-1,0.49,-1,0.33,0.37,0.35,0.4,-1,-1,0.32,0.28,0.36,0.26,0.31,0.18,0.23,0.27,0.23,0.25,0.27,-1,-1,-1,-1,-1,-1,-1,-1,0.27,0.19,0.23,0.25,0.34,0.33,0.38,0.32,0.34,0.38,0.33,0.41,0.43,0.45,0.38,0.42,0.47,0.44,0.39,0.51,0.56,0.57,0.61,0.65,0.56,0.6,0.59,0.6,0.56,0.67,0.56,0.63,0.67,0.68,0.63,0.57,0.48,0.53,0.51,0.64,0.52,0.56,0.49,0.4,0.45,0.49,0.35,0.47,0.39,0.39,0.43,0.33,0.36,0.4,0.45,0.39,0.41,0.34,0.33,0.4,0.38,0.41,0.34,0.33,0.37,0.41,0.4,0.35,-1,0.4,0.33,0.41,0.27,0.45,0.36,-1,-1,-1,-1,-1,-1,-1,-1,-1,0.42,0.49,0.53,0.5,0.54,0.48,0.52,0.48
-1,0,0,0,0,0,0,0,0,0,0,0,0,0,-1,-1,-1,-1,-1,0,0,0,0,0,-1,-1,0,-1,-1,-1,-1,0.14,0.13,0.24,0.19,-1,-1,-1,0.16,0.29,0.25,0.23,0.21,0.23,0.28,0.26,0.25,0.29,0.25,0.29,-1,-1,0.33,0.34,0.33,0.35,0.29,0.37,0.27,0.33,0.5,0.38,0.41,0.49,0.48,0.4,0.6,0.47,0.46,0.35,-1,-1,-1,-1,-1,-1,-1,-1,-1,-1,-1,0.34,-1,0.35,0.37,0.32,0.36,-1,-1,0.3,0.32,0.28,0.28,0.26,0.18,0.23,0.35,0.24,0.22,0.26,-1,-1,-1,-1,-1,-1,-1,-1,0.18,0.25,0.21,0.24,0.21,0.22,0.37,0.24,0.34,0.39,0.3,0.34,0.45,0.33,0.39,0.41,0.37,0.53,0.43,0.46,0.46,0.37,0.53,0.5,0.56,0.49,0.54,0.62,0.69,0.57,0.63,0.58,0.64,0.65,0.57,0.56,0.6,0.57,0.54,0.53,0.53,0.5,-1,-1,0.45,0.47,0.45,0.509999999999999,0.44,0.43,0.4,0.34,0.34,0.33,0.37,0.33,0.34,0.36,0.39,0.3,0.25,0.37,0.36,0.38,0.33,0.39,0.44,0.42,-1,0.41,0.36,0.3,0.33,0.48,0.44,0.39,0.48,0.41,0.59,0.48,0.509999999999999,0.39,0.48,0.48,0.58,0.48,0.45,0.53,0.44,0.53,0.56,0.37
-1,0,0,0,-1,-1,-1,-1,-1,0,0,0,0,0,0,0,0,0,0,0,0,0,0,0,0,0,0,-1,0,0,0.21,0.18,0.16,0.15,0.12,0.15,0.26,-1,0.19,0.19,0.18,0.23,0.19,0.23,0.31,0.35,0.18,0.2,0.25,0.22,0.33,0.33,0.2,0.22,0.24,0.25,0.31,0.35,0.37,0.3,0.43,0.34,0.45,0.42,0.49,0.51,0.5,0.47,0.46,-1,-1,-1,-1,-1,-1,-1,-1,-1,-1,-1,-1,0.37,0.39,0.35,0.36,0.4,0.34,-1,-1,0.3,0.26,0.25,0.23,0.31,-1,-1,-1,-1,-1,-1,-1,-1,-1,-1,-1,-1,-1,-1,0.18,0.13,0.2,0.25,0.38,0.34,0.31,0.25,0.36,0.29,0.37,0.35,0.42,0.33,0.36,0.35,0.53,0.49,0.33,0.48,0.43,0.53,0.46,0.5,0.53,0.55,0.54,0.54,0.48,0.57,0.54,0.55,0.52,0.6,0.5,0.54,0.46,0.52,0.56,0.5,0.52,0.55,-1,-1,0.42,0.48,0.42,0.39,0.4,0.46,0.48,0.31,0.32,0.36,0.36,0.32,0.37,0.32,0.34,0.36,0.33,0.41,0.3,0.28,0.37,0.36,0.37,0.44,-1,0.34,0.44,0.34,-1,-1,0.49,-1,-1,-1,-1,-1,-1,0.51,0.53,0.47,0.51,0.55,0.59,0.53,0.53,0.51,0.53,0.5
0,0,0,0,0,-1,-1,-1,-1,-1,-1,0,0,0,0,0,0,0,0,0,0,0,0,0,0,0,0,0,0,0,0.11,0.12,0.15,0.23,-1,-1,-1,-1,-1,0.22,0.28,0.23,0.27,0.22,0.22,0.28,0.29,0.25,0.21,0.18,0.23,0.33,0.12,0.28,0.33,0.28,0.31,0.35,0.34,0.41,0.32,0.31,0.38,0.46,0.45,0.49,0.46,0.39,0.41,-1,-1,-1,-1,-1,-1,-1,-1,-1,-1,-1,-1,0.31,0.35,0.31,0.3,0.31,0.33,-1,-1,0.33,0.3,0.24,0.28,0.18,-1,-1,-1,-1,-1,-1,-1,-1,-1,-1,-1,-1,-1,-1,0.31,0.3,0.21,0.24,0.31,0.27,0.31,0.34,0.37,0.32,-1,-1,-1,-1,-1,-1,-1,-1,-1,-1,0.55,0.43,0.4,0.44,0.57,0.51,0.43,0.47,0.42,0.53,0.56,0.49,0.6,0.51,0.45,0.44,0.44,0.4,0.45,0.5,0.4,0.42,-1,-1,0.39,0.35,0.49,0.46,0.43,0.45,0.36,0.38,0.33,0.37,0.49,0.35,0.38,0.46,0.39,0.49,0.37,0.4,0.44,0.42,0.43,-1,-1,0.43,-1,0.48,0.37,0.39,0.43,0.41,0.4,0.49,-1,-1,-1,-1,-1,-1,-1,-1,-1,-1,0.59,0.61,0.58,0.56,0.59,0.59
0,0,-1,-1,-1,-1,0,0,0,0,0,0,0,-1,-1,-1,-1,0,0,0,0,0,-1,-1,-1,-1,0,0,0,0,0,0.11,0.16,0.08,0.16,0.15,-1,-1,-1,0.12,0.24,0.18,0.25,0.24,0.22,0.27,0.2,0.21,0.22,-1,-1,-1,0.18,0.36,0.21,0.31,0.25,0.32,0.3,0.34,0.35,0.39,0.33,0.27,0.38,0.4,0.37,0.4,-1,-1,-1,-1,-1,-1,-1,-1,-1,-1,-1,-1,0.36,0.28,0.36,0.35,0.24,0.35,0.27,0.34,0.37,0.28,0.31,-1,-1,-1,-1,-1,-1,-1,-1,-1,-1,-1,-1,-1,-1,-1,-1,-1,0.23,0.31,0.27,0.12,0.2,0.27,0.36,0.28,0.35,0.35,-1,-1,-1,-1,-1,-1,-1,-1,-1,-1,-1,-1,-1,-1,-1,-1,-1,0.48,0.38,0.46,0.48,-1,-1,-1,-1,-1,-1,-1,-1,0.43,0.4,0.42,0.4,0.38,0.51,0.44,0.29,0.42,-1,-1,-1,-1,-1,-1,-1,-1,-1,-1,-1,-1,-1,-1,-1,-1,0.55,-1,-1,0.45,-1,0.5,0.41,0.37,0.46,0.49,0.52,0.58,-1,-1,-1,-1,-1,-1,-1,-1,0.54,0.7,0.68,0.59,0.68,0.68,0.62,0.63
0,0,-1,-1,-1,-1,-1,-1,-1,0,0,0,-1,-1,-1,-1,0,0,0,0,0,0,-1,-1,-1,-1,-1,-1,-1,-1,0,0.2,0.14,0.11,-1,-1,-1,0.17,0.14,0.22,0.13,0.2,0.18,0.2,0.2,0.29,0.24,0.21,-1,-1,-1,-1,0.19,0.3,0.22,0.24,0.22,0.24,0.37,0.32,0.36,0.3,0.23,0.3,0.38,0.4,0.3,0.34,-1,-1,-1,-1,-1,-1,-1,-1,-1,-1,-1,-1,0.37,0.32,0.34,0.29,0.32,0.32,0.3,0.24,0.31,0.32,0.24,-1,-1,-1,-1,-1,-1,-1,-1,-1,-1,-1,-1,-1,-1,-1,-1,-1,0.15,0.18,0.15,0.22,0.13,0.28,0.31,0.31,0.4,0.38,-1,-1,-1,-1,-1,-1,-1,-1,-1,-1,-1,-1,-1,-1,-1,-1,-1,0.54,0.45,0.5,0.48,-1,-1,-1,-1,-1,-1,-1,-1,0.36,0.41,0.44,0.33,0.39,0.5,0.4,0.4,0.46,-1,-1,-1,-1,-1,-1,-1,-1,-1,-1,-1,-1,-1,-1,-1,-1,0.44,-1,-1,0.45,-1,0.48,0.38,0.37,0.42,0.5,0.5,0.48,0.53,0.48,0.65,0.56,0.57,0.61,0.54,0.64,0.66,0.57,0.63,0.68,0.69,0.63,0.65,0.64
0,0,0,0,0,0,0,-1,-1,0,0,0,-1,-1,-1,-1,-1,-1,0,0,0,0,0,0,0,0,0,-1,-1,0,0,0,0.23,0.13,0.14,-1,-1,-1,-1,0.1,0.22,0.14,0.15,0.2,0.25,0.14,0.21,0.23,-1,-1,-1,-1,0.2,0.27,0.25,0.3,0.31,0.24,0.25,0.28,0.32,0.29,0.28,0.21,0.33,0.38,0.31,0.41,-1,-1,-1,-1,-1,-1,-1,-1,-1,-1,-1,-1,-1,-1,-1,-1,0.26,0.17,0.19,0.18,0.29,0.24,0.31,0.23,0.31,0.29,0.24,-1,-1,-1,-1,-1,-1,0.34,-1,-1,-1,-1,-1,-1,0.14,0.13,0.25,0.23,0.25,0.19,0.22,0.4,0.36,0.3,-1,-1,-1,0.39,0.25,0.33,0.34,0.36,0.37,0.39,0.45,0.48,0.45,0.44,0.34,0.47,-1,0.49,0.42,0.47,0.36,0.49,0.37,0.45,0.42,0.43,0.45,0.34,0.35,-1,-1,0.35,0.22,0.37,0.35,0.45,0.45,0.39,-1,-1,-1,-1,-1,-1,-1,-1,-1,-1,-1,-1,-1,-1,-1,-1,0.3,0.45,0.42,0.38,-1,0.4,0.35,0.47,0.42,0.42,0.44,0.54,0.58,0.6,0.6,0.51,0.66,0.62,0.68,0.61,0.57,0.58,0.69,0.74,0.69,0.7,0.68,0.67
0,0,0,0,0,0,0,0,0,0,0,0,0,0,0,0,0,0,0,0,0,0,0,0,0,0,0,0,-1,0,0,0,0,-1,-1,-1,-1,0.14,0.18,0.18,0.23,0.21,0.16,0.21,0.19,0.15,0.19,0.22,-1,-1,-1,0.23,0.22,0.26,0.21,0.24,0.24,0.28,0.25,0.26,0.27,0.29,0.24,0.2,0.35,0.4,0.38,0.29,-1,-1,-1,-1,-1,-1,-1,-1,-1,-1,-1,-1,-1,-1,-1,-1,0.31,0.24,0.26,0.36,0.28,0.36,0.27,-1,-1,-1,-1,-1,-1,-1,-1,-1,-1,-1,-1,-1,-1,-1,-1,-1,0.17,0.25,0.23,0.25,0.27,0.27,0.2,0.28,0.39,0.42,-1,-1,-1,0.27,0.28,0.35,0.23,0.29,0.41,0.47,0.37,0.42,0.42,0.44,0.31,0.53,-1,0.48,0.46,0.34,0.51,0.52,0.48,0.47,0.43,0.47,0.44,0.33,0.43,-1,-1,0.43,0.37,0.28,0.41,0.29,0.44,0.44,-1,-1,-1,-1,-1,-1,-1,-1,-1,-1,-1,-1,-1,-1,-1,-1,0.38,0.4,0.37,0.45,-1,0.4,0.39,0.47,0.49,0.53,0.57,0.42,0.55,-1,-1,0.57,0.6,0.63,0.7,0.63,0.66,0.74,0.76,0.81,0.73,0.81,0.8,0.73
0,0,0,0,0,0,0,0,0,0,0,0,0,0,0,0,0,0,0,0,0,-1,-1,-1,0,0,0,0,0,0,0,0,0,-1,-1,-1,-1,-1,0.19,0.13,0.12,0.2,0.12,0.12,0.18,0.18,0.19,0.22,-1,-1,-1,0.31,0.2,0.23,0.21,0.26,0.18,0.19,0.2,0.22,0.2,0.31,0.26,0.17,0.34,0.39,0.45,0.39,-1,-1,-1,-1,-1,-1,-1,-1,-1,-1,-1,-1,-1,-1,-1,-1,0.28,0.26,0.19,0.29,0.32,0.25,0.25,-1,-1,-1,-1,-1,-1,-1,-1,-1,-1,-1,-1,-1,-1,-1,-1,0.33,0.28,0.18,0.22,0.25,0.25,0.23,0.38,0.16,0.24,0.38,-1,-1,-1,0.36,0.32,0.3,0.38,0.3,0.37,0.42,0.35,-1,-1,0.34,0.46,0.36,-1,0.44,0.4,0.39,0.48,0.47,-1,-1,-1,-1,-1,-1,0.4,-1,-1,0.52,0.3,0.31,0.39,0.32,0.43,0.41,-1,-1,-1,-1,-1,-1,-1,-1,-1,-1,-1,-1,-1,-1,-1,-1,0.37,0.37,0.39,0.47,-1,0.47,0.49,0.4,-1,-1,0.52,0.56,-1,-1,0.69,0.72,0.72,0.72,-1,-1,0.61,0.75,0.82,0.81,0.8,0.77,0.73,0.76
0,-1,-1,-1,-1,-1,-1,-1,0,0,-1,-1,-1,-1,-1,-1,0,0,0,0,0,-1,0,-1,-1,-1,0,-1,0,0,0,0,0,0,0.09,0.16,0.18,-1,0.21,0.18,0.21,0.15,0.13,0.17,0.16,0.12,0.18,-1,-1,-1,-1,0.29,0.17,0.16,0.25,0.18,0.25,0.13,0.24,0.32,0.22,0.28,0.33,0.29,0.39,0.43,0.24,0.3,0.37,0.3,0.35,0.33,-1,-1,-1,-1,-1,-1,-1,-1,-1,-1,-1,-1,0.23,0.23,0.21,0.37,0.37,0.29,0.27,-1,-1,-1,-1,0.34,0.29,0.21,0.24,0.26,0.26,0.37,-1,-1,-1,-1,-1,0.3,0.26,0.25,0.24,0.24,0.2,0.25,0.2,0.39,0.2,0.37,0.33,0.38,0.28,0.3,0.27,0.33,0.39,0.31,0.45,0.4,0.51,-1,-1,0.38,0.47,0.36,0.48,0.4,0.35,0.38,0.4,0.47,-1,-1,-1,-1,-1,-1,0.39,-1,-1,0.42,0.39,0.43,0.35,0.34,0.41,0.34,-1,-1,-1,-1,-1,-1,-1,-1,-1,-1,-1,-1,-1,-1,-1,-1,-1,-1,0.35,0.48,-1,0.59,0.43,0.5,0.42,0.49,0.59,-1,-1,-1,-1,0.71,0.69,0.72,-1,-1,0.71,0.8,0.84,0.79,0.89,0.83,0.8,0.77
0,0,0,0,0,0,-1,-1,0,0,0,0,-1,-1,-1,-1,-1,0,0,0,-1,-1,-1,-1,-1,-1,-1,-1,-1,0,0,0,-1,-1,0,0.15,0.2,0.11,0.08,0.06,0.11,0.14,0.18,0.11,0.2,0.16,0.31,-1,-1,-1,0.3,0.24,0.13,0.17,0.19,0.31,0.28,0.19,0.18,0.19,0.2,0.19,0.21,0.23,0.31,0.38,0.42,0.41,0.27,0.28,0.31,0.41,0.29,0.28,-1,-1,-1,-1,-1,-1,-1,-1,-1,-1,0.28,0.19,0.34,0.26,0.31,0.32,0.3,-1,-1,-1,-1,-1,-1,-1,-1,-1,0.23,0.36,-1,-1,-1,-1,-1,0.27,0.31,0.28,0.14,0.22,0.24,0.23,0.3,0.26,0.26,0.31,0.23,0.31,0.3,0.27,0.24,0.35,0.3,0.42,0.42,0.38,0.42,0.36,0.39,0.48,0.49,0.45,0.51,0.47,0.45,0.49,0.46,0.49,-1,-1,-1,-1,-1,-1,0.37,-1,-1,0.31,0.41,0.38,0.39,0.36,0.37,0.31,0.39,0.38,0.2,0.39,0.32,0.47,0.36,0.41,0.35,0.43,0.39,-1,-1,-1,-1,-1,0.4,0.42,0.41,0.44,-1,0.51,0.53,0.58,0.58,0.63,0.62,0.67,0.67,-1,0.85,0.86,0.74,0.79,-1,-1,0.81,0.87,0.87,0.81,0.88,0.84,0.87,0.79
0,0,0,0,0,0,0,0,0,0,0,0,0,0,0,0,0,0,0,0,0,0,0,-1,-1,-1,-1,-1,0,0,0,0,-1,-1,-1,-1,-1,-1,0.14,0.12,0.09,0.09,0.09,0.14,0.19,0.26,0.29,0.17,-1,-1,0.17,0.2,0.18,0.27,0.29,0.27,0.24,0.26,0.28,0.24,0.25,0.22,0.23,0.25,0.34,0.31,0.31,0.26,0.31,0.27,0.35,0.39,0.37,-1,-1,-1,-1,-1,-1,-1,-1,-1,-1,-1,0.32,0.27,0.29,0.25,0.29,0.27,0.3,-1,-1,-1,-1,-1,-1,-1,-1,-1,0.27,0.23,-1,-1,-1,-1,-1,0.25,0.21,0.18,0.29,0.22,0.27,0.27,0.2,0.33,0.37,0.3,0.29,0.31,0.3,0.39,0.36,0.42,0.34,0.43,0.38,0.44,0.52,0.38,0.51,0.44,0.48,0.48,0.39,-1,-1,0.42,0.38,0.52,0.5,0.48,0.43,0.45,0.48,0.38,0.42,0.42,0.39,0.42,0.46,0.38,0.5,0.31,0.3,0.38,0.33,0.38,0.31,-1,-1,-1,-1,-1,-1,-1,-1,-1,-1,-1,-1,-1,0.43,0.46,0.41,0.45,-1,0.46,0.51,0.57,0.48,-1,0.63,0.72,0.69,0.65,0.63,0.9,0.76,0.76,-1,-1,0.78,0.96,0.86,0.87,0.89,0.88,0.83,0.84
0,-1,-1,-1,0,0,0,0,0,0,0,0,-1,0,0,0,0,0,0,0,0,0,0,0,0,0,-1,-1,0,0,0,-1,0,0,0,-1,-1,0.1,0.14,0.19,0.18,0.1,0.19,0.1,0.17,0.31,0.17,0.2,0.26,0.21,0.26,0.16,0.16,0.17,0.2,0.22,0.24,0.24,0.33,0.4,0.25,0.39,0.34,0.26,0.37,0.29,0.38,0.36,0.43,0.36,0.4,0.39,0.34,0.38,0.27,0.35,-1,-1,-1,-1,-1,-1,-1,-1,0.28,0.22,0.32,0.36,0.22,0.26,0.29,-1,-1,-1,-1,-1,-1,-1,-1,-1,0.24,0.17,-1,-1,-1,-1,-1,0.32,0.21,0.19,0.22,0.22,0.31,0.19,0.29,0.33,0.28,0.32,0.32,0.38,0.37,0.38,0.34,0.38,0.36,0.57,0.48,0.43,0.41,0.49,0.47,0.47,0.54,0.57,0.47,-1,-1,0.48,0.56,0.59,0.42,0.42,0.52,-1,-1,-1,-1,-1,-1,0.37,0.44,0.49,0.37,0.35,0.28,0.28,0.36,-1,-1,-1,-1,-1,-1,-1,-1,-1,-1,-1,-1,-1,-1,-1,-1,-1,0.37,0.42,-1,0.6,0.56,0.56,0.649999999999999,-1,0.7,0.73,0.68,0.65,-1,0.88,0.93,0.81,-1,-1,0.86,0.96,0.95,0.91,0.92,0.93,0.89,0.9
0,-1,-1,-1,-1,-1,-1,-1,0,0,0,0,0,-1,-1,0,0,0,0,-1,-1,-1,-1,0,0,0,0,0,0,0,0,-1,-1,-1,-1,-1,-1,0,0.15,0.13,0.13,0.07,0.09,0.08,0.17,0.22,0.21,0.26,0.26,0.19,0.23,0.22,0.17,0.35,0.3,0.28,0.33,0.3,0.29,0.29,0.3,0.34,0.32,0.33,0.33,0.35,0.48,0.46,0.34,0.39,0.4,0.37,0.43,0.34,0.46,0.4,0.33,0.33,0.28,0.29,0.34,0.33,0.38,0.42,0.36,0.33,0.39,0.28,0.31,0.23,0.31,-1,-1,-1,-1,-1,-1,-1,-1,-1,0.19,0.29,-1,-1,-1,-1,-1,0.26,0.27,0.25,0.27,0.25,0.19,0.23,0.3,0.29,0.27,0.32,0.37,0.29,0.41,0.4,0.37,0.41,0.5,0.5,0.5,0.6,0.53,0.48,0.46,0.52,0.49,0.49,0.56,-1,-1,-1,-1,-1,-1,-1,0.49,-1,-1,-1,-1,-1,-1,0.39,0.31,0.48,0.38,0.33,0.32,0.24,0.34,-1,-1,-1,-1,-1,-1,-1,-1,-1,-1,-1,-1,-1,-1,-1,-1,-1,0.44,0.38,-1,0.62,0.56,0.49,0.59,-1,0.73,0.69,0.71,-1,0.84,0.93,0.97,0.89,-1,-1,0.87,0.96,0.95,0.94,0.93,0.91,0.88,0.94
-1,-1,-1,-1,0,0,0,-1,0,0,0,0,0,-1,-1,-1,-1,0,0,-1,-1,-1,-1,-1,-1,-1,0,0,0,0,0,-1,-1,0,0,-1,0,0,0,0.14,0.08,0.11,0.18,0.16,0.23,0.22,0.22,0.19,0.19,0.21,0.22,0.27,0.3,0.23,0.28,0.3,0.3,0.27,0.23,0.31,0.29,0.34,0.34,0.31,0.28,0.39,0.36,0.31,0.34,0.32,0.38,0.4,0.44,0.42,0.37,0.36,0.44,0.38,0.38,0.31,0.35,0.43,0.34,0.34,0.4,0.31,0.38,0.3,0.39,0.35,0.32,0.33,0.28,0.24,0.3,0.31,0.34,0.29,0.26,0.26,0.27,0.25,-1,-1,-1,-1,-1,0.26,0.26,0.19,0.22,0.25,0.35,0.2,0.32,0.29,0.31,0.3,0.36,0.39,0.32,0.48,0.44,0.57,0.46,0.44,0.51,0.54,0.56,0.55,0.65,0.65,0.66,0.62,0.59,0.6,-1,-1,-1,-1,-1,-1,0.5,-1,-1,-1,-1,-1,-1,0.41,0.47,0.26,0.31,0.24,0.33,0.26,0.35,-1,-1,-1,-1,-1,-1,-1,-1,-1,-1,-1,-1,-1,-1,-1,-1,-1,0.48,0.48,0.39,0.44,0.58,0.61,0.62,-1,-1,-1,-1,-1,-1,0.95,0.99,0.87,-1,-1,0.92,0.99,0.97,0.97,0.98,0.94,0.88,0.91
-1,-1,-1,-1,-1,-1,-1,-1,-1,-1,0,0,0,0,0,0,0,0,0,0,0,0,0,-1,-1,-1,-1,0,0,0,0,-1,-1,-1,-1,-1,0,0,0,0,0,0.14,0.09,0.19,0.19,0.16,0.19,0.24,0.27,0.28,0.22,0.23,0.25,0.27,0.3,0.29,0.3,0.37,0.26,0.38,0.23,0.32,0.39,0.37,0.41,0.41,0.31,0.32,0.37,0.4,0.36,0.39,0.33,0.31,0.39,0.42,0.38,0.48,0.32,0.39,0.31,0.4,0.41,0.35,0.42,0.39,0.35,0.29,0.28,0.41,0.36,0.32,0.31,0.3,0.26,0.27,0.3,0.28,-1,-1,-1,-1,-1,-1,-1,-1,-1,0.23,0.25,0.26,0.29,0.24,0.27,0.25,0.27,0.28,0.38,0.32,0.42,0.36,0.49,0.4,0.46,0.46,0.48,0.54,0.56,0.61,0.62,0.67,0.65,0.75,0.68,0.63,0.73,0.62,-1,-1,-1,-1,-1,-1,0.52,0.44,0.47,0.57,0.41,0.52,0.43,0.4,0.34,0.33,0.29,0.36,0.36,0.25,0.34,0.35,0.36,0.29,0.32,0.32,0.4,0.44,0.36,0.45,0.4,0.46,0.45,0.43,0.44,0.35,0.45,0.41,0.43,0.44,0.65,0.51,0.55,0.53,0.64,0.76,-1,-1,-1,0.81,0.88,1,0.97,1,0.98,0.96,0.94,1,0.96,0.99,0.96,0.98,0.96,0.91
-1,-1,-1,-1,-1,-1,-1,-1,-1,-1,-1,-1,-1,-1,-1,0,0,0,-1,0,0,0,0,0,0,0,0,0,0,0,0,-1,-1,-1,-1,-1,0,0,0,0,0,0,0.16,0.17,0.23,0.19,0.24,0.27,0.2,0.28,0.27,0.23,0.31,0.24,0.23,0.31,0.27,0.35,0.27,0.36,0.39,0.35,0.27,0.32,0.31,0.35,0.36,0.42,0.34,0.43,0.32,0.28,0.43,0.33,0.51,0.4,0.43,0.44,0.54,0.43,0.33,0.37,0.41,0.37,0.38,0.34,0.53,0.34,0.35,0.41,0.33,0.39,0.34,0.3,0.37,0.26,0.23,0.29,0.22,0.25,0.33,0.31,0.21,0.24,0.21,0.19,0.3,0.25,0.22,0.23,0.27,0.31,0.29,0.34,0.29,0.26,0.39,0.4,0.45,0.43,0.52,0.56,0.49,0.55,0.54,0.54,0.69,0.74,0.78,0.77,0.79,0.77,0.83,0.76,0.77,0.66,0.61,0.57,0.59,0.5,0.54,0.44,0.53,0.45,0.43,0.45,0.48,0.48,0.47,0.31,0.39,0.32,0.32,0.41,0.43,0.48,0.42,0.28,0.44,0.35,0.32,0.3,0.29,0.35,0.28,0.32,0.31,0.31,0.32,0.34,0.32,0.26,0.35,0.32,0.42,0.45,0.54,0.62,0.62,0.74,0.7,0.8,0.76,0.79,0.82,0.87,0.96,0.99,0.98,1,1,1,1,1,1,0.99,0.99,0.96,0.98,0.96
-1,-1,-1,-1,0,0,-1,-1,-1,-1,-1,-1,-1,-1,0,0,0,0,-1,-1,-1,-1,-1,0,0,0,0,0,0,0,-1,-1,-1,-1,0,0,0,0,0,0,0.12,0.14,0.14,0.29,0.35,0.29,0.3,0.2,0.25,0.26,0.34,0.28,0.26,0.2,0.33,0.32,0.37,0.29,0.36,0.31,0.33,0.29,0.37,0.36,0.36,0.38,0.41,0.44,0.3,0.44,0.35,0.38,0.37,0.51,0.45,0.33,0.39,0.43,0.42,0.34,0.36,0.47,0.46,0.43,0.43,0.46,0.29,0.44,0.39,0.29,0.46,0.35,0.32,0.28,0.31,0.37,0.25,0.33,0.28,0.28,0.23,0.23,0.25,0.21,0.19,0.18,0.17,0.29,0.29,0.22,0.29,0.24,0.26,0.26,0.31,0.34,0.35,0.4,0.28,0.48,0.4,0.54,0.48,0.56,0.61,0.62,0.66,0.69,0.77,0.73,0.82,0.89,0.83,0.86,0.86,0.83,0.76,0.78,0.73,0.72,0.72,0.57,0.51,0.53,0.57,0.47,0.38,0.42,0.42,0.51,0.48,0.39,0.3,0.4,0.37,0.41,0.3,0.38,0.31,0.31,0.32,0.39,0.36,0.28,0.31,0.27,0.32,0.31,0.36,0.3,0.39,0.28,0.39,0.44,0.45,0.45,0.47,0.63,0.669999999999999,0.7,0.72,0.85,0.87,0.91,0.92,0.97,0.99,0.98,1,1,1,1,1,1,0.98,0.98,0.99,0.95,0.94,0.87
-1,-1,-1,-1,-1,-1,-1,-1,0,0,0,0,-1,-1,0,-1,0,0,0,0,0,0,-1,-1,-1,0,0,0,0,0,-1,-1,-1,-1,0.02,0.05,0.1,0.14,0.14,0.07,0.1,0.17,0.21,0.34,0.27,-1,-1,-1,0.31,0.29,0.2,0.28,0.27,0.25,0.32,0.25,0.37,0.28,0.32,0.34,0.26,0.4,-1,-1,-1,-1,-1,-1,-1,-1,-1,0.45,0.35,0.42,0.4,0.34,0.44,0.42,0.48,0.34,0.49,0.46,0.53,0.48,0.46,0.4,0.47,0.36,0.36,0.44,0.38,0.38,0.36,0.44,0.27,0.32,0.29,0.3,0.3,0.27,0.23,0.28,0.18,0.15,0.27,0.24,0.25,0.26,0.19,0.22,0.34,0.28,0.32,0.33,0.3,0.43,0.39,0.37,0.37,0.43,0.46,0.57,0.5,0.55,0.63,0.72,0.69,0.68,0.77,0.87,0.88,0.87,0.86,0.88,0.889999999999999,0.91,0.83,0.76,0.78,0.71,0.63,0.55,0.63,0.5,0.52,0.53,0.58,0.51,0.5,0.4,0.32,0.4,0.41,0.44,0.37,0.45,0.41,0.35,0.36,0.28,0.29,0.29,0.26,0.4,0.31,0.4,0.31,0.36,0.29,0.29,0.21,0.28,0.36,0.44,0.42,0.49,0.61,0.5,0.6,0.72,0.68,0.79,0.86,0.91,0.95,0.98,0.96,0.98,1,1,1,1,1,1,1,0.99,0.99,0.95,0.96,0.97
-1,-1,-1,-1,-1,-1,-1,-1,0,0,0,0,0,0,0,0,0,0,0,0,0,0,0,0,0,0,0,0,-1,-1,0.08,0.12,0.12,0.15,0.02,0.04,0.12,0.14,0.14,0.1,0.21,0.24,0.3,0.34,-1,-1,-1,0.39,0.26,0.33,0.25,0.26,0.3,0.33,0.28,0.3,0.18,0.28,0.44,0.33,0.27,0.3,0.29,0.32,0.39,0.25,0.38,-1,-1,-1,-1,0.36,0.4,0.45,-1,-1,-1,0.53,0.5,0.36,0.47,0.55,0.45,0.53,0.5,0.46,0.51,0.42,0.42,0.34,0.38,0.34,0.48,0.45,0.39,0.4,0.25,0.28,0.31,0.37,0.29,0.28,0.34,0.31,0.24,0.34,0.24,0.26,0.36,0.33,0.33,0.31,0.4,0.37,0.42,0.54,0.39,0.46,0.44,0.48,0.43,0.54,0.58,0.66,0.7,0.62,0.7,0.73,0.69,0.81,0.86,0.83,0.88,0.91,0.86,0.86,0.77,0.76,0.7,0.77,0.65,0.61,0.6,0.54,0.54,0.55,0.5,0.47,0.47,0.45,0.38,0.47,0.35,0.4,0.4,0.44,0.33,0.41,0.41,0.32,0.4,-1,-1,-1,-1,0.4,0.3,0.22,0.25,0.33,0.31,0.31,0.43,0.43,0.35,0.51,0.57,0.56,0.59,0.74,0.7,0.81,0.85,0.83,0.94,0.97,0.99,0.99,1,0.99,1,1,1,0.99,0.96,0.99,0.97,0.98,0.95,0.9
-1,-1,-1,-1,-1,-1,-1,-1,-1,-1,-1,-1,-1,0,0,0,0,-1,-1,-1,0,0,0,0,0,0,0.11,0.18,0.15,-1,0.06,0.1,0.04,0.06,0.02,0.04,0.08,0.12,0.2,0.28,0.23,0.24,0.32,0.28,0.3,-1,-1,0.32,0.27,0.28,0.25,0.3,0.29,0.3,0.33,0.32,0.34,0.29,0.22,0.33,0.37,0.32,0.27,0.37,0.34,0.3,0.35,0.46,0.34,0.43,0.52,0.48,0.49,-1,-1,-1,-1,-1,-1,0.5,0.52,0.56,0.51,0.5,0.44,0.53,0.5,0.57,0.49,0.45,0.48,0.41,0.36,0.39,0.35,0.31,0.31,0.25,0.34,0.26,0.26,0.25,-1,-1,-1,-1,-1,-1,0.33,0.28,0.26,0.35,0.33,0.36,0.35,0.4,0.4,0.38,-1,-1,-1,-1,-1,-1,-1,-1,-1,-1,-1,-1,-1,-1,-1,-1,-1,-1,-1,-1,-1,-1,0.68,-1,-1,-1,-1,-1,-1,-1,-1,-1,-1,0.47,0.54,0.49,0.39,0.39,0.44,0.47,0.35,0.36,0.38,-1,0.3,0.41,0.33,0.31,0.32,0.35,0.33,-1,-1,-1,0.37,0.42,-1,-1,-1,-1,0.6,0.74,0.67,0.71,0.67,0.76,-1,-1,-1,-1,-1,-1,-1,-1,0.98,0.99,1,0.98,0.98,0.96,0.95,0.92
-1,-1,-1,-1,-1,-1,-1,0,0,-1,-1,-1,-1,-1,-1,0,0,-1,-1,-1,-1,-1,-1,-1,0.2,0.13,0.11,0.11,0.11,-1,-1,-1,0.05,0.03,0.04,0.03,0.17,0.22,0.21,0.12,0.34,0.31,0.36,0.28,0.27,-1,-1,0.26,0.25,0.36,0.27,0.33,0.25,0.36,0.33,0.28,0.3,0.33,0.31,0.32,0.33,0.38,0.38,0.37,0.31,0.32,0.43,0.36,0.47,0.45,0.31,0.39,0.55,-1,-1,-1,-1,-1,-1,0.62,0.52,0.52,0.55,0.51,0.49,0.55,0.55,0.45,0.47,0.4,0.47,0.57,0.43,0.41,0.4,0.35,0.4,0.4,0.26,0.26,0.34,0.28,-1,-1,-1,-1,-1,-1,0.2,0.22,0.32,0.36,0.33,0.33,0.4,0.47,0.45,0.49,-1,-1,-1,-1,-1,-1,-1,-1,-1,-1,-1,-1,-1,-1,-1,-1,-1,-1,-1,-1,-1,-1,0.72,-1,-1,-1,-1,-1,-1,-1,-1,-1,-1,0.45,0.35,0.36,0.43,0.33,0.37,0.34,-1,-1,-1,-1,-1,-1,-1,-1,-1,0.3,0.34,0.36,0.49,0.35,0.35,0.53,-1,-1,-1,-1,0.43,0.67,0.57,0.58,0.75,0.75,-1,-1,-1,-1,-1,-1,-1,-1,0.97,1,0.99,0.97,0.98,0.95,0.94,0.93
-1,-1,-1,-1,-1,-1,-1,0,0,0,0,0,0,0,0,0,0,0,0,0,-1,-1,-1,-1,0.12,0.15,0.14,0.12,-1,-1,-1,-1,0.04,0.05,0.07,0.08,0.26,0.21,0.22,0.21,0.21,0.29,0.3,0.31,-1,-1,-1,0.33,0.24,0.22,0.3,0.26,0.32,0.26,0.36,0.28,0.31,0.28,0.31,0.34,0.34,0.34,-1,-1,-1,-1,-1,-1,-1,-1,-1,-1,-1,-1,-1,0.4,0.59,0.6,0.56,0.52,0.6,0.6,0.6,0.49,0.63,0.57,0.47,0.48,0.52,0.51,0.46,0.31,0.38,0.44,0.43,0.35,-1,-1,-1,-1,0.3,0.38,-1,-1,-1,-1,-1,-1,0.27,0.38,0.25,0.38,0.31,0.46,0.5,0.4,0.42,0.34,0.51,0.52,-1,-1,-1,-1,-1,-1,-1,-1,-1,-1,-1,-1,-1,-1,-1,-1,-1,-1,-1,-1,-1,-1,-1,-1,-1,-1,-1,-1,-1,-1,-1,0.41,0.35,0.48,0.48,0.39,0.43,0.37,-1,-1,-1,-1,-1,-1,-1,-1,-1,0.34,0.38,0.45,0.39,0.45,0.43,0.39,0.46,0.55,0.51,-1,0.46,0.59,0.64,0.68,0.74,0.74,-1,-1,0.79,0.85,0.86,0.93,-1,-1,0.91,0.99,1,0.98,0.96,0.93,0.96,0.85
0,0,0,-1,-1,-1,-1,0,-1,-1,0,0,0,0,0,0,0,-1,0,0,0.13,-1,-1,-1,0.09,0.2,0.17,0.11,0.15,0.14,0.18,0.15,0.05,0,0.03,0.1,0.13,0.21,0.32,0.25,0.24,0.37,0.27,0.21,-1,-1,-1,0.22,0.32,0.2,0.24,0.28,0.36,0.32,0.3,0.29,0.39,0.32,0.34,0.3,0.41,0.44,-1,-1,-1,-1,-1,-1,-1,-1,-1,-1,-1,-1,-1,-1,-1,-1,-1,0.68,0.67,0.61,0.59,-1,-1,-1,-1,-1,-1,-1,0.48,0.46,0.49,-1,-1,-1,-1,-1,-1,-1,0.29,0.41,0.25,0.28,0.22,0.3,0.25,0.26,0.26,0.35,0.29,0.29,0.27,0.36,0.29,0.34,0.46,0.45,0.47,0.53,0.54,0.63,-1,-1,-1,-1,-1,-1,-1,-1,-1,-1,-1,-1,0.91,0.9,0.86,0.74,0.76,0.72,0.64,0.58,0.62,0.54,0.58,0.47,0.44,0.49,0.52,0.45,0.5,0.4,0.44,0.41,0.47,0.41,0.42,-1,-1,-1,-1,-1,-1,-1,-1,-1,-1,-1,0.37,0.45,0.38,0.42,0.53,0.35,0.45,-1,-1,-1,0.57,0.57,0.58,0.63,0.74,0.73,-1,-1,0.79,0.79,0.89,0.89,-1,-1,0.86,0.93,0.97,0.95,0.88,0.96,0.9,0.87
0,0,0,0,0,0,0,-1,-1,-1,-1,-1,-1,-1,0,0,0,0,0.17,0.12,0.15,-1,-1,-1,0.1,0.11,0.25,-1,-1,-1,0.17,0.1,0.1,0.01,0.07,0.13,0.09,0.2,0.2,0.23,0.36,0.3,0.27,0.36,-1,-1,0.33,0.24,0.2,0.39,0.45,0.28,0.42,0.31,0.42,0.37,0.33,0.28,0.41,0.47,0.34,0.29,0.27,0.31,0.42,0.39,0.45,0.36,0.52,0.41,0.44,-1,-1,-1,-1,-1,-1,-1,-1,0.77,0.75,0.75,0.74,-1,-1,-1,-1,-1,-1,-1,0.49,0.54,0.45,-1,0.44,0.34,0.41,-1,-1,0.28,0.31,0.32,0.3,0.27,0.27,-1,-1,0.32,0.29,0.24,0.24,0.29,0.33,0.31,0.5,0.36,0.45,0.41,0.48,0.53,0.5,0.57,-1,-1,-1,-1,-1,-1,-1,-1,-1,-1,-1,-1,0.92,0.84,0.83,0.76,0.7,0.71,0.68,0.62,0.52,0.43,0.53,0.51,0.37,0.38,0.42,0.38,0.35,0.37,0.24,0.31,0.3,0.27,0.38,-1,-1,-1,-1,-1,-1,-1,-1,0.35,0.38,-1,0.36,0.36,0.48,0.38,0.35,0.41,0.43,0.36,0.51,0.54,0.51,0.52,0.59,0.6,0.65,0.66,-1,-1,0.75,0.75,-1,-1,-1,-1,0.85,0.79,0.89,0.89,0.85,0.83,0.83,0.85
0,-1,-1,-1,-1,-1,0,0,0,0,0,0,0,-1,0,0,-1,-1,-1,-1,-1,-1,-1,0.11,0.14,0.13,0.17,-1,-1,-1,-1,0.02,0.01,0.2,0.14,0.18,0.16,0.31,0.23,0.27,0.28,0.23,0.28,0.21,-1,-1,0.39,0.27,0.3,0.21,0.3,0.34,0.3,0.35,0.37,0.38,0.26,0.36,0.38,0.34,0.39,0.35,0.34,0.43,0.37,0.53,0.45,0.43,0.49,0.48,0.46,0.45,0.48,0.58,0.55,0.63,0.68,0.6,0.56,0.77,0.8,0.7,0.66,-1,-1,-1,-1,-1,-1,-1,0.49,0.49,0.51,-1,-1,-1,-1,-1,-1,0.34,0.38,0.41,0.3,0.28,0.29,-1,-1,0.28,0.29,0.33,0.3,0.31,0.33,0.37,0.42,0.46,0.31,0.39,-1,-1,-1,-1,-1,-1,-1,-1,-1,-1,-1,-1,-1,-1,-1,-1,-1,-1,-1,-1,-1,-1,-1,-1,-1,-1,-1,0.58,0.55,0.46,0.35,0.29,0.38,0.27,0.37,0.37,0.4,0.31,0.46,-1,0.29,0.38,0.3,-1,0.34,0.33,0.33,0.4,0.32,-1,0.34,0.36,0.39,0.39,0.44,0.33,0.43,0.35,0.39,0.52,0.51,0.49,0.61,0.6,0.66,0.58,-1,-1,-1,-1,-1,-1,-1,-1,0.77,0.82,0.88,0.88,0.92,0.87,0.88,0.85
-1,-1,-1,-1,0,0,0,0,0,0,0,0,0,0,0,0.16,0.11,0.07,0.16,-1,-1,-1,-1,0.22,0.07,0.18,0.24,0.16,-1,-1,0.22,0.09,0.15,0.19,0.23,0.18,0.17,0.29,0.25,0.26,0.41,0.34,0.29,-1,-1,-1,0.38,0.19,0.35,0.3,0.29,0.29,0.34,0.22,0.27,0.29,0.34,0.47,0.39,0.4,0.39,0.45,0.46,0.41,0.38,0.37,0.4,0.45,0.47,0.55,0.51,0.59,0.62,-1,-1,-1,0.67,-1,-1,0.89,0.84,-1,-1,-1,-1,-1,-1,0.66,0.63,0.63,0.48,0.53,0.43,-1,-1,-1,-1,-1,-1,0.28,0.4,0.47,0.3,0.32,0.31,-1,-1,0.3,0.28,0.33,0.29,0.41,0.33,0.38,0.33,0.38,0.44,0.41,-1,-1,-1,-1,-1,-1,-1,-1,-1,-1,-1,-1,-1,-1,-1,-1,-1,-1,-1,-1,-1,-1,-1,-1,-1,-1,-1,0.47,0.529999999999999,0.41,0.35,0.39,0.44,0.32,0.35,0.23,0.24,0.29,0.37,-1,0.33,-1,-1,-1,-1,-1,-1,-1,-1,-1,0.34,0.38,0.46,0.48,0.46,0.47,0.45,0.41,0.46,0.52,0.58,0.58,0.57,0.54,0.57,0.67,-1,-1,-1,-1,-1,0.74,0.78,0.77,0.8,0.76,0.88,0.82,0.79,0.85,0.83,0.82
-1,-1,-1,-1,-1,-1,0,-1,-1,0,0,0,0,0,0.12,0.14,0.08,0.17,0.2,0.11,0.12,0.19,0.18,0.16,0.18,0.11,0.15,0.21,0.19,0.18,0.17,0.18,0.16,0.09,0.19,0.16,0.2,0.16,0.27,0.25,0.31,0.27,0.26,-1,-1,-1,0.37,0.41,0.32,0.28,0.28,0.23,0.33,0.36,0.37,0.33,0.33,0.47,0.32,0.38,0.35,0.4,0.41,0.41,0.46,0.32,0.38,0.53,0.42,0.47,0.46,0.47,0.54,-1,-1,-1,-1,-1,0.82,0.92,0.9,-1,-1,-1,-1,-1,-1,-1,-1,-1,-1,0.57,0.53,0.48,0.45,0.41,0.38,-1,-1,-1,0.38,0.29,0.36,0.35,0.32,0.34,0.31,0.28,0.26,0.18,0.19,0.31,0.34,0.37,0.43,0.41,0.44,0.44,-1,-1,-1,-1,-1,-1,-1,-1,-1,-1,-1,-1,-1,-1,-1,-1,-1,-1,-1,-1,-1,-1,-1,-1,-1,-1,-1,0.44,0.48,0.49,0.44,0.4,0.39,0.42,0.37,0.33,0.37,0.25,0.46,-1,0.4,-1,-1,-1,-1,-1,-1,-1,-1,-1,0.32,0.36,0.43,-1,-1,-1,-1,-1,-1,-1,-1,-1,-1,0.52,0.66,0.6,-1,-1,-1,-1,0.63,0.69,0.8,-1,0.72,0.73,0.88,0.9,0.72,0.8,0.76,0.75
-1,-1,-1,0,0,0,-1,-1,-1,-1,-1,-1,-1,0.11,0.19,0.18,0.18,0.2,0.21,0.13,0.18,0.21,0.18,0.17,0.19,-1,-1,-1,-1,0.18,0.13,0.12,0.17,0.14,0.14,0.22,0.19,0.17,0.29,0.32,0.33,0.28,0.31,-1,-1,0.35,0.24,0.24,0.28,0.34,0.43,0.31,0.25,0.32,0.33,0.34,0.32,0.41,0.39,0.35,0.38,0.33,0.36,0.32,0.46,0.44,0.41,0.4,0.54,0.48,0.49,0.51,0.58,-1,-1,-1,-1,-1,0.82,0.98,0.92,-1,-1,-1,-1,-1,-1,-1,-1,-1,-1,0.59,0.62,0.51,0.42,0.43,0.32,0.36,0.4,0.33,0.29,0.28,0.21,0.24,0.31,0.24,0.29,0.29,0.32,0.36,0.32,0.34,0.37,0.47,0.41,0.32,0.42,0.43,-1,-1,-1,-1,-1,-1,-1,-1,-1,-1,-1,-1,-1,-1,-1,-1,-1,-1,-1,-1,-1,-1,-1,-1,-1,-1,-1,0.49,0.4,0.43,0.35,0.41,0.29,0.44,0.32,0.37,0.24,0.4,0.36,0.42,0.37,0.35,0.47,0.35,0.32,0.34,0.35,0.38,0.36,0.33,0.42,0.45,0.37,-1,-1,-1,-1,-1,-1,-1,-1,-1,-1,0.62,0.57,0.58,0.58,-1,-1,-1,0.58,0.68,0.69,-1,0.6,0.74,0.72,0.75,0.79,0.76,0.71,0.73
-1,-1,-1,-1,-1,-1,-1,0,0,0,0,-1,0.17,-1,0.16,0.12,0.18,0.18,0.16,0.19,0.16,0.12,0.21,0.25,0.14,-1,-1,-1,-1,0.21,0.13,0.22,0.17,0.15,0.21,0.14,0.12,0.19,0.3,0.32,0.32,0.34,-1,-1,-1,0.42,0.36,0.35,0.2,0.31,0.32,0.33,0.32,0.34,0.41,0.34,0.34,0.41,0.44,0.43,0.31,0.38,0.35,0.4,-1,0.41,0.38,0.43,0.44,0.54,0.55,0.54,0.63,-1,-1,-1,-1,-1,0.86,0.98,0.98,0.99,0.97,0.92,0.899999999999999,0.86,0.82,0.74,0.71,0.71,0.61,0.54,0.48,0.46,0.4,0.36,0.33,0.29,0.33,0.29,0.3,0.38,0.31,0.28,0.29,-1,0.27,0.29,0.38,0.46,0.4,0.31,0.38,0.34,0.42,0.37,0.36,0.4,-1,-1,-1,-1,-1,-1,-1,-1,-1,-1,-1,-1,-1,-1,-1,-1,-1,-1,-1,-1,-1,-1,-1,-1,-1,-1,-1,0.35,0.44,0.48,0.39,0.38,0.41,0.37,0.32,0.33,0.38,0.37,0.39,-1,-1,-1,-1,0.33,0.29,0.35,0.38,0.39,0.4,0.41,0.39,0.4,0.36,-1,-1,-1,-1,-1,-1,-1,-1,-1,-1,0.5,-1,-1,0.58,-1,-1,-1,0.65,0.57,0.63,-1,0.63,0.65,0.57,0.65,0.68,0.64,0.7,0.66
0.16,0.16,0.13,0.19,-1,-1,-1,-1,-1,-1,0.12,-1,0.26,0.2,0.11,-1,0.18,0.17,0.14,0.16,0.15,0.16,-1,-1,0.16,0.12,0.17,-1,-1,0.25,0.17,0.19,0.18,0.19,0.2,0.25,0.25,0.16,0.3,0.38,0.32,0.28,-1,-1,-1,0.38,0.3,0.26,0.31,0.27,0.32,0.24,0.29,0.47,0.34,0.36,0.45,0.43,0.41,0.37,0.4,0.43,0.42,0.46,0.41,0.46,0.42,0.51,0.39,0.46,0.49,0.52,0.51,0.69,-1,0.72,-1,-1,-1,0.99,1,1,1,1,0.98,0.93,0.87,0.82,0.71,0.7,0.63,0.59,0.49,0.5,0.41,0.32,0.39,0.31,0.23,0.32,0.32,0.23,0.29,0.16,0.31,0.27,0.24,0.23,0.25,0.23,0.31,0.35,0.33,0.29,0.22,0.43,0.42,0.42,-1,-1,-1,-1,-1,-1,-1,-1,-1,-1,-1,-1,-1,-1,-1,-1,-1,-1,-1,-1,-1,-1,-1,-1,-1,-1,-1,0.35,0.42,0.39,0.3,0.33,0.34,0.43,0.33,0.35,0.32,0.3,0.38,-1,-1,-1,-1,0.38,0.32,0.43,0.38,0.45,0.28,0.36,0.45,0.38,0.42,-1,-1,-1,-1,-1,-1,-1,-1,-1,-1,0.45,-1,-1,0.42,-1,-1,-1,0.62,0.55,0.63,-1,0.68,0.63,0.57,0.7,0.58,0.63,0.61,0.6
-1,-1,0.18,0.14,0.2,0.16,0.18,0.18,0.18,-1,0.22,-1,0.14,0.23,0.28,-1,-1,-1,-1,-1,-1,0.15,0.21,-1,-1,-1,-1,0.21,0.11,0.23,0.19,0.17,0.17,0.16,0.21,0.21,0.18,0.14,0.33,0.3,0.31,0.38,-1,-1,0.32,0.25,0.32,0.34,0.27,0.38,0.35,0.29,0.4,0.43,0.39,0.43,0.36,0.41,0.36,0.33,0.34,0.36,0.39,0.36,0.42,0.4,0.4,0.48,0.44,0.47,0.45,0.6,0.6,0.55,0.64,0.69,-1,-1,-1,0.96,1,1,1,-1,-1,-1,-1,-1,-1,-1,-1,-1,0.46,0.52,0.52,0.46,0.44,0.35,0.39,0.37,0.38,-1,-1,0.31,0.32,0.3,0.24,0.4,0.34,0.36,0.21,0.32,0.37,0.36,0.27,0.34,0.43,0.37,-1,-1,-1,-1,-1,-1,-1,-1,-1,-1,-1,-1,-1,-1,-1,-1,-1,-1,-1,-1,-1,-1,-1,-1,-1,-1,-1,0.33,0.36,0.37,0.35,0.36,0.33,0.31,0.29,0.27,0.36,0.39,0.28,0.35,-1,-1,-1,-1,-1,-1,-1,-1,-1,-1,-1,-1,0.35,-1,-1,-1,-1,-1,-1,-1,-1,-1,-1,0.43,-1,-1,0.45,0.49,0.44,0.56,0.56,0.5,0.49,-1,-1,0.52,0.51,0.61,0.62,0.57,0.58,0.55
-1,-1,-1,-1,-1,-1,-1,0.13,0.19,0.29,0.25,0.25,0.31,0.13,0.25,-1,-1,-1,-1,-1,-1,-1,-1,-1,-1,-1,-1,0.23,0.23,0.16,0.18,0.18,0.22,0.28,0.18,0.18,0.17,0.29,0.14,0.37,0.38,-1,-1,-1,0.29,0.37,0.34,0.39,0.32,0.29,0.37,0.42,0.37,0.32,0.45,0.34,0.39,0.39,0.47,0.44,0.39,0.43,-1,-1,0.54,0.48,0.48,0.5,0.54,0.55,0.47,0.64,0.54,0.6,0.62,0.67,-1,-1,-1,0.97,0.96,0.98,0.97,-1,-1,-1,-1,-1,-1,-1,-1,0.59,0.49,0.47,0.44,-1,-1,-1,-1,-1,-1,-1,-1,-1,-1,0.31,0.31,0.2,0.35,0.31,0.37,0.28,0.33,0.34,0.38,0.36,0.4,0.35,-1,-1,-1,-1,-1,-1,-1,-1,-1,-1,-1,-1,-1,-1,-1,-1,-1,-1,-1,-1,-1,-1,-1,-1,-1,-1,-1,0.51,0.39,0.32,0.35,0.39,0.3,0.29,0.35,0.34,0.38,0.22,0.37,0.29,-1,-1,-1,-1,-1,-1,-1,-1,-1,-1,-1,-1,0.34,-1,-1,-1,-1,-1,-1,-1,-1,-1,-1,0.37,-1,-1,0.38,0.53,0.4,-1,-1,-1,-1,-1,-1,0.57,0.54,0.69,0.6,0.6,0.6,0.48
-1,-1,0.16,0.23,-1,-1,-1,-1,0.3,-1,-1,-1,0.3,0.22,0.34,0.28,0.27,0.22,0.24,-1,-1,-1,0.19,0.24,0.29,0.21,0.24,0.23,0.11,0.16,0.11,0.17,0.23,0.18,0.24,0.27,0.14,0.19,0.26,0.3,0.47,-1,-1,-1,0.35,0.33,0.29,0.34,0.37,0.4,0.36,0.39,0.37,0.36,0.35,0.35,0.47,0.42,0.46,0.38,0.4,0.37,-1,-1,0.42,0.44,0.48,0.48,0.46,0.44,0.52,0.59,0.51,0.45,0.59,0.67,-1,-1,-1,0.9,0.95,0.9,0.86,-1,0.76,0.73,0.74,0.67,0.65,0.53,-1,0.5,0.6,0.47,0.37,-1,-1,-1,-1,-1,-1,-1,-1,-1,-1,0.38,0.26,0.33,0.28,0.34,0.39,0.29,0.36,0.31,0.44,0.33,0.38,0.33,-1,-1,-1,-1,-1,-1,-1,-1,-1,-1,-1,-1,-1,-1,-1,-1,-1,-1,-1,-1,-1,-1,-1,-1,-1,-1,-1,0.46,0.36,0.37,0.32,0.36,0.27,0.25,0.24,0.29,0.31,0.33,0.3,0.3,-1,-1,-1,-1,-1,-1,-1,-1,-1,-1,-1,-1,0.46,-1,-1,0.35,0.32,0.32,0.28,-1,-1,-1,-1,0.36,-1,-1,0.47,0.42,0.49,-1,-1,-1,-1,-1,-1,0.53,0.55,0.57,0.61,0.48,0.52,0.52
-1,-1,-1,-1,-1,-1,-1,0.29,-1,-1,-1,0.23,0.22,0.27,0.35,0.28,0.27,0.34,0.32,0.29,0.29,0.32,0.28,0.2,0.09,0.12,0.16,0.1,0.2,0.15,0.13,0.11,0.21,0.22,0.25,0.24,0.28,0.18,0.27,0.25,0.3,-1,-1,0.38,0.44,0.29,0.37,0.39,0.27,0.3,0.34,0.36,0.38,0.35,0.39,0.42,0.46,-1,-1,-1,-1,-1,-1,-1,0.46,0.47,0.37,0.41,0.48,0.45,0.59,0.4,0.6,0.52,0.69,0.66,0.71,0.66,0.68,0.88,0.87,0.88,0.81,0.68,0.68,0.64,0.82,0.68,0.63,0.63,0.53,0.41,0.47,0.43,0.42,-1,-1,-1,-1,-1,-1,-1,-1,-1,-1,0.29,0.27,0.25,0.32,0.3,0.25,0.26,0.26,0.27,0.48,0.37,0.33,0.38,-1,-1,-1,-1,-1,-1,-1,-1,-1,-1,-1,-1,-1,-1,-1,-1,-1,-1,-1,-1,-1,-1,-1,-1,-1,-1,-1,0.42,0.29,0.37,0.36,0.37,0.25,0.27,0.34,0.36,0.34,0.33,0.29,0.4,0.35,0.47,0.44,0.33,-1,0.26,0.42,0.4,0.37,0.38,0.37,0.34,0.39,-1,-1,-1,-1,-1,-1,-1,-1,-1,-1,0.38,-1,-1,0.5,0.52,0.51,0.5,0.47,0.38,0.48,-1,-1,0.44,0.53,0.61,0.51,0.38,0.46,0.48
-1,-1,-1,-1,-1,-1,-1,-1,-1,-1,0.34,0.3,0.14,0.2,0.3,0.32,0.21,0.27,0.35,0.3,0.22,0.25,0.32,0.19,0.16,0.29,0.14,0.2,0.15,0.15,0.11,0.13,0.17,0.17,0.21,0.19,0.17,0.21,0.22,0.41,-1,-1,-1,0.34,0.26,0.33,0.35,0.42,0.35,0.38,0.46,0.34,0.44,0.39,0.41,0.38,0.47,-1,-1,-1,-1,-1,-1,-1,0.37,0.44,0.53,0.41,0.41,0.53,0.39,0.5,0.44,0.6,0.6,0.5,0.6,0.64,0.73,0.77,0.77,0.72,0.78,0.6,0.7,0.67,0.62,0.64,0.71,0.66,0.63,0.49,0.49,0.34,0.44,0.37,0.43,0.4,0.39,0.4,0.38,0.44,0.42,0.25,0.34,0.32,0.27,0.29,0.26,0.31,0.37,0.4,0.32,0.29,0.28,0.39,0.35,0.46,-1,-1,-1,-1,-1,-1,-1,-1,-1,-1,-1,-1,-1,-1,-1,-1,-1,-1,-1,-1,-1,-1,-1,-1,-1,-1,-1,0.42,0.37,0.29,0.49,0.29,0.4,0.39,0.48,0.41,0.38,0.37,0.35,-1,0.32,0.36,0.41,0.32,0.44,0.33,0.4,0.33,0.38,-1,-1,-1,0.38,-1,-1,-1,-1,-1,-1,-1,-1,-1,-1,0.39,0.32,0.46,0.44,0.5,0.4,0.57,0.4,0.53,0.44,0.36,0.46,0.44,0.5,0.43,0.35,0.51,0.4,0.37
-1,0.23,0.19,-1,-1,-1,-1,-1,-1,-1,0.27,0.28,0.24,0.3,0.41,0.29,0.31,0.35,0.23,0.32,0.33,0.27,0.31,0.26,0.23,0.21,0.27,0.14,0.1,0.14,0.24,0.19,0.18,0.15,0.13,0.2,0.21,0.24,0.23,0.42,-1,-1,-1,0.42,0.29,0.26,0.26,0.22,0.42,0.32,0.37,0.35,0.41,0.39,0.35,0.37,0.42,0.46,0.48,0.34,-1,-1,-1,-1,0.48,0.44,0.45,0.46,0.48,0.55,0.59,0.45,0.53,0.55,0.6,0.47,0.5,0.55,0.62,0.61,0.7,0.72,0.67,0.64,0.54,0.66,0.63,0.47,0.49,0.54,0.49,0.51,0.46,0.44,0.46,-1,-1,-1,-1,0.34,0.37,0.32,0.36,0.31,0.37,0.3,0.38,0.25,0.33,0.24,0.39,0.3,0.29,0.39,0.44,0.36,0.33,0.37,0.4,0.43,0.34,0.44,0.3,0.3,0.38,0.32,0.3,0.45,0.34,0.39,0.44,0.52,0.45,0.35,0.47,0.38,0.41,0.54,0.55,0.42,0.41,0.39,0.36,0.39,0.4,0.4,0.45,0.34,0.36,0.39,0.37,0.43,0.39,0.42,0.39,0.42,0.48,-1,0.38,0.36,0.36,0.4,-1,-1,0.4,0.41,0.37,-1,-1,-1,0.36,-1,-1,-1,-1,-1,-1,-1,-1,-1,-1,0.26,0.27,0.36,0.45,0.41,0.38,0.43,0.31,0.44,0.47,0.47,0.45,0.5,0.4,0.37,0.39,0.36,0.4,0.52
-1,0.25,0.21,0.26,0.2,0.33,0.33,-1,-1,-1,0.38,0.29,0.25,0.34,-1,-1,-1,-1,-1,-1,0.32,-1,-1,-1,0.2,0.26,0.13,0.33,0.22,0.18,0.16,0.24,0.22,0.24,0.17,0.14,0.15,0.2,0.27,0.44,0.39,0.4,0.34,0.37,0.23,0.28,0.33,0.31,0.23,0.32,0.29,0.41,0.41,0.4,0.44,0.5,-1,-1,-1,-1,-1,-1,-1,-1,0.45,-1,-1,0.5,0.4,0.5,-1,-1,-1,0.51,0.51,-1,-1,-1,-1,-1,0.62,0.59,0.58,0.65,0.61,0.54,0.51,0.62,0.54,0.52,0.48,0.47,0.4,0.4,0.48,-1,-1,-1,-1,0.45,0.4,0.36,0.42,0.45,0.42,0.34,0.36,0.32,0.25,0.34,0.29,0.31,0.23,0.42,0.23,0.36,0.37,0.42,-1,-1,-1,-1,-1,-1,-1,-1,-1,-1,-1,-1,-1,-1,-1,0.38,0.44,0.43,0.43,0.54,-1,-1,-1,-1,-1,-1,-1,0.45,0.51,0.39,0.41,0.42,0.31,0.43,0.28,0.31,0.23,0.36,0.44,-1,0.45,0.32,0.46,0.36,-1,-1,0.38,0.36,0.29,0.3,0.4,0.4,0.3,-1,-1,-1,-1,-1,-1,-1,-1,-1,-1,0.33,0.3,0.3,0.35,0.33,0.35,0.43,0.31,0.38,0.29,-1,-1,-1,0.47,0.4,0.48,0.43,0.37,0.45
0.21,0.31,0.2,0.24,0.22,0.34,0.4,-1,0.22,0.33,0.31,0.23,0.25,-1,-1,-1,-1,-1,-1,-1,-1,-1,-1,-1,0.17,0.22,0.24,0.32,0.26,0.27,0.19,0.13,0.18,0.23,0.32,0.25,0.21,0.29,0.31,0.26,0.24,0.29,0.29,0.32,0.37,0.3,0.33,0.31,0.34,0.28,0.25,0.4,0.47,0.35,0.46,-1,-1,-1,-1,-1,-1,-1,-1,-1,0.55,-1,-1,-1,-1,-1,-1,-1,-1,-1,-1,-1,-1,-1,-1,-1,0.48,0.53,0.61,0.57,0.57,0.58,0.5,0.38,0.46,0.55,0.44,0.42,0.34,0.43,0.39,0.34,0.44,0.33,0.33,0.22,0.36,0.27,0.42,0.32,0.37,0.33,0.31,0.26,0.35,0.27,0.35,0.34,0.24,0.29,0.33,0.41,0.36,0.33,0.4,0.42,0.34,0.46,0.36,0.35,0.35,0.37,0.47,0.35,0.38,0.44,0.43,0.43,0.41,0.39,0.45,0.42,0.3,0.41,0.42,0.39,0.45,0.47,0.4,0.48,0.45,0.35,0.41,0.38,0.36,-1,-1,0.43,0.38,0.37,0.36,0.33,0.36,0.36,-1,-1,-1,-1,-1,-1,0.34,0.36,0.36,0.35,0.32,0.31,0.33,-1,-1,-1,-1,-1,-1,0.3,0.34,-1,-1,0.3,0.32,0.38,-1,-1,-1,-1,-1,-1,-1,-1,-1,-1,0.41,0.38,0.44,0.37,0.39,0.35
0.34,0.27,0.2,0.17,0.27,0.34,0.39,0.29,0.38,0.36,0.21,0.26,0.3,0.31,0.35,0.38,0.31,0.34,-1,-1,0.29,-1,-1,-1,0.25,0.23,0.21,0.19,0.26,0.3,0.21,0.26,0.28,0.23,0.25,0.28,0.31,0.3,0.28,0.41,0.39,0.29,0.29,0.28,0.31,0.34,0.3,0.35,0.27,0.28,0.42,0.35,0.38,0.42,0.43,-1,-1,-1,-1,-1,-1,-1,-1,-1,0.5,-1,-1,-1,-1,-1,-1,-1,-1,-1,-1,-1,-1,0.49,-1,-1,0.49,0.48,0.58,0.46,-1,-1,-1,-1,-1,-1,-1,0.43,0.49,0.39,0.34,0.37,0.32,-1,-1,-1,-1,-1,-1,-1,-1,-1,-1,0.38,0.36,-1,-1,0.37,0.33,0.38,0.35,0.31,-1,-1,-1,-1,-1,-1,-1,-1,-1,-1,-1,-1,-1,-1,-1,-1,-1,-1,-1,-1,-1,-1,-1,-1,-1,-1,-1,-1,-1,-1,-1,-1,-1,-1,-1,0.34,0.35,0.42,0.31,0.34,0.38,0.32,-1,-1,-1,-1,-1,-1,0.41,0.46,0.4,0.33,0.41,0.37,0.41,-1,-1,-1,-1,-1,-1,0.29,0.26,-1,-1,0.3,0.33,0.33,-1,-1,-1,-1,-1,-1,-1,-1,-1,-1,0.41,0.38,0.34,0.3,0.34,0.42
0.28,0.24,0.33,0.24,0.33,0.35,0.33,0.38,0.27,0.18,0.23,0.28,0.24,0.32,0.37,0.34,0.25,0.26,0.32,0.4,-1,0.34,0.35,0.35,0.36,0.24,0.24,0.3,0.25,0.29,0.3,0.32,0.36,0.3,0.32,0.3,0.32,0.34,0.28,0.36,0.27,0.31,0.36,0.32,0.36,0.37,0.3,0.31,0.29,0.28,0.36,0.36,0.25,0.41,0.41,-1,-1,0.47,0.54,0.55,0.42,0.53,-1,-1,0.6,-1,-1,-1,-1,-1,-1,-1,-1,-1,-1,-1,-1,0.52,-1,-1,0.39,0.49,0.51,0.42,0.45,0.53,0.4,0.42,0.43,0.44,0.44,0.33,0.38,0.28,0.38,0.32,0.23,-1,-1,-1,-1,-1,-1,-1,-1,-1,-1,0.3,0.37,-1,-1,0.22,0.36,0.35,0.35,0.36,-1,-1,-1,-1,-1,-1,-1,-1,-1,-1,-1,-1,-1,-1,-1,-1,-1,-1,-1,-1,-1,-1,-1,-1,-1,-1,-1,-1,-1,-1,-1,-1,-1,-1,-1,0.31,0.39,0.36,0.4,0.38,0.33,0.32,0.38,0.32,0.35,0.31,0.34,0.37,0.42,0.32,0.32,0.31,0.3,0.31,0.31,0.27,0.35,0.29,0.25,0.46,0.37,0.36,0.27,0.27,0.3,0.34,0.34,0.33,0.29,0.29,0.29,0.31,0.44,0.34,0.37,0.44,0.26,-1,0.36,0.35,0.43,0.35,0.37,0.39
0.27,0.32,0.27,0.3,0.34,0.27,0.32,0.26,0.25,0.24,0.31,0.33,-1,-1,0.41,0.22,0.18,0.39,0.22,0.27,-1,0.33,0.38,0.39,0.37,0.35,0.37,0.27,0.32,0.23,0.32,0.29,0.27,0.36,0.28,0.36,0.38,0.25,0.33,0.47,0.34,0.41,0.35,0.42,0.37,0.38,0.32,0.35,0.5,0.35,0.34,0.41,0.34,0.37,0.35,0.49,0.52,0.5,0.5,0.53,0.47,0.6,0.55,0.47,0.56,0.57,0.65,0.53,0.63,0.58,0.53,0.48,0.56,0.56,0.5,-1,-1,0.43,-1,-1,0.44,0.39,0.46,0.43,0.46,0.44,0.44,0.41,0.41,0.4,0.44,0.42,0.38,0.28,0.33,0.34,0.36,-1,-1,-1,-1,-1,-1,-1,-1,-1,-1,0.36,0.29,-1,-1,0.28,0.28,0.29,0.29,0.37,-1,-1,-1,-1,-1,-1,-1,-1,-1,-1,-1,-1,-1,-1,-1,-1,-1,-1,-1,-1,-1,-1,-1,-1,-1,-1,-1,-1,-1,-1,-1,-1,-1,-1,-1,0.38,0.39,0.43,0.43,0.33,0.4,0.3,0.32,0.43,0.39,0.31,0.41,0.39,0.37,0.34,0.4,0.33,0.37,0.19,0.3,-1,-1,-1,-1,-1,-1,-1,-1,0.26,0.31,0.22,0.29,0.37,0.27,0.37,0.23,0.37,0.39,0.33,0.33,0.38,0.35,0.39,0.38,0.32,0.44,0.31,0.35,0.22
0.25,0.32,0.3,0.32,0.35,0.42,0.35,0.47,0.34,0.29,0.25,0.31,-1,-1,-1,0.35,0.33,0.36,0.25,0.23,-1,0.34,0.3,0.29,0.3,0.38,0.31,0.39,0.28,0.29,0.29,0.38,0.3,0.36,0.41,0.41,0.48,0.39,0.4,0.31,0.42,0.47,0.43,0.39,0.4,0.44,0.41,0.34,0.4,0.36,0.36,0.37,0.42,0.31,0.35,0.49,0.49,0.45,0.51,0.51,0.61,0.66,0.67,0.66,0.82,0.76,0.66,0.8,0.75,0.72,0.61,0.59,0.55,0.53,0.53,0.5,0.48,0.42,0.45,0.4,0.35,0.33,0.43,0.41,0.45,0.41,0.46,0.44,0.43,0.44,0.42,0.44,0.29,0.39,0.34,0.36,0.27,0.42,0.35,0.3,0.37,0.26,0.28,0.43,0.35,0.36,0.4,0.32,0.29,0.27,0.38,0.22,0.22,0.3,0.3,0.39,0.28,0.34,0.4,0.34,0.45,0.36,0.35,0.38,0.39,0.34,0.44,0.42,0.42,0.52,0.36,0.44,0.43,0.44,0.39,0.53,0.53,0.53,0.6,0.59,0.6,0.38,0.54,0.49,0.44,0.46,0.54,0.37,0.45,0.45,0.34,0.43,0.46,0.43,0.43,0.39,0.45,-1,-1,-1,-1,-1,-1,-1,-1,-1,-1,-1,-1,0.28,0.33,-1,-1,-1,-1,-1,-1,-1,-1,-1,-1,0.25,0.31,0.32,0.37,0.33,0.25,0.33,0.4,0.32,0.34,0.26,0.33,0.32,0.38,0.46,0.34,0.34,0.22,0.21
-1,-1,-1,0.35,0.39,0.4,0.44,0.33,0.31,0.32,0.35,0.39,-1,-1,-1,0.33,0.34,0.29,0.32,0.38,-1,-1,0.26,0.35,0.4,0.33,0.53,0.33,0.43,0.28,0.34,0.27,0.39,0.38,0.47,0.46,0.45,0.41,0.43,0.45,0.52,0.55,0.49,0.45,0.49,0.48,0.49,0.41,0.45,0.4,0.31,0.27,0.45,0.28,0.3,0.41,0.49,0.55,0.56,0.6,0.7,0.7,0.8,0.77,0.82,0.81,0.81,0.86,0.71,0.7,0.69,0.69,0.57,0.56,0.47,0.55,0.47,0.48,0.47,0.45,0.37,0.44,0.44,0.33,0.4,0.42,0.38,0.37,0.33,0.32,0.37,0.39,0.25,0.36,0.33,0.36,0.27,0.33,0.3,0.39,0.27,0.32,0.39,0.37,0.37,0.38,0.3,0.37,0.24,0.26,0.23,0.29,0.37,0.39,0.21,0.23,0.34,0.34,0.24,0.32,0.37,0.3,0.44,0.3,0.45,0.36,0.46,0.41,0.36,0.51,0.52,0.47,0.5,0.49,0.58,0.52,0.58,0.57,0.55,0.57,0.52,0.56,0.52,0.48,0.48,0.61,0.5,0.44,0.52,0.41,0.4,0.47,0.48,0.43,0.42,0.38,0.28,-1,-1,-1,-1,-1,-1,-1,-1,-1,-1,-1,-1,0.32,0.36,-1,-1,-1,-1,-1,-1,-1,-1,-1,-1,0.24,0.21,0.27,0.27,0.23,0.31,0.24,0.29,0.33,0.39,0.35,0.32,0.31,0.3,0.27,0.32,0.31,0.26,0.14
-1,-1,-1,-1,-1,-1,-1,0.34,0.27,0.25,0.32,0.48,0.39,0.34,0.31,0.39,0.27,0.39,0.31,0.3,-1,-1,0.38,0.45,0.31,0.37,0.36,0.38,0.41,0.32,0.43,0.4,0.45,0.35,0.44,0.5,0.45,0.47,0.49,0.53,0.59,0.58,0.63,0.54,0.63,0.4,0.51,0.44,0.46,0.47,0.36,0.37,0.44,0.42,0.47,0.51,0.52,0.53,0.6,0.58,0.7,0.82,0.88,0.91,0.86,0.93,0.86,0.86,0.87,0.84,0.78,0.69,0.65,0.54,0.55,0.42,0.5,0.49,-1,-1,0.46,0.39,0.42,0.44,0.42,0.43,0.46,0.33,0.42,0.41,0.29,0.36,0.26,0.21,0.35,0.24,0.32,0.29,0.34,0.32,0.37,0.37,0.36,0.27,0.29,0.36,0.32,0.27,0.22,0.29,0.27,0.23,0.32,0.26,0.29,0.3,0.33,0.36,0.36,0.33,0.35,0.36,0.29,0.4,0.41,0.44,0.42,0.45,0.5,0.41,0.5,0.46,0.49,0.49,0.56,0.5,0.59,0.47,0.53,0.63,0.59,0.54,0.59,0.53,0.53,0.44,0.51,0.5,0.51,0.55,0.45,0.33,0.42,0.43,0.46,0.44,0.41,0.42,0.37,0.26,0.36,0.38,0.38,0.32,0.37,0.37,0.33,0.34,0.32,0.3,0.26,0.33,0.3,0.37,0.28,0.35,0.3,0.32,0.33,0.33,0.3,-1,-1,0.23,0.32,0.27,0.27,0.31,0.26,0.28,-1,-1,-1,-1,0.31,0.39,0.28,0.3,0.23,0.16
0.39,-1,-1,-1,-1,-1,-1,0.36,0.31,0.4,0.41,0.18,0.27,0.38,0.37,0.38,0.31,0.36,-1,-1,-1,-1,0.41,0.31,0.43,0.4,0.38,0.48,0.44,0.47,0.39,0.42,0.47,0.56,0.52,0.41,0.41,0.5,0.53,0.51,0.53,0.7,0.6,0.64,0.59,0.6,0.55,0.48,0.56,0.38,0.41,0.45,0.48,0.38,0.42,0.45,0.44,0.58,0.69,0.72,0.76,0.87,0.94,0.94,0.97,0.98,0.97,0.96,0.9,0.83,0.71,0.78,0.68,0.61,0.5,0.55,0.53,0.43,-1,-1,0.37,0.35,0.47,0.39,0.24,0.34,0.37,0.39,0.39,0.42,0.41,0.38,0.35,0.28,0.31,0.32,0.3,0.32,0.32,0.31,0.43,0.38,0.25,0.31,0.36,0.3,0.25,0.31,0.33,0.27,0.27,0.25,0.32,0.33,0.3,0.33,0.32,-1,-1,-1,0.37,0.32,0.37,0.39,0.41,0.4,0.43,0.51,0.44,0.53,0.5,0.44,0.49,0.59,0.6,0.59,0.6,0.61,0.57,0.65,0.66,0.59,0.55,0.61,0.67,0.57,0.59,0.55,0.48,0.5,0.49,0.52,0.48,0.42,0.39,0.43,0.4,0.44,0.33,0.36,0.46,0.43,0.35,0.3,0.42,0.33,0.28,-1,-1,-1,-1,-1,0.33,-1,-1,-1,-1,0.31,0.26,-1,-1,-1,-1,0.21,0.25,0.3,0.26,0.16,-1,-1,-1,-1,-1,-1,0.29,0.28,0.3,0.25,0.29,0.24
0.41,0.4,-1,-1,-1,-1,-1,0.37,0.38,0.4,0.31,0.34,0.38,0.4,0.4,0.36,0.3,0.25,-1,-1,-1,0.41,0.38,0.32,0.4,0.42,0.42,0.51,0.42,0.38,0.51,0.38,0.49,0.57,0.49,0.61,0.58,0.61,0.6,0.65,0.68,0.74,0.62,0.68,0.67,0.58,0.64,0.63,0.56,0.55,0.46,0.43,0.4,0.35,0.46,0.43,0.56,0.56,0.62,0.74,0.78,0.93,0.94,0.96,0.99,1,1,0.98,0.93,0.91,0.85,0.8,0.7,0.68,0.6,0.5,0.55,0.53,-1,0.44,0.41,0.45,0.39,0.38,0.32,0.35,0.36,0.31,0.28,0.3,0.31,0.39,0.27,0.3,0.22,0.26,0.25,0.32,0.37,0.38,0.29,0.33,0.3,0.38,0.43,0.32,0.27,0.29,0.33,0.31,0.28,0.27,0.21,0.4,-1,0.35,-1,-1,-1,-1,0.42,-1,-1,-1,-1,-1,-1,-1,-1,-1,-1,-1,-1,-1,-1,-1,-1,-1,-1,-1,-1,-1,-1,-1,-1,-1,-1,-1,-1,-1,0.5,0.58,0.5,0.42,0.48,0.41,0.34,-1,0.36,0.35,0.36,0.3,-1,0.37,0.31,0.35,0.3,-1,-1,-1,-1,-1,0.29,-1,-1,-1,-1,0.31,0.3,-1,-1,-1,-1,0.2,0.23,0.23,0.26,0.21,-1,-1,-1,-1,-1,-1,0.24,0.25,0.31,0.31,0.33,0.24
0.4,-1,-1,-1,-1,-1,-1,0.4,0.31,0.4,0.34,0.4,-1,-1,0.35,0.44,0.28,0.27,0.37,-1,-1,0.4,0.4,0.41,0.43,0.46,0.39,0.42,0.47,0.44,0.47,0.5,0.56,0.54,0.65,0.55,0.64,0.68,0.68,0.72,0.87,0.76,0.84,0.82,0.73,0.68,0.7,0.58,0.6,0.56,0.5,0.54,0.33,0.38,0.36,0.46,0.54,0.5,0.66,0.73,0.76,0.9,0.93,0.98,0.98,1,1,1,0.98,0.929999999999999,0.87,0.78,0.71,0.71,0.62,0.52,0.45,0.41,-1,0.45,0.43,0.39,0.28,0.37,0.33,0.39,0.37,0.31,0.37,0.42,0.3,0.29,0.35,-1,-1,-1,-1,-1,-1,-1,-1,-1,-1,-1,-1,-1,-1,0.23,0.27,0.26,0.27,0.29,0.23,0.31,-1,0.38,-1,-1,-1,-1,0.33,-1,-1,-1,-1,-1,-1,-1,-1,-1,-1,-1,-1,-1,-1,-1,-1,-1,-1,-1,-1,-1,-1,-1,-1,-1,-1,-1,-1,-1,0.55,0.52,0.4,0.5,0.43,0.4,0.45,-1,0.42,0.45,0.38,0.3,-1,0.37,0.22,-1,-1,-1,-1,-1,-1,-1,0.28,-1,-1,-1,-1,0.33,0.34,0.3,0.3,0.2,0.17,0.31,-1,-1,0.16,0.2,0.28,0.25,0.21,0.27,0.26,0.28,0.28,0.25,0.29,0.31,0.19,0.15
0.4,0.51,0.39,0.33,0.41,-1,0.51,0.35,0.4,0.36,0.33,0.47,-1,-1,-1,-1,-1,-1,-1,0.39,0.45,0.42,0.4,0.32,0.3,0.41,0.45,0.49,0.41,0.45,0.41,0.51,0.52,0.6,0.56,0.58,0.58,0.76,0.72,0.79,0.83,0.82,0.79,0.82,0.8,0.83,0.8,0.64,0.68,0.66,0.44,0.45,0.45,0.45,0.43,0.4,0.53,0.51,0.65,0.64,0.82,0.92,0.93,0.98,1,1,1,0.99,0.93,0.94,0.78,0.87,0.67,0.67,0.71,0.51,0.52,-1,-1,0.39,0.41,0.43,0.37,0.45,0.33,0.3,0.32,0.3,0.29,0.22,0.37,0.32,0.24,-1,-1,-1,-1,-1,-1,-1,-1,-1,-1,-1,-1,-1,-1,0.38,0.27,0.26,0.22,0.32,0.23,0.28,0.26,0.42,0.36,-1,-1,-1,0.32,-1,-1,-1,-1,-1,-1,-1,-1,-1,-1,-1,-1,-1,-1,-1,-1,-1,-1,-1,-1,-1,-1,-1,-1,-1,-1,-1,-1,-1,0.56,0.51,0.48,0.54,0.51,0.41,0.51,-1,-1,-1,-1,-1,-1,0.28,0.28,-1,-1,-1,-1,-1,-1,-1,0.29,-1,-1,-1,-1,0.33,0.37,0.27,0.28,0.13,0.23,0.25,-1,-1,0.2,0.22,0.1,0.22,0.3,0.12,0.25,0.17,0.27,0.37,0.23,0.16,0.27,0.14
-1,-1,-1,-1,0.43,0.36,0.4,0.43,0.47,0.37,0.31,0.41,0.43,0.41,-1,-1,-1,-1,-1,-1,-1,0.33,0.29,0.44,0.43,0.4,0.52,0.47,0.39,0.5,0.64,0.55,0.56,0.57,0.49,-1,0.56,0.63,0.71,0.85,0.85,0.9,0.93,0.91,0.93,0.85,0.84,0.84,0.77,0.76,0.61,0.53,0.41,0.41,0.44,0.43,0.47,0.59,0.61,0.77,0.77,0.85,0.95,0.94,1,1,0.98,1,0.92,0.92,0.8,0.85,0.68,0.7,0.58,0.52,0.49,-1,-1,0.44,0.38,0.39,0.37,0.36,0.39,0.34,0.41,0.35,0.36,0.24,0.34,0.38,0.29,-1,-1,-1,-1,-1,-1,-1,-1,-1,-1,-1,-1,-1,-1,0.2,0.26,0.31,0.29,0.27,0.38,0.37,0.25,0.38,0.35,0.4,-1,-1,0.38,-1,-1,-1,-1,-1,-1,-1,-1,-1,-1,-1,-1,-1,-1,-1,-1,-1,-1,-1,-1,-1,-1,-1,-1,-1,-1,-1,-1,-1,0.51,0.53,0.51,0.46,0.53,0.55,0.37,0.45,0.39,0.35,0.38,0.37,0.32,0.4,0.33,0.25,0.38,0.11,0.27,0.25,0.3,0.44,0.23,-1,-1,-1,-1,0.28,0.35,-1,-1,0.21,0.19,0.26,-1,-1,0.16,-1,-1,-1,-1,-1,-1,0.19,0.22,0.24,0.2,0.17,0.27,0.28
-1,-1,-1,-1,-1,-1,0.49,0.41,0.5,0.33,0.39,0.34,0.45,0.36,0.37,0.46,0.4,0.4,0.39,-1,-1,0.37,0.42,0.41,0.41,0.41,0.38,0.38,0.47,0.44,0.53,0.51,0.49,0.64,0.65,-1,0.61,0.73,0.7,0.77,0.76,0.97,0.98,0.97,0.94,0.94,0.9,0.83,0.74,0.72,0.6,0.48,0.41,0.39,0.37,0.37,0.4,0.44,0.58,0.61,0.75,0.88,0.88,0.92,0.93,0.93,0.96,0.91,0.81,0.760000000000001,0.69,0.66,0.62,0.63,0.64,0.55,0.56,0.51,0.47,-1,0.49,0.41,0.41,0.3,0.39,0.37,0.38,0.33,0.38,0.31,0.3,0.28,0.26,-1,-1,-1,-1,-1,-1,-1,-1,-1,-1,-1,-1,-1,0.15,-1,-1,-1,0.26,0.31,0.22,0.34,0.34,0.38,0.35,0.33,-1,-1,0.35,-1,-1,-1,-1,-1,-1,-1,-1,-1,-1,-1,-1,-1,-1,-1,-1,-1,-1,-1,-1,-1,-1,-1,-1,-1,-1,-1,-1,-1,0.53,0.65,0.51,0.58,0.51,0.49,0.41,0.38,0.43,0.39,0.36,0.34,0.36,0.28,0.31,0.31,0.27,0.16,-1,-1,-1,-1,-1,0.32,0.38,0.36,0.36,0.24,0.3,-1,-1,0.24,0.23,0.21,-1,0.19,-1,-1,-1,-1,-1,-1,-1,0.27,0.17,0.28,0.22,0.26,0.29,0.29
0.52,0.55,0.51,-1,-1,-1,0.49,-1,0.47,0.38,-1,-1,-1,0.49,0.44,0.35,0.27,0.4,0.42,0.35,0.37,0.41,0.46,0.35,0.43,0.37,0.43,0.45,0.5,0.44,0.61,0.56,0.58,0.57,0.59,0.72,-1,-1,-1,-1,0.84,0.98,0.99,0.99,0.99,0.98,0.97,0.92,0.82,0.67,0.59,0.6,0.46,0.43,0.44,0.43,0.5,0.43,0.42,0.66,0.66,0.78,0.82,0.85,0.93,0.97,0.87,0.84,-1,-1,-1,0.7,0.66,0.56,-1,-1,-1,0.55,0.4,-1,-1,0.37,0.4,-1,-1,-1,-1,-1,-1,-1,0.29,0.37,0.23,-1,-1,-1,-1,-1,-1,-1,-1,-1,-1,-1,-1,-1,-1,-1,-1,-1,0.29,0.28,0.29,0.32,0.32,0.23,0.29,0.26,-1,-1,0.34,-1,-1,-1,-1,-1,-1,-1,-1,-1,-1,-1,-1,-1,-1,-1,-1,-1,-1,-1,-1,-1,-1,-1,-1,-1,-1,-1,-1,-1,0.66,0.54,0.56,0.49,0.51,0.49,0.52,0.47,0.45,0.4,0.28,0.29,0.29,0.23,0.27,0.32,0.2,0.36,-1,-1,-1,-1,-1,-1,-1,-1,0.38,0.28,0.34,-1,-1,0.13,0.25,0.16,-1,0.2,-1,-1,-1,-1,-1,-1,-1,0.22,0.22,0.22,0.31,0.27,0.23,0.25
-1,-1,-1,-1,0.66,0.58,0.55,0.45,0.48,0.4,0.46,-1,-1,-1,-1,-1,-1,0.31,0.29,0.41,0.33,0.44,0.28,0.41,0.41,0.44,0.37,0.49,0.54,0.49,0.48,0.6,0.43,0.51,0.49,0.64,-1,-1,-1,-1,0.83,0.99,1,1,1,1,0.98,0.95,0.83,0.77,0.66,0.64,0.46,0.59,0.57,0.47,0.53,0.54,0.51,0.61,0.63,0.59,0.62,0.73,0.74,0.73,0.83,0.78,-1,-1,-1,-1,-1,-1,-1,-1,-1,0.54,0.44,-1,-1,0.48,0.47,-1,-1,-1,-1,-1,-1,-1,0.25,0.3,0.26,0.3,0.25,0.24,0.21,0.27,0.28,0.26,0.26,0.26,0.23,0.33,0.31,0.32,0.31,0.25,0.29,0.3,0.36,0.25,0.37,0.28,0.26,0.23,0.34,0.22,-1,-1,0.4,-1,-1,-1,-1,-1,-1,-1,-1,-1,-1,-1,-1,-1,-1,-1,-1,-1,-1,-1,-1,-1,-1,-1,-1,-1,-1,-1,-1,-1,0.58,0.61,0.67,0.46,0.53,0.48,0.43,0.44,-1,-1,0.43,0.4,0.36,0.33,0.24,0.3,0.33,0.23,-1,-1,-1,-1,-1,-1,-1,-1,0.19,0.14,0.37,0.27,0.32,0.38,0.16,0.17,-1,0.2,0.15,0.2,0.16,0.13,0.23,0.24,0.27,0.17,0.24,0.21,0.32,0.2,0.19,0.17
0.65,0.55,0.64,-1,-1,0.56,0.56,0.53,0.52,0.5,0.52,0.48,0.39,0.44,0.43,-1,-1,-1,-1,0.36,0.46,0.4,0.47,0.39,0.46,0.36,0.47,0.48,0.46,0.41,0.51,0.56,0.51,0.54,0.57,-1,-1,-1,-1,-1,0.9,0.99,1,1,1,0.98,0.98,0.91,0.84,0.82,0.63,0.53,0.45,-1,-1,-1,-1,-1,-1,-1,0.61,0.49,0.53,0.61,0.7,0.7,0.69,0.67,0.64,-1,-1,-1,-1,-1,-1,-1,0.38,0.4,0.44,0.45,-1,-1,-1,-1,-1,-1,-1,-1,-1,-1,-1,-1,-1,-1,0.23,0.31,0.28,0.23,0.22,0.24,0.26,0.35,0.31,0.18,0.28,0.22,0.27,0.13,0.16,0.18,0.25,0.37,0.31,0.24,0.24,0.31,0.32,0.33,-1,-1,0.3,-1,-1,-1,-1,-1,-1,-1,-1,-1,-1,-1,-1,-1,-1,-1,-1,-1,-1,-1,-1,-1,-1,-1,-1,-1,-1,-1,-1,-1,0.52,0.56,0.6,0.56,0.51,0.44,0.45,-1,-1,-1,-1,-1,-1,-1,-1,-1,-1,-1,-1,-1,-1,-1,-1,-1,-1,-1,-1,0.17,0.2,0.24,0.2,0.19,0,-1,-1,0.25,0.18,-1,-1,-1,-1,-1,-1,0.24,0.19,0.18,0.19,0.23,0.25,0.22
0.55,0.6,0.51,0.61,0.6,0.59,0.62,0.55,0.58,0.39,0.48,0.54,-1,0.32,0.51,0.45,0.49,0.39,0.45,0.33,0.49,0.38,0.43,0.43,0.38,0.56,0.45,0.37,0.48,0.35,0.54,0.48,0.57,0.63,0.64,-1,-1,-1,-1,0.84,0.84,1,1,1,0.98,1,0.98,0.87,0.86,0.7,0.69,0.57,-1,-1,-1,-1,-1,-1,-1,-1,-1,-1,-1,0.62,0.61,0.65,0.59,0.59,0.58,0.48,0.61,-1,-1,-1,-1,0.52,-1,0.46,-1,0.48,-1,-1,-1,-1,-1,-1,-1,-1,-1,-1,-1,-1,-1,-1,0.25,0.2,0.17,0.29,-1,-1,-1,0.3,0.2,0.28,0.27,0.33,0.3,0.31,0.22,0.24,0.22,0.21,0.23,0.27,0.21,0.3,0.2,0.39,-1,-1,0.39,-1,-1,-1,-1,-1,-1,-1,-1,-1,-1,-1,-1,-1,-1,-1,-1,-1,-1,-1,-1,-1,-1,-1,-1,-1,-1,-1,-1,-1,0.68,0.56,0.55,0.57,0.47,0.55,0.46,-1,-1,-1,-1,-1,-1,-1,-1,-1,-1,-1,-1,-1,-1,-1,-1,-1,-1,-1,0.22,0.24,0.19,0.17,0.11,0.24,0,-1,0,0,0,-1,-1,-1,-1,-1,-1,0,0,0,0,0,0,0
-1,-1,-1,-1,-1,0.61,0.6,0.65,0.55,-1,0.46,0.45,0.49,0.44,0.42,0.55,0.47,0.43,0.43,0.44,0.44,0.36,0.42,0.44,0.42,0.46,0.46,0.46,0.47,0.51,0.54,0.58,0.47,0.56,-1,-1,-1,-1,-1,0.93,0.91,0.95,0.97,0.95,0.98,0.97,0.9,0.81,0.74,0.56,0.62,0.58,-1,-1,-1,-1,-1,-1,-1,-1,-1,-1,-1,0.49,0.46,0.44,0.54,0.58,0.52,-1,-1,-1,0.5,0.48,0.46,0.43,0.41,0.38,-1,0.41,-1,-1,-1,-1,-1,-1,-1,-1,-1,-1,-1,-1,-1,-1,-1,-1,-1,-1,-1,-1,-1,0.27,-1,-1,-1,-1,-1,-1,-1,0.2,0.28,0.23,0.19,0.2,0.24,0.38,0.39,0.34,-1,-1,0.41,-1,-1,-1,-1,-1,-1,-1,-1,-1,-1,-1,-1,-1,-1,-1,-1,-1,-1,-1,-1,-1,-1,-1,-1,-1,-1,-1,-1,-1,0.57,0.51,0.66,0.51,0.5,0.44,0.42,0.52,0.47,0.42,0.31,0.29,0.3,0.35,0.31,0.27,0.21,0.3,0.22,0.27,0.3,0.18,0.21,0.2,0.21,0.23,0.14,0.25,0.15,0.25,0.15,0.09,0,-1,0,0,0,-1,-1,-1,-1,-1,-1,0,0,0,0,0,0,0
-1,-1,-1,-1,0.59,0.73,0.6,0.62,0.62,-1,-1,-1,-1,-1,-1,-1,0.42,0.51,0.48,0.49,0.44,0.47,0.41,0.45,0.46,0.48,0.53,0.47,0.54,0.43,0.54,0.4,0.64,0.5,0.54,-1,-1,-1,-1,0.87,0.94,0.88,0.96,0.95,0.93,0.8,0.93,0.79,0.71,0.629999999999999,0.56,0.53,-1,-1,-1,-1,-1,-1,-1,-1,-1,-1,-1,0.48,0.58,0.42,0.48,0.5,0.48,-1,-1,-1,0.55,0.41,0.45,0.42,0.45,0.47,-1,0.43,-1,-1,-1,-1,-1,-1,-1,-1,-1,-1,-1,-1,-1,-1,-1,-1,-1,-1,-1,-1,-1,0.32,-1,-1,-1,-1,-1,-1,-1,0.26,0.18,0.16,0.24,0.16,0.22,0.19,0.25,0.26,-1,-1,0.38,-1,-1,-1,-1,-1,-1,-1,-1,-1,-1,-1,-1,-1,-1,-1,-1,-1,-1,-1,-1,-1,-1,-1,-1,-1,-1,-1,-1,-1,0.56,0.52,0.46,0.52,0.46,0.42,0.47,0.42,-1,-1,-1,-1,-1,-1,-1,-1,-1,-1,-1,-1,-1,-1,-1,-1,-1,-1,0.18,0.24,0.15,0.25,0.18,0,0,0,0,-1,-1,-1,-1,-1,-1,-1,0,0,0,0,0,0,0,0
-1,-1,-1,-1,0.61,0.77,0.69,0.64,0.57,-1,-1,-1,-1,-1,-1,-1,-1,-1,0.41,0.5,0.41,0.38,0.38,0.39,0.31,0.56,0.42,0.5,0.46,0.43,0.47,0.48,0.51,0.56,0.51,-1,-1,-1,0.64,0.8,0.86,0.88,0.82,0.77,0.77,0.73,0.79,0.63,0.62,0.59,0.55,0.53,-1,-1,-1,-1,-1,-1,-1,-1,-1,-1,0.57,0.44,0.4,0.43,0.46,0.5,0.49,-1,-1,-1,0.49,0.42,0.48,0.38,0.39,-1,-1,0.43,-1,-1,-1,-1,-1,-1,-1,-1,-1,-1,-1,-1,-1,-1,-1,-1,-1,-1,-1,-1,-1,0.23,-1,-1,-1,-1,-1,-1,-1,0.16,0.26,0.21,0.23,0.25,0.2,0.22,0.27,0.23,-1,-1,0.43,-1,-1,-1,-1,-1,-1,-1,-1,-1,-1,-1,-1,-1,-1,-1,-1,-1,-1,-1,-1,-1,-1,-1,-1,-1,-1,-1,-1,-1,0.56,0.53,0.53,0.41,0.5,0.52,0.37,0.48,-1,-1,-1,-1,-1,-1,-1,-1,-1,-1,-1,-1,-1,-1,-1,-1,-1,-1,0.2,0.3,0.21,0.17,0.15,0,0,0,0,-1,-1,-1,-1,-1,-1,-1,0,0,0,0,0,0,0,0
0.81,0.77,0.74,0.68,0.9,0.8,0.78,0.74,0.69,0.59,0.55,0.54,0.64,0.55,-1,-1,-1,-1,0.44,0.44,0.43,0.5,0.49,0.49,0.51,0.47,0.51,0.49,0.46,0.56,0.42,0.43,0.55,0.51,-1,-1,-1,-1,0.68,0.78,0.78,0.77,0.73,0.83,0.7,0.76,0.63,0.64,0.6,0.62,0.52,0.53,-1,-1,-1,-1,-1,-1,-1,-1,-1,-1,0.53,0.36,0.43,0.37,0.45,0.41,-1,-1,-1,-1,-1,-1,-1,-1,-1,-1,-1,-1,-1,-1,-1,-1,-1,-1,-1,-1,-1,-1,-1,-1,-1,-1,-1,-1,-1,-1,-1,-1,-1,0.26,-1,-1,-1,-1,-1,-1,-1,0.25,0.16,0.11,0.17,0.18,0.28,0.2,0.21,0.24,-1,-1,0.34,-1,-1,-1,-1,-1,-1,-1,-1,-1,-1,-1,-1,-1,-1,-1,-1,-1,-1,-1,-1,-1,-1,-1,-1,-1,-1,-1,-1,-1,0.67,0.65,0.57,0.58,0.51,0.45,0.47,0.45,-1,-1,-1,-1,-1,-1,-1,-1,-1,-1,-1,-1,-1,-1,-1,-1,-1,-1,0.17,0.16,0.18,0.16,0.2,0,0,0,0,0,0,0,0,0,0,0,0,0,0,0,0,0,0,0
0.87,0.85,0.85,0.77,0.86,0.84,0.88,0.86,0.76,0.62,0.54,0.5,0.56,0.55,0.45,0.54,0.53,0.47,0.48,0.34,0.49,0.43,0.46,0.4,0.41,0.4,0.5,0.45,0.6,0.44,0.52,0.55,0.51,0.46,0.6,-1,-1,-1,0.65,0.66,0.64,0.65,0.76,0.66,0.69,0.63,0.63,0.55,0.63,0.5,0.49,0.45,-1,-1,-1,-1,-1,-1,-1,-1,-1,-1,0.32,0.42,0.49,0.5,0.52,-1,-1,-1,-1,-1,-1,-1,-1,-1,-1,-1,0.42,-1,-1,-1,-1,-1,-1,-1,-1,-1,-1,-1,-1,-1,-1,-1,-1,-1,-1,0.28,0.27,0.29,0.26,0.24,-1,-1,-1,-1,-1,-1,-1,0.15,0.19,0.21,0.24,0.2,0.21,0.23,0.29,0.35,-1,-1,0.3,-1,-1,-1,-1,-1,-1,-1,-1,-1,-1,-1,-1,-1,-1,-1,-1,-1,-1,0.76,0.8,0.74,0.79,0.75,0.73,0.67,0.73,0.68,0.61,0.49,0.52,0.59,0.58,0.55,0.46,0.39,-1,-1,-1,-1,-1,-1,-1,-1,-1,-1,-1,-1,-1,-1,-1,-1,-1,-1,-1,-1,0.2,0.2,0.29,0.18,-1,-1,0,0,0,0,0,0,0,0,0,0,0,0,0,0,0,0,0,0
0.84,0.87,0.869999999999999,0.8,0.86,0.9,0.82,0.77,0.7,0.66,0.67,0.69,0.64,0.54,0.47,0.55,0.5,-1,0.5,0.45,0.37,0.48,0.47,0.39,0.5,0.42,0.45,0.44,0.42,0.44,0.51,0.54,0.49,0.55,0.53,-1,-1,0.56,0.62,0.66,0.54,0.45,0.58,0.66,0.6,0.55,0.55,0.5,0.55,0.49,0.49,0.56,-1,-1,-1,-1,-1,-1,-1,-1,-1,-1,0.36,0.44,0.36,0.4,-1,-1,-1,0.5,0.45,0.47,0.48,0.38,0.51,0.44,0.45,-1,0.38,-1,0.37,0.49,0.3,0.4,0.3,0.36,0.28,0.26,0.23,-1,-1,-1,-1,-1,-1,-1,-1,0.23,0.26,0.27,0.14,-1,-1,-1,-1,-1,-1,-1,-1,0.2,0.1,0.22,0.28,0.2,0.19,0.28,0.23,0.23,-1,-1,0.23,-1,-1,-1,-1,-1,-1,-1,-1,-1,-1,-1,-1,-1,-1,-1,-1,-1,-1,-1,-1,0.77,0.76,0.65,0.6,0.73,0.57,0.68,0.49,0.55,0.59,0.54,0.57,0.49,0.47,0.44,0.37,0.42,0.41,0.34,0.38,0.37,0.39,0.35,0.27,0.31,0.24,0.26,0.3,0.31,0.26,0.25,0.2,-1,-1,-1,0.25,-1,-1,-1,0.21,0,0,0,0,-1,-1,-1,-1,-1,-1,-1,-1,-1,0,0,0,0,0,0
-1,-1,-1,0.88,0.96,0.94,0.9,-1,-1,-1,0.63,0.65,0.63,0.57,0.5,0.5,0.46,0.43,0.4,0.37,0.43,0.36,0.49,0.41,0.53,0.41,0.38,0.48,0.4,0.43,0.47,0.52,0.47,0.46,-1,-1,-1,-1,0.65,0.59,0.57,0.56,0.56,0.53,0.59,0.5,0.51,0.49,0.47,0.5,0.46,0.41,-1,-1,-1,-1,-1,-1,-1,-1,-1,-1,0.32,0.41,0.41,0.38,-1,-1,0.47,0.42,0.48,0.45,0.45,0.36,0.46,0.38,0.33,-1,0.33,-1,0.33,0.34,0.38,0.3,0.37,0.4,0.24,0.33,0.23,-1,-1,-1,-1,-1,-1,-1,0.14,0.19,0.26,0.24,0.23,-1,-1,-1,-1,-1,-1,-1,-1,0.09,0.18,0.16,0.19,0.21,0.27,0.27,0.26,0.25,0.29,0.33,0.34,-1,-1,-1,-1,-1,-1,-1,-1,-1,-1,-1,-1,-1,-1,-1,-1,-1,-1,-1,-1,0.75,0.75,0.65,0.69,0.68,0.45,0.61,0.62,0.56,0.51,0.55,0.54,0.55,0.48,0.38,0.48,0.31,0.35,0.26,0.41,0.35,0.29,0.35,0.37,0.35,0.26,0.23,0.26,0.31,0.27,0.23,0.19,-1,-1,-1,0.18,0.19,0.16,0.1,0.26,0,0,0,0,-1,-1,-1,-1,-1,-1,-1,-1,-1,0,0,0,0,0,0
-1,-1,-1,0.92,0.98,0.96,0.92,-1,-1,-1,-1,-1,-1,-1,-1,-1,0.52,0.42,0.43,0.37,0.41,0.41,0.38,0.39,0.45,0.41,0.38,0.4,0.45,0.48,0.45,0.44,0.45,0.43,-1,-1,-1,-1,0.48,0.42,0.59,0.53,0.51,0.49,0.53,0.44,0.49,0.52,0.38,0.41,0.45,-1,-1,-1,-1,-1,-1,-1,-1,-1,-1,-1,0.36,0.36,0.39,0.36,-1,-1,0.38,0.36,0.42,0.39,0.44,0.4,0.46,0.43,0.45,0.43,-1,-1,0.43,-1,-1,-1,-1,-1,-1,-1,0.32,-1,-1,-1,-1,-1,-1,-1,0.19,0.16,0.28,0.18,0.26,-1,-1,-1,-1,-1,-1,-1,-1,0.23,0.14,0.23,0.27,0.2,0.25,0.23,0.29,-1,-1,-1,-1,-1,-1,-1,-1,-1,-1,-1,-1,-1,-1,-1,-1,-1,-1,-1,-1,-1,-1,-1,-1,-1,-1,-1,-1,-1,-1,-1,-1,-1,-1,0.52,0.51,0.48,0.49,0.5,0.47,0.37,0.41,0.42,0.45,0.34,0.25,0.36,0.23,0.25,0.3,0.29,0.25,0.23,0.2,0.32,0.2,-1,-1,-1,0.14,-1,0.19,0.24,0,0,0,0,0,-1,-1,-1,-1,-1,-1,-1,-1,-1,0,0,0,0,0,0
0.97,-1,0.96,1,0.98,0.98,0.94,-1,-1,-1,-1,-1,-1,-1,-1,-1,0.47,0.48,0.48,0.5,0.47,0.49,0.32,0.47,0.41,0.43,0.3,0.35,0.47,0.51,0.4,0.56,0.51,0.49,0.44,0.46,0.57,0.41,0.46,0.48,0.53,0.42,0.56,0.46,0.38,0.43,0.46,0.51,0.54,0.4,0.42,-1,-1,-1,-1,-1,-1,-1,-1,-1,-1,-1,0.36,0.47,0.37,0.44,-1,-1,-1,0.48,0.48,0.31,0.37,0.46,0.4,0.38,0.39,0.42,-1,0.36,0.27,-1,-1,-1,-1,-1,-1,-1,0.31,-1,-1,0.23,0.23,0.25,0.22,0.21,0.19,0.15,0.24,0.1,0.16,-1,-1,-1,-1,-1,-1,-1,-1,0.2,0.22,0.2,0.18,0.2,0.28,0.21,0.25,-1,-1,-1,-1,-1,-1,-1,-1,-1,-1,-1,-1,-1,-1,-1,-1,-1,-1,-1,-1,-1,-1,-1,-1,-1,-1,-1,-1,-1,-1,-1,-1,-1,-1,0.45,0.49,0.43,0.43,0.3,0.41,0.41,0.35,0.41,0.36,0.3,0.33,0.29,0.28,0.24,0.23,0.26,0.31,0.28,0.37,0.17,0.3,-1,-1,-1,0.17,0.15,0.19,0.15,0,0,0,0,0,-1,-1,-1,-1,-1,-1,-1,-1,-1,0,0,0,0,0,0
0.99,1,1,1,0.99,0.97,0.96,-1,-1,-1,-1,-1,-1,-1,-1,0.55,0.46,0.49,0.42,0.5,0.48,0.4,0.45,0.37,0.36,0.33,0.35,0.39,0.54,0.48,0.36,0.43,0.53,0.51,0.45,0.47,0.49,0.52,0.44,0.42,0.46,0.48,0.42,0.43,0.44,0.44,0.5,0.45,0.37,0.43,0.5,-1,-1,-1,-1,-1,-1,-1,-1,-1,-1,-1,0.45,0.34,0.35,0.4,-1,-1,-1,-1,-1,-1,-1,-1,-1,-1,-1,-1,-1,0.27,0.39,0.41,0.27,0.29,0.36,0.32,0.28,0.26,0.26,0.25,0.27,0.21,-1,-1,-1,-1,0.13,0.12,0.1,0.21,0.17,0.14,0.2,0.17,0.14,0.11,0.22,0.18,0.19,0.18,0.22,0.17,0.2,0.18,0.27,0.23,0.23,-1,-1,-1,-1,-1,-1,-1,-1,-1,-1,-1,-1,-1,-1,-1,-1,-1,-1,-1,-1,-1,-1,-1,-1,-1,-1,-1,-1,-1,-1,-1,-1,0.52,0.47,0.52,0.39,0.45,0.48,0.44,-1,-1,0.4,0.33,0.4,0.3,0.41,0.34,0.26,0.37,0.28,0.35,0.25,0.26,0.26,0.28,0.24,0.23,0.28,0.17,0.27,0.25,0.2,0.17,0,0,0,0,0,-1,-1,-1,-1,-1,-1,-1,-1,-1,0,0,0,0,0,0
-1,-1,0.98,1,1,0.98,0.96,0.81,0.76,0.75,-1,-1,-1,-1,-1,0.51,0.48,0.54,0.47,0.43,0.37,0.42,0.41,0.43,0.43,0.51,0.33,0.4,0.52,0.41,0.44,0.42,0.47,0.43,0.42,0.4,0.44,0.34,0.36,0.38,0.38,0.35,0.44,0.4,0.43,0.47,0.46,0.42,0.45,0.46,0.43,-1,-1,-1,-1,-1,-1,-1,-1,-1,-1,-1,0.48,0.43,0.33,0.41,-1,-1,-1,-1,-1,-1,-1,-1,-1,-1,-1,-1,-1,-1,0.4,-1,-1,0.34,0.37,0.34,0.34,0.27,0.4,0.25,0.28,0.3,-1,-1,-1,-1,0.09,0.11,0.14,0.26,0.17,0.2,-1,-1,-1,-1,0.1,0.13,0.11,0.15,0.2,0.22,0.21,0.19,0.17,0.2,0.21,0.25,0.27,0.3,0.31,0.31,0.27,0.36,0.38,0.39,0.47,-1,-1,-1,-1,-1,-1,-1,-1,-1,-1,-1,0.53,0.56,0.54,0.53,0.52,0.58,0.53,0.5,0.49,0.5,0.48,0.49,0.6,0.49,0.45,0.42,0.47,0.46,-1,-1,-1,-1,-1,-1,-1,-1,-1,-1,-1,-1,-1,-1,-1,-1,-1,-1,-1,0.28,0.18,0.15,0.2,0,0,0,0,0,0,-1,-1,-1,-1,-1,-1,-1,-1,-1,0,0,0,0,0,0
-1,-1,0.98,0.99,1,0.96,0.98,-1,-1,-1,-1,0.58,0.59,0.59,0.55,0.6,0.5,0.52,0.5,0.43,0.46,0.38,0.43,0.5,0.37,0.41,0.42,0.51,0.44,0.34,0.47,0.45,0.48,0.44,0.43,0.46,0.48,0.38,0.35,0.38,0.4,0.36,0.38,0.35,0.39,0.39,0.4,0.51,0.47,0.41,0.49,-1,-1,-1,-1,-1,-1,-1,-1,-1,-1,-1,0.34,0.38,0.54,0.36,0.49,0.41,0.41,0.41,0.34,0.37,0.36,0.38,0.38,0.43,0.35,0.33,0.27,-1,0.34,-1,-1,0.28,0.23,0.28,0.29,0.19,0.29,0.36,0.17,0.25,-1,-1,-1,-1,0.2,-1,-1,-1,-1,0.17,0.15,0.06,0.14,0.06,0.18,0.16,0.14,0.11,0.12,0.21,0.24,0.2,0.2,0.21,0.25,0.27,0.27,0.23,0.29,0.34,0.3,0.37,0.29,0.36,-1,-1,-1,-1,-1,-1,-1,0.38,0.49,0.54,0.47,0.51,0.43,0.55,0.49,0.46,0.42,0.41,0.5,0.54,0.51,0.45,0.51,0.41,0.46,0.44,0.32,0.42,0.4,0.42,-1,-1,-1,-1,-1,-1,-1,-1,-1,-1,-1,-1,-1,-1,-1,-1,-1,-1,-1,0.2,0.26,0.21,0.25,0,0,0,0,0,0,0,0,0,0,0,0,0,0,0,0,0,0,0,0,0
0.97,0.96,0.99,0.98,0.96,0.97,0.92,-1,-1,-1,-1,-1,-1,0.63,0.57,0.51,0.58,0.54,0.45,0.35,0.32,0.37,0.42,0.47,0.41,0.44,0.44,-1,-1,-1,-1,-1,-1,0.46,-1,0.37,0.34,0.35,0.41,0.41,0.36,0.35,0.36,0.32,0.28,0.41,0.39,0.55,0.46,0.52,0.46,-1,-1,-1,-1,-1,-1,-1,-1,-1,-1,-1,0.43,0.59,0.4,0.37,-1,-1,-1,-1,-1,-1,-1,-1,-1,-1,-1,-1,-1,0.3,0.29,-1,-1,-1,-1,-1,-1,-1,0.22,0.29,0.26,0.13,0.22,0.25,0.18,0.24,0.12,-1,-1,-1,-1,0.11,0.09,0.11,0.1,0.2,0.18,0.16,0.14,0.11,0.2,0.14,0.16,0.2,0.16,0.15,0.24,0.28,0.23,0.16,0.37,0.26,0.35,0.44,0.27,0.3,-1,-1,-1,-1,-1,-1,-1,0.44,0.41,0.48,0.38,0.47,0.58,0.41,0.45,0.53,0.46,0.45,0.45,0.5,0.49,0.4,0.42,0.41,0.45,0.4,0.39,0.35,0.39,0.33,-1,-1,0.33,0.38,0.24,0.27,0.33,0.37,0.32,0.25,0.27,0.29,0.24,0.19,0.23,0.24,0.31,0.23,0.29,0.26,0.16,0.21,0,0,-1,0,0,0,-1,-1,-1,0,0,0,0,0,0,0,0,0,0,0,0,0
0.94,0.93,0.99,0.99,0.96,0.94,0.73,-1,-1,-1,-1,-1,-1,-1,0.58,0.45,0.55,0.49,0.49,0.42,0.41,0.34,0.41,0.37,0.5,0.47,0.45,-1,-1,-1,-1,-1,-1,-1,-1,0.41,0.35,0.33,0.29,0.37,0.35,0.31,0.3,0.43,0.37,0.28,0.35,0.45,0.41,0.51,0.53,-1,-1,-1,-1,-1,-1,-1,-1,-1,-1,-1,0.47,0.56,0.46,0.43,-1,-1,-1,-1,-1,-1,-1,-1,-1,-1,-1,-1,0.32,0.28,0.28,0.38,0.24,0.27,-1,-1,-1,-1,0.3,0.22,0.21,0.2,0.18,0.21,0.17,0.15,0.19,-1,-1,-1,-1,0.1,0.1,0.03,0.08,0.11,0.14,0.14,0.15,0.2,0.16,0.14,0.21,0.23,0.24,-1,0.25,0.22,0.24,0.27,0.3,0.36,0.36,0.3,0.33,0.38,-1,-1,-1,-1,-1,-1,-1,-1,-1,-1,-1,-1,-1,-1,-1,-1,-1,-1,-1,-1,-1,-1,0.46,0.43,0.43,0.33,0.4,0.45,0.43,0.41,0.41,0.37,0.34,0.31,0.35,0.33,0.32,0.35,0.32,0.28,0.35,0.27,0.32,0.22,0.2,0.2,0.26,0.16,0.24,0.18,0.29,0.16,0,0,-1,0,0,0,-1,-1,-1,-1,-1,-1,-1,-1,-1,0,0,0,0,0,0,0
0.97,0.99,0.93,0.95,0.92,0.88,-1,-1,-1,-1,-1,-1,0.51,0.47,0.62,0.59,0.51,0.42,0.58,0.48,0.54,0.42,0.48,0.36,0.46,0.31,0.34,-1,-1,-1,-1,-1,-1,-1,0.49,0.37,0.38,0.31,0.36,0.29,0.36,0.29,0.35,0.35,0.33,0.39,0.37,0.51,0.43,0.51,0.46,-1,-1,-1,-1,-1,-1,-1,-1,-1,-1,-1,0.46,0.48,0.48,0.53,-1,-1,-1,-1,-1,-1,-1,-1,-1,-1,-1,-1,0.42,0.35,0.35,0.26,0.26,0.32,0.3,0.26,0.23,0.23,0.22,0.2,0.23,0.19,0.22,0.22,0.18,0.26,0.14,0.08,0.14,0.11,0,0.11,0.13,0.11,0.15,0.15,0.16,0.1,0.14,0.18,0.13,0.17,0.15,0.19,0.27,-1,0.22,-1,-1,-1,-1,-1,-1,-1,-1,-1,-1,-1,-1,-1,-1,-1,-1,-1,-1,-1,-1,-1,-1,-1,-1,-1,-1,-1,-1,-1,-1,-1,-1,0.37,0.41,0.33,0.4,0.37,0.39,0.42,0.41,0.32,0.31,0.37,0.3,0.35,0.24,0.39,0.29,0.28,0.31,0.18,0.22,0.19,0.22,0.23,0.2,0.2,0.17,0.15,0.12,0,0,0,0,0,0,0,-1,-1,-1,-1,-1,-1,-1,-1,-1,0,0,0,0,0,0,0
0.86,-1,-1,0.86,0.96,0.869999999999999,-1,-1,-1,-1,-1,-1,0.61,0.6,0.62,0.65,0.52,0.57,0.41,0.48,0.46,0.44,0.44,0.45,0.55,0.39,0.37,-1,-1,-1,-1,-1,-1,0.4,0.42,0.41,0.35,0.3,0.34,0.33,0.35,0.33,0.37,0.39,0.33,0.38,0.36,0.42,0.55,0.56,0.55,-1,-1,-1,-1,-1,-1,-1,-1,-1,-1,-1,0.63,0.48,0.5,0.48,0.5,-1,-1,-1,-1,-1,-1,-1,-1,-1,-1,-1,0.4,0.36,0.3,0.31,0.31,0.24,0.26,0.21,0.22,0.2,0.36,0.3,0.24,0.21,0.2,0.26,0.23,-1,-1,-1,-1,-1,-1,-1,-1,-1,-1,-1,-1,0.11,0.2,0.17,0.13,0.12,0.16,0.22,0.15,0.17,0.25,-1,-1,-1,-1,-1,-1,-1,-1,-1,-1,-1,-1,-1,-1,-1,-1,-1,-1,-1,-1,-1,-1,-1,-1,-1,-1,-1,-1,-1,-1,-1,-1,0.45,0.4,0.35,0.37,0.35,0.41,0.32,0.4,0.31,0.33,0.34,0.28,0.29,0.24,0.31,0.3,0.36,0.3,0.27,0.31,0.26,0.23,0.22,0.18,0.28,0.22,0.19,0.22,0,0,0,0,0,0,0,-1,-1,-1,0,0,0,0,0,0,0,0,0,0,0,0,0
-1,-1,0.81,0.72,0.91,0.85,-1,-1,-1,-1,-1,-1,0.6,0.57,0.44,0.52,0.53,0.44,0.47,0.37,0.41,0.36,0.45,0.36,0.48,0.36,0.34,-1,-1,-1,-1,-1,-1,-1,0.2,0.29,0.3,0.31,0.31,0.43,0.25,0.41,0.34,0.41,0.43,0.4,0.41,0.59,0.53,0.62,0.53,-1,-1,-1,-1,-1,-1,-1,-1,-1,-1,0.49,0.55,0.5,0.56,0.53,0.44,0.46,-1,0.46,0.38,0.48,0.33,0.43,0.45,0.41,0.37,0.45,0.38,0.42,0.28,0.27,0.33,0.19,0.3,0.23,0.29,0.25,0.22,0.26,0.27,0.25,0.31,0.22,0.22,0.21,0.22,0.13,0,0,-1,-1,-1,-1,-1,-1,-1,0.12,0.14,0.12,0.26,0.18,0.18,0.23,0.15,0.21,0.26,-1,-1,-1,-1,-1,-1,-1,-1,-1,-1,-1,-1,-1,-1,-1,-1,-1,-1,-1,-1,-1,-1,-1,-1,-1,-1,-1,-1,-1,-1,-1,-1,0.38,0.42,0.33,0.2,0.44,0.29,0.35,0.32,0.28,0.38,0.28,0.3,0.35,0.25,0.31,0.2,0.25,0.27,0.27,0.21,0.24,0.25,0.23,0.21,0.21,0.19,0.28,0,0,0,0,0,0,0,0,0,0,0,0,0,0,0,0,0,0,0,0,0,0,0,0
-1,0.82,0.76,0.77,0.84,0.79,-1,-1,-1,-1,-1,-1,0.5,0.58,0.47,0.52,0.5,0.43,0.37,0.48,0.47,0.35,0.35,0.39,0.4,0.37,0.39,-1,-1,-1,-1,-1,-1,-1,0.27,0.36,0.39,0.38,0.32,0.39,0.39,0.37,0.35,0.38,0.44,0.46,0.55,0.58,0.69,0.73,0.51,-1,-1,-1,-1,-1,-1,-1,-1,-1,-1,0.6,0.6,0.57,0.64,0.47,0.49,0.51,-1,-1,-1,-1,-1,-1,-1,-1,-1,0.3,0.35,-1,-1,-1,-1,-1,-1,-1,0.29,0.24,0.24,0.2,0.21,0.23,0.31,0.22,0.21,0.19,0.21,0.08,0,0,0,0,0,0.14,0.11,0.18,0.08,0.13,0.15,0.08,0.19,0.16,0.13,0.15,0.13,0.18,0.2,-1,-1,0.2,0.3,-1,-1,0.3,0.22,0.32,-1,-1,-1,-1,-1,-1,-1,-1,-1,-1,-1,-1,-1,-1,-1,-1,-1,-1,-1,-1,-1,-1,-1,0.46,0.36,0.31,0.29,0.29,0.36,-1,-1,-1,-1,0.27,0.29,0.29,0.22,0.31,0.24,0.21,0.21,0.25,0.23,0.32,-1,-1,-1,-1,-1,-1,-1,-1,-1,-1,0,0,0,0,-1,-1,-1,-1,-1,-1,-1,-1,0,0,0,0,0,0,0,0
-1,0.75,0.67,0.73,0.62,-1,-1,-1,-1,-1,-1,0.58,0.46,0.54,0.57,0.45,0.45,0.44,0.52,0.48,0.33,0.44,0.46,0.38,0.41,0.38,0.36,0.47,0.43,0.32,0.41,0.34,0.45,0.47,0.27,0.26,0.33,0.34,0.37,0.37,0.36,0.4,0.48,0.43,0.43,0.58,0.62,0.6,0.67,0.71,0.68,0.64,0.75,-1,-1,-1,-1,-1,-1,-1,-1,0.61,0.73,0.69,0.69,0.62,0.54,0.47,-1,-1,-1,-1,-1,-1,-1,-1,-1,-1,0.3,-1,-1,-1,-1,-1,-1,-1,0.31,0.35,0.26,0.21,0.27,0.24,0.14,0.22,0.25,0.24,0.13,0.12,0,0,0,0,0,0,0.07,0.15,0.1,0.23,0.14,0.15,0.21,0.11,0.14,0.24,0.2,0.13,0.21,0.14,0.19,0.19,0.2,0.29,0.27,0.21,0.29,0.32,-1,-1,-1,-1,-1,-1,-1,-1,-1,-1,-1,-1,-1,-1,-1,-1,-1,-1,-1,-1,-1,-1,-1,0.33,0.34,0.36,0.28,0.4,0.33,-1,-1,-1,-1,-1,-1,-1,-1,-1,-1,-1,-1,0.25,0.24,0.25,-1,-1,-1,-1,-1,-1,-1,-1,-1,-1,0,0,0,0,-1,-1,-1,-1,-1,-1,-1,-1,0,0,0,0,0,0,0,0
0.65,0.64,0.68,0.69,0.7,0.64,0.61,0.56,0.61,-1,-1,0.56,0.52,0.52,0.5,0.49,0.53,0.44,0.5,0.31,0.52,0.44,0.39,0.38,0.38,0.36,0.37,0.32,0.39,0.37,0.36,0.4,0.31,0.33,0.17,0.28,0.28,0.34,0.3,0.37,0.37,0.47,0.46,0.53,0.52,0.61,0.67,0.64,0.77,0.75,0.71,0.8,0.86,0.88,0.92,0.9,0.93,0.91,0.89,0.83,0.78,0.76,0.73,0.75,0.63,0.57,0.49,0.42,-1,-1,-1,-1,-1,-1,-1,-1,-1,-1,0.29,-1,-1,-1,-1,-1,-1,-1,0.2,0.26,0.2,0.27,0.26,0.25,0.2,0.27,0.1,0.15,0.1,0.06,0,0,0,0,0,0,0.11,0.1,0.14,0.13,0.1,0.05,0.2,0.1,0.14,0.14,0.21,-1,0.17,0.18,-1,0.21,0.24,0.25,0.2,0.3,0.28,0.25,-1,-1,-1,-1,-1,-1,-1,-1,-1,-1,-1,-1,-1,-1,-1,-1,-1,-1,-1,-1,-1,-1,-1,0.35,0.35,0.43,0.37,0.3,0.3,0.3,0.31,0.21,0.33,0.32,0.24,0.19,0.24,0.29,0.27,0.24,0.24,0.16,0.2,0.26,0.19,0.22,0.2,0.29,0,0,0,0,0,0,0,0,0,0,0,-1,-1,-1,-1,-1,-1,-1,-1,0,0,0,0,0,0,0
0.68,0.64,0.64,0.59,0.71,0.61,0.67,0.63,0.59,0.52,0.59,0.5,0.52,0.57,0.45,0.47,0.53,0.39,0.39,0.41,0.36,0.38,0.37,0.37,0.4,0.42,0.31,0.32,0.37,0.27,0.4,0.35,0.31,0.19,0.29,0.28,0.3,0.3,0.35,0.34,0.41,0.4,0.46,0.5,0.45,0.55,0.63,0.76,0.81,0.8,0.85,0.88,0.91,0.96,0.92,0.98,0.98,0.97,0.92,0.92,0.8,0.83,0.85,0.74,0.69,0.74,0.59,0.57,0.47,0.55,0.42,0.39,0.37,0.41,0.31,0.38,0.33,0.44,-1,-1,-1,-1,-1,-1,-1,-1,-1,-1,-1,-1,-1,-1,0.29,0.15,0.15,0.19,0.11,0.12,0,0,0,0,0,0,0,0.09,0.13,0.07,0.13,0.09,0.21,0.15,0.15,0.17,0.23,-1,0.12,0.19,-1,-1,-1,-1,-1,-1,-1,-1,-1,-1,-1,-1,-1,-1,-1,-1,-1,-1,-1,-1,-1,-1,-1,-1,-1,-1,-1,-1,-1,-1,-1,0.32,0.28,0.3,0.29,0.35,0.18,0.24,0.36,0.31,0.25,0.35,0.29,0.3,0.18,0.25,0.26,0.19,0.31,0.17,0.3,0.21,0.26,0.22,0.16,0,0,0,0,0,0,0,0,0,0,0,0,-1,-1,-1,-1,-1,-1,-1,-1,0,0,0,0,0,0,0
0.55,0.61,0.72,0.65,0.6,0.63,0.58,0.59,0.59,0.55,0.45,0.54,0.47,0.5,0.52,0.44,0.45,0.41,0.41,0.4,0.5,0.42,0.35,0.36,0.34,0.33,0.35,0.36,0.36,0.32,0.3,0.37,0.29,0.27,0.35,0.25,0.3,0.44,0.35,0.37,0.47,0.44,0.54,0.57,0.62,0.61,0.65,0.7,0.8,0.82,0.88,0.95,0.95,0.93,1,0.98,0.99,0.99,0.96,0.91,0.92,0.87,0.82,0.81,0.72,0.67,0.67,0.54,0.58,0.37,0.46,0.4,0.5,0.4,0.44,0.38,0.41,0.34,-1,-1,-1,-1,0.24,0.31,0.27,0.21,0.28,0.3,0.23,-1,-1,-1,0.16,0.13,0.21,0.12,0.13,0.12,0,0,0,0,0,0,0,0,0.1,0.09,0.19,0.11,0.1,0.19,0.21,0.11,0.18,0.19,0.23,0.18,0.22,0.25,0.25,0.23,0.25,0.27,0.25,0.3,0.25,0.2,0.27,0.3,0.28,0.27,0.19,0.28,0.33,0.26,0.4,0.33,0.29,0.28,0.28,0.37,0.31,0.3,0.36,0.29,0.42,0.35,0.21,0.37,0.3,0.25,0.21,0.27,0.27,0.26,0.23,0.24,0.35,0.31,0.22,0.23,0.27,0.25,0.23,0.23,0.23,0.27,0.25,0.3,0.2,0.18,0,0,0,0,0,0,0,0,0,0,0,0,0,-1,-1,-1,-1,-1,-1,-1,-1,0,0,0,0,0,0,0
0.57,0.66,0.63,0.72,0.55,0.66,0.56,0.63,0.53,0.53,0.57,0.49,0.47,0.45,0.48,0.5,0.48,0.4,0.48,0.42,0.5,0.33,0.44,0.44,0.36,0.33,0.28,0.41,0.38,0.35,0.32,0.41,0.26,0.31,0.32,0.33,0.26,0.29,0.46,0.42,0.44,0.5,0.61,0.62,0.6,0.68,0.7,0.82,0.83,0.81,0.92,0.95,0.97,0.99,1,1,1,1,0.97,0.94,0.93,0.88,0.84,0.809999999999999,0.810000000000001,0.67,0.6,0.55,0.47,0.48,-1,-1,-1,0.45,0.42,0.36,0.38,0.32,-1,-1,-1,-1,0.32,0.27,0.34,0.26,0.32,0.23,0.22,-1,-1,0.16,0.17,0.11,0.19,0.12,0.14,0.14,0,0,-1,-1,-1,-1,-1,-1,0,0.13,0.14,0.11,0.15,0.2,0.17,0.21,0.18,0.22,0.2,0.22,0.14,0.26,0.18,0.23,0.17,0.28,0.28,0.26,0.27,0.28,0.36,0.25,0.31,0.25,0.28,0.24,0.29,0.26,0.32,0.34,0.28,0.22,0.34,0.3,0.35,0.31,0.32,0.33,0.25,0.34,0.25,0.33,0.31,0.38,0.35,0.3,0.34,-1,-1,-1,-1,-1,-1,-1,-1,-1,-1,-1,0.28,0.22,0.17,0.18,-1,-1,-1,-1,-1,-1,-1,-1,-1,-1,0,0,0,0,0,-1,-1,-1,-1,-1,-1,-1,-1,0,0,0,0,0,0,0
0.63,0.66,0.61,0.59,0.55,0.57,0.59,0.49,0.47,0.54,0.44,0.44,0.47,0.44,0.46,0.41,0.44,0.41,0.43,0.4,0.43,0.36,0.38,0.3,0.51,0.43,0.37,0.33,0.32,0.25,0.36,0.42,0.29,0.31,0.38,0.28,0.35,0.36,0.41,0.41,0.47,0.52,0.43,0.56,0.59,0.77,0.71,0.73,0.86,0.84,0.97,0.96,0.96,1,1,1,1,1,0.98,0.97,0.889999999999999,0.909999999999999,0.83,0.9,0.79,0.65,0.6,0.62,0.51,0.48,0.49,0.44,0.51,0.44,0.43,0.31,0.2,0.3,-1,-1,-1,-1,-1,-1,-1,-1,-1,-1,0.2,-1,-1,0.16,0.15,0.09,0.1,0.1,0.1,0.11,0,0,-1,-1,-1,-1,-1,-1,0,0,0.09,0.16,0.16,0.2,0.17,0.17,0.19,0.14,0.18,0.16,0.23,0.15,0.22,0.24,0.31,0.18,0.23,0.18,0.24,0.27,0.27,0.25,0.36,0.32,0.32,0.32,0.19,0.4,0.24,0.34,0.31,0.25,0.27,0.27,0.3,0.25,0.28,0.3,0.29,0.26,-1,0.34,0.31,0.24,0.21,0.27,0.36,-1,-1,-1,-1,-1,-1,-1,-1,-1,-1,-1,0.21,0.27,0.22,0.2,-1,-1,-1,-1,-1,-1,-1,-1,-1,-1,0,0,0,0,0,-1,-1,0,0,0,0,0,0,0,0,0,0,0,0,0
0.51,0.59,0.53,0.57,0.47,0.51,0.5,0.53,0.49,0.44,0.41,0.48,0.41,0.43,0.34,0.4,0.46,0.37,0.4,0.36,0.37,0.39,0.33,0.28,0.35,0.33,0.28,0.37,0.34,0.33,0.39,0.31,0.29,0.25,0.36,0.32,0.35,0.4,0.45,0.43,0.52,0.49,0.46,0.58,0.65,0.7,0.74,0.77,0.87,0.86,0.92,0.92,0.97,1,0.99,1,1,0.97,1,0.94,0.92,0.9,0.84,0.83,0.72,-1,-1,0.62,0.57,0.38,0.58,-1,-1,-1,0.44,0.37,0.4,0.34,-1,-1,-1,-1,-1,-1,-1,-1,-1,-1,0.16,-1,-1,0.12,0.17,0.18,0.12,0.11,0.18,0.17,0,0,0,0,0,0,0,0,0,0,0,0,0.1,0.15,0.14,0.18,0.11,0.13,0.22,0.13,0.22,0.2,0.26,0.29,0.27,0.28,0.19,0.24,0.28,0.33,0.17,0.32,0.27,0.29,0.29,0.24,0.31,0.21,0.3,0.35,0.19,0.28,0.26,0.29,0.31,0.31,0.29,0.31,0.25,0.33,-1,0.31,0.28,0.32,0.2,0.3,0.3,0.19,0.27,0.33,-1,-1,-1,-1,-1,-1,-1,-1,0.21,0.25,0.22,0,0,0,0,0,0,0,0,0,0,0,0,0,0,0,0,-1,-1,-1,-1,-1,-1,-1,-1,0,0,0,0,0,0,0
0.51,0.47,0.54,0.57,0.5,0.52,0.52,0.54,0.47,0.46,0.37,0.46,0.31,0.44,0.45,0.45,0.46,0.38,0.29,0.33,0.44,0.33,0.32,0.29,0.26,0.3,0.24,0.39,0.26,0.33,0.29,0.33,0.31,0.35,0.27,0.36,0.38,0.39,0.36,0.43,0.41,0.45,0.52,0.58,0.6,0.63,0.69,0.85,0.79,0.84,0.89,0.94,0.96,0.96,0.93,1,0.95,0.98,0.95,0.92,0.93,0.88,0.83,0.73,-1,-1,-1,-1,-1,-1,-1,-1,-1,-1,-1,-1,-1,-1,-1,-1,-1,-1,0.39,0.33,0.22,0.22,0.16,0.22,0.23,0.17,0.2,0.19,0.14,0.13,0.13,0.12,0.2,0.15,0,0,0,0,0,0,0,0,0,0,0,0,0,0.2,0.13,0.13,0.1,0.19,0.17,0.12,0.24,0.26,0.14,0.26,0.2,0.14,0.2,-1,-1,-1,-1,-1,-1,-1,-1,0.23,0.25,-1,-1,-1,-1,-1,-1,-1,0.33,0.31,0.37,0.25,0.36,0.3,-1,0.27,0.23,0.23,0.26,0.2,0.24,0.33,0.28,0.27,0.21,0.29,0.29,0.3,0.21,0.25,0.21,0.23,0.17,0,0,0,0,0,0,0,0,0,0,0,0,0,0,0,0,0,0,-1,-1,-1,-1,-1,-1,-1,-1,0,0,0,0,0,0,0
0.5,0.58,0.49,0.48,0.38,0.46,0.41,0.39,0.41,0.32,0.45,0.39,0.39,0.39,0.39,0.37,0.28,0.37,0.42,0.37,0.39,0.32,0.35,0.39,0.29,0.34,0.29,0.27,0.33,0.32,0.32,0.36,0.38,0.23,0.3,0.28,0.36,0.28,0.38,0.41,0.5,0.46,0.53,0.56,0.59,0.67,0.7,0.78,0.87,0.83,0.9,0.88,0.98,0.95,0.94,0.94,0.98,0.95,0.91,0.89,0.86,0.85,0.79,0.76,0.69,-1,-1,-1,-1,-1,-1,-1,-1,-1,-1,-1,-1,0.41,0.34,0.35,0.35,0.19,0.26,-1,-1,-1,-1,-1,-1,-1,-1,-1,-1,0.12,0.1,0.15,0.19,0.13,0,0,0,0,0,0,0,0,0,0,0,0,0,0,0.11,0.15,0.13,0.2,0.17,0.11,0.18,0.17,0.23,0.24,0.18,0.29,0.21,0.22,0.25,0.32,0.1,0.17,0.23,0.24,0.26,0.26,0.28,0.29,0.29,0.29,0.23,0.31,0.3,-1,-1,-1,-1,-1,0.2,0.23,-1,0.23,0.25,0.26,0.27,0.32,0.34,0.26,0.26,0.23,0.22,0.23,0.23,0.22,0.19,0.27,0.2,0.27,0,0,0,0,0,0,0,0,0,0,0,0,0,0,0,0,0,0,0,-1,-1,-1,-1,-1,-1,-1,-1,0,0,0,0,0,0,0
0.49,0.43,-1,-1,-1,-1,-1,-1,-1,0.37,0.37,0.43,0.41,0.32,0.35,0.33,0.4,0.32,0.32,0.38,0.37,0.38,0.36,0.37,0.39,0.38,0.27,0.28,0.38,0.33,0.26,0.22,0.31,0.23,0.3,0.42,0.31,0.4,0.4,0.37,0.45,0.43,0.41,0.51,0.57,0.71,0.71,0.71,0.76,0.84,0.819999999999999,0.91,0.879999999999999,0.98,0.88,0.909999999999999,0.98,0.91,0.88,0.9,0.91,0.82,0.85,0.71,0.65,-1,0.52,0.54,0.43,0.46,0.47,0.38,0.47,0.31,0.42,0.37,0.32,0.4,0.37,0.3,0.32,0.28,0.31,-1,-1,-1,-1,-1,-1,-1,-1,-1,-1,0.15,0.14,-1,-1,-1,-1,-1,-1,-1,-1,-1,-1,-1,0,0,0,0,0,0,0,0,0.16,0.19,0.17,0.14,0.19,0.18,0.17,-1,-1,-1,-1,-1,-1,-1,-1,-1,-1,-1,-1,-1,-1,-1,-1,-1,-1,-1,-1,-1,-1,-1,-1,-1,-1,-1,-1,-1,0.24,0.25,0.25,0.15,0.22,0.21,0.24,0.27,0.19,0.25,0.21,0.11,0.19,0.21,0,0,0,0,0,0,-1,-1,-1,-1,-1,-1,-1,-1,-1,-1,0,0,0,0,0,-1,0,-1,-1,-1,-1,-1,-1,0,0,0,0,0,0,0
0.44,0.43,-1,-1,-1,-1,-1,-1,-1,-1,0.42,0.3,0.41,0.37,0.38,0.31,0.32,0.36,0.26,0.26,0.36,0.3,0.31,0.36,0.33,0.32,0.4,0.37,0.38,0.23,0.32,0.35,0.38,0.28,0.34,0.32,0.35,0.42,0.47,0.42,0.39,0.47,0.48,0.59,0.6,0.71,0.68,0.71,0.75,0.78,0.82,0.8,0.88,0.91,0.93,0.88,0.9,0.86,0.85,0.83,0.83,0.86,0.83,0.6,0.7,0.58,0.61,0.55,0.6,0.51,0.49,0.54,0.47,0.48,0.27,0.31,0.39,0.32,0.33,0.28,0.21,0.23,0.22,0.23,0.25,0.15,0.25,0.23,0.18,0.14,0.19,0.22,0.18,0.12,0.17,0.22,0.12,0.15,0,0,0,0,0,0,-1,-1,0,0,0,-1,0,-1,-1,-1,-1,-1,-1,-1,-1,0.17,0.18,-1,-1,-1,-1,-1,-1,-1,-1,-1,-1,-1,-1,-1,-1,-1,-1,-1,-1,-1,-1,-1,-1,-1,-1,-1,-1,-1,-1,-1,0.27,0.22,0.27,0.28,0.26,0.26,0.26,-1,-1,-1,-1,-1,-1,-1,-1,-1,-1,0,0,0,-1,-1,-1,-1,-1,-1,-1,-1,-1,-1,0,0,0,0,0,-1,0,-1,-1,-1,-1,-1,-1,0,0,0,0,0,0,0
0.41,0.36,0.42,0.34,0.44,0.36,0.41,0.39,-1,-1,0.35,0.32,0.38,0.37,0.3,0.33,0.35,0.47,0.26,0.25,0.25,0.31,0.31,0.24,0.29,0.28,0.23,0.38,0.37,0.28,0.3,0.36,0.34,0.28,0.23,0.3,0.32,0.38,0.31,0.41,0.48,0.43,0.36,0.55,0.5,0.7,0.61,0.71,0.69,0.78,0.72,0.84,0.88,0.83,0.84,0.82,0.85,0.82,0.86,0.84,0.8,0.87,0.82,0.67,0.74,0.64,0.52,0.47,0.42,0.44,0.37,0.5,0.42,0.39,0.41,0.35,0.34,0.27,0.27,0.2,0.27,0.23,0.27,0.3,0.27,0.19,0.23,0.19,0.16,0.15,0.2,0.16,0.13,0.18,0.12,0.18,0.15,0.15,0,0,0,0,0,0,0,0,0,0,0,0,0,0,0,0,0,0,0,-1,-1,0.11,0.15,-1,-1,0.24,0.24,-1,-1,-1,-1,-1,-1,-1,0.29,0.26,0.33,0.23,0.25,0.3,0.24,0.29,0.14,0.28,0.32,0.22,0.29,0.23,0.22,-1,-1,0.18,0.29,0.19,0.28,0.17,0.14,0.22,-1,-1,-1,-1,-1,-1,-1,-1,-1,-1,-1,0,0,0,0,0,0,0,0,0,0,0,0,-1,0,0,0,0,0,-1,0,-1,-1,-1,-1,-1,-1,0,0,0,0,0,0,0
0.36,0.39,0.37,0.39,0.43,0.35,0.39,0.42,0.28,0.3,0.39,0.37,0.31,0.33,0.3,0.32,0.23,0.23,0.37,0.39,0.31,0.29,0.31,0.25,0.29,0.3,0.34,0.31,0.26,0.33,0.28,0.35,0.27,0.31,0.44,0.25,0.44,0.25,0.4,0.33,0.43,0.48,0.44,0.56,0.51,0.61,0.63,0.71,0.68,0.78,0.75,0.75,0.86,0.81,0.81,0.73,0.78,0.8,0.66,0.78,0.75,0.74,0.71,0.72,0.71,0.51,0.59,0.59,0.5,0.41,0.43,0.38,0.46,0.34,0.36,0.29,0.3,0.23,0.3,0.27,0.24,0.32,0.19,0.18,0.23,0.25,0.16,0.2,0.22,0.21,0.11,0.17,0.13,0.19,0.16,0.22,0.12,0,0,0,0,0,0,0,0,0,0,0,0,0,0,0,0,0,0,0,0,0,0,0.18,0.17,0.18,0.2,0.2,0.13,0.2,0.24,0.22,0.16,-1,-1,-1,-1,-1,-1,-1,-1,-1,-1,-1,-1,-1,-1,-1,-1,-1,-1,-1,0.22,0.24,0.23,0.26,0.19,0.16,0.24,0.17,0.29,0.27,0.19,0,0,0,0,0,0,0,0,0,0,0,0,0,0,0,0,0,0,-1,-1,-1,0,0,0,0,0,-1,0,-1,-1,-1,-1,-1,-1,0,0,0,0,0,0,0
0.37,0.45,-1,0.34,0.35,0.4,0.32,0.36,0.45,0.33,0.34,0.31,0.34,0.28,0.25,0.26,0.29,0.25,0.29,0.36,0.24,0.22,0.25,0.29,0.26,0.16,0.27,0.32,0.36,0.37,0.27,0.3,0.31,0.24,0.34,0.3,0.36,0.3,0.34,0.39,0.41,0.4,0.61,0.48,0.51,0.48,0.67,0.65,0.69,0.74,0.68,0.69,0.71,0.75,0.83,0.82,0.69,0.71,0.76,0.74,0.74,0.78,0.7,0.54,0.6,0.61,0.42,0.37,0.46,0.36,0.32,0.35,0.33,0.36,0.38,0.36,0.33,0.33,0.25,0.24,0.21,0.25,0.22,0.24,0.23,0.19,0.27,0.31,0.17,0.1,0.23,0.21,0.09,0.16,0.15,0.16,0.13,0,0,0,0,0,0,0,0,0,0,0,0,0,0,0,0,0,0,0,0,0,0,0,0,0,0.22,0.09,0.11,0.12,0.19,0.16,0.17,0.19,0.27,0.21,0.14,0.26,0.19,0.16,0.17,0.2,0.19,0.26,0.22,0.22,0.25,0.25,0.21,-1,-1,-1,-1,0.28,0.24,0.29,0.24,0.24,0.24,0.22,0,0,0,0,0,0,0,0,0,0,0,0,0,0,0,0,0,0,0,0,0,0,0,0,0,0,0,0,0,-1,0,-1,-1,-1,-1,-1,-1,0,0,0,0,0,0,0
0.36,0.49,-1,-1,-1,-1,-1,-1,0.38,0.38,0.33,0.34,0.25,0.25,0.28,0.3,0.26,0.29,0.35,0.26,0.25,0.34,0.28,0.29,0.23,0.25,0.23,0.33,0.25,0.25,0.32,0.26,0.31,0.31,0.38,0.27,0.33,0.29,0.35,0.31,0.44,0.35,0.42,0.56,0.57,0.56,0.54,0.6,0.59,0.61,0.66,0.71,0.67,0.5,-1,-1,-1,-1,-1,-1,-1,-1,-1,-1,-1,0.53,0.51,0.43,0.37,0.35,0.36,0.3,0.38,0.28,0.29,0.24,0.21,0.19,0.27,0.29,0.26,0.24,0.22,0.26,0.24,0.3,0.26,0.23,0.26,0.2,0.22,0.16,0.16,0.12,0.15,0.17,0.12,0,0,0,0,0,0,0,0,0,0,0,0,0,0,0,0,0,0,0,0,0,0,0,0,0,0,0,0,0.07,0.22,0.17,0.16,0.26,0.22,0.22,0.19,0.22,0.19,0.18,0.18,0.21,0.22,0.2,0.17,0.15,0.17,0.23,0.19,0.19,0.16,0.17,0.27,0.23,0.13,0.21,0.22,0,0,0,0,0,0,0,0,0,0,0,0,0,0,0,0,0,0,0,0,0,0,0,0,0,0,0,-1,0,0,-1,-1,-1,-1,0,-1,-1,-1,-1,-1,0,0,0,0,0,0,0
0.38,0.41,0.34,-1,-1,-1,-1,-1,0.39,0.32,0.37,0.39,0.32,0.21,0.25,0.35,0.26,0.28,0.31,0.35,0.27,0.37,0.33,-1,-1,0.3,0.24,0.44,0.28,0.31,0.25,0.3,0.24,0.27,0.24,0.32,0.23,0.31,0.39,0.29,0.4,0.34,0.4,0.42,0.43,0.41,0.5,0.56,0.6,0.55,0.68,0.63,0.57,0.55,0.59,0.58,-1,-1,-1,-1,-1,-1,-1,-1,-1,-1,-1,-1,-1,-1,-1,-1,-1,-1,-1,-1,-1,-1,-1,-1,-1,-1,-1,-1,-1,-1,0.24,0.16,0.16,0.23,0.16,0.13,0.13,0.14,0.17,0.11,0.17,0,0,0,0,0,0,0,0,0,0,0,0,0,0,0,0,0,0,0,0,0,0,0,0,0,0,0,0,0,0,0,0,0.21,0.13,0.25,0.18,0.19,0.16,0.21,0.25,0.17,0.23,0.16,0.15,0.25,0.17,0.17,0.27,0.2,0.23,0.21,0.16,0,0,0,0,0,0,0,0,0,0,0,0,0,0,0,0,0,0,0,0,0,0,0,0,0,0,0,0,0,0,0,0,0,0,-1,-1,-1,-1,0,-1,-1,-1,-1,-1,0,0,0,0,0,0,0
0.37,0.46,0.29,0.34,0.41,0.31,0.3,0.29,0.33,0.28,0.27,0.35,0.35,0.33,0.19,0.34,0.34,0.37,0.34,0.31,0.32,0.34,0.29,-1,-1,-1,-1,-1,0.41,0.39,0.34,0.22,0.32,0.22,0.2,0.31,0.3,0.21,0.34,0.37,0.37,0.34,0.33,0.37,0.47,0.39,0.53,0.55,0.48,0.46,0.62,0.55,-1,-1,-1,-1,-1,-1,-1,-1,-1,-1,-1,-1,-1,-1,-1,-1,-1,-1,-1,-1,-1,-1,0.38,0.31,0.29,0.35,0.4,0.2,0.24,0.29,-1,-1,-1,-1,-1,-1,-1,-1,-1,-1,-1,-1,-1,-1,-1,-1,-1,-1,-1,0,0,0,0,0,0,0,0,0,0,0,0,0,0,0,0,0,0,0,0,0,0,0,0,0,0,0,0,0,0,0,0,0,0,0,0.16,0.18,0.21,0.22,0.25,0.21,0,0,0,0,0,0,0,0,0,0,0,0,0,0,0,0,0,0,0,0,0,0,0,0,0,0,0,0,0,0,0,0,0,0,0,0,0,0,0,0,0,-1,-1,-1,-1,0,-1,-1,-1,-1,0,0,0,0,0,0,0,0
0.31,0.3,0.41,0.37,0.29,0.37,0.39,0.31,0.33,0.36,0.25,0.25,0.25,0.22,0.28,0.34,0.37,0.42,0.4,0.25,0.29,-1,-1,-1,-1,-1,-1,-1,-1,0.35,0.27,0.29,0.21,0.17,0.17,0.22,0.3,0.24,0.27,0.32,0.35,0.33,0.33,0.36,0.44,0.47,0.4,0.44,0.49,0.47,0.6,0.48,0.49,0.51,0.51,0.53,0.5,0.53,0.43,0.53,0.48,0.59,-1,-1,-1,-1,-1,-1,-1,-1,-1,-1,-1,-1,-1,-1,-1,-1,-1,-1,-1,-1,-1,-1,-1,-1,-1,-1,-1,-1,-1,-1,-1,-1,-1,-1,-1,-1,0,0,0,0,-1,-1,-1,-1,-1,0,0,0,0,0,0,0,0,0,0,0,0,0,0,0,0,0,0,0,0,0,0,0,0,0,0,0,0,0,0,0,0,0,0,0,0,0,0,0,0,0,0,0,0,0,0,0,0,0,0,0,0,0,0,0,0,0,0,0,0,0,0,0,0,0,0,0,0,0,0,0,0,0,0,0,0,0,0,0,0,0,0,0,0,0,0,0,0,0,0,0,0,0
0.23,-1,-1,-1,-1,-1,-1,0.35,0.28,0.32,0.25,0.2,0.24,0.27,0.21,0.21,0.34,0.17,0.34,0.29,0.37,0.36,-1,-1,-1,-1,-1,-1,-1,-1,0.36,0.19,0.23,0.21,0.27,0.17,0.19,0.26,0.28,0.35,0.33,0.28,0.27,0.31,0.43,0.45,-1,-1,-1,-1,-1,-1,0.42,-1,-1,-1,-1,-1,-1,-1,-1,-1,-1,0.49,0.48,-1,-1,-1,-1,-1,0.39,0.36,0.38,0.37,0.28,0.23,0.3,0.25,0.33,0.24,0.23,0.27,0.2,0.2,0.18,0.2,-1,-1,-1,-1,-1,-1,-1,-1,-1,-1,-1,-1,-1,-1,-1,-1,0,0,0,0,0,0,0,0,0,-1,-1,-1,-1,-1,-1,-1,-1,-1,-1,-1,-1,-1,-1,-1,0,0,0,0,0,0,0,0,0,0,0,0,0,0,0,0,0,0,0,0,0,0,0,0,0,0,0,0,0,0,0,0,0,0,0,0,0,0,0,0,0,0,0,0,0,0,0,0,0,0,0,0,0,0,0,0,0,0,0,0,0,0,0,0,0,0,0,0,0,0,0,0,0,0
0.39,0.29,0.27,0.28,0.22,0.3,0.25,0.27,0.32,0.2,0.24,0.25,0.24,0.2,0.26,0.21,0.26,0.45,0.3,0.31,0.31,0.29,-1,-1,-1,-1,-1,-1,-1,-1,-1,0.14,0.18,0.14,0.17,0.2,0.18,0.2,0.25,0.31,0.34,0.28,0.29,0.38,0.38,0.35,0.37,0.4,0.34,0.45,0.47,0.41,0.47,0.48,-1,-1,-1,-1,-1,-1,-1,-1,-1,0.52,0.4,-1,-1,-1,-1,-1,-1,-1,-1,-1,-1,0.28,0.34,0.26,-1,-1,-1,-1,-1,-1,-1,-1,0.2,0.32,0.19,0.16,0.25,0.18,0.16,0.24,0.15,0,0,0,0,0,0,0,0,0,0,0,0,0,0,0,0,-1,-1,-1,-1,-1,-1,-1,-1,-1,-1,-1,-1,-1,-1,-1,-1,0,0,0,0,0,0,0,0,0,0,0,0,0,0,0,0,0,0,0,0,0,0,0,0,0,0,0,0,0,0,0,0,0,0,0,0,0,0,0,0,0,0,0,0,0,0,0,0,0,0,0,0,0,0,0,0,0,0,0,0,0,0,0,0,0,0,0,0,0,0,0,0,0
-1,-1,-1,-1,0.31,0.34,-1,0.28,0.33,0.25,0.24,0.23,0.24,0.31,0.25,0.28,0.17,0.41,0.31,0.29,0.4,0.33,-1,-1,-1,-1,-1,-1,-1,-1,-1,0.16,0.26,0.14,0.16,0.22,0.23,0.28,0.22,0.27,0.26,0.29,0.34,0.4,0.46,0.39,0.35,0.46,0.42,0.45,0.52,0.47,0.42,0.43,0.43,0.53,0.5,0.46,0.39,0.47,0.44,0.39,0.46,0.4,0.45,0.4,0.35,0.48,0.4,0.47,0.39,0.35,0.4,0.37,0.27,0.22,0.29,0.35,0.3,-1,-1,-1,-1,-1,-1,-1,0.2,0.22,-1,-1,-1,-1,-1,-1,-1,-1,0,0,0,-1,-1,0,-1,-1,0,0,0,0,0,0,0,0,0,0,0,-1,-1,-1,-1,-1,-1,-1,-1,-1,-1,-1,-1,-1,-1,-1,0,0,0,-1,-1,-1,-1,-1,-1,-1,-1,-1,-1,-1,0,0,-1,-1,-1,0,0,0,-1,-1,-1,-1,-1,-1,-1,-1,-1,-1,0,0,0,0,0,0,0,0,0,0,0,0,0,0,0,0,0,0,0,0,0,0,0,0,0,0,0,0,0,0,0,0,0,0,0,0,0,0
-1,-1,-1,-1,-1,-1,-1,-1,0.25,0.2,0.21,0.26,0.16,0.27,0.17,0.15,0.17,0.2,0.34,0.26,0.27,0.37,-1,-1,-1,-1,-1,-1,-1,-1,-1,0.13,0.12,0.18,0.2,0.22,0.25,0.27,0.28,0.33,0.29,0.32,0.26,0.33,0.43,0.45,0.31,0.42,0.36,0.45,0.44,0.48,0.4,0.47,0.43,0.45,0.38,0.41,0.42,0.37,0.36,0.44,0.36,0.39,0.39,0.36,0.29,-1,-1,-1,0.36,0.28,0.35,0.19,0.28,0.3,0.25,0.28,0.27,0.26,0.3,0.26,0.24,0.23,0.3,0.24,0.15,0.25,0.19,0.22,0.27,0.12,0.19,0.22,0,0,0,0,0,-1,-1,-1,-1,-1,-1,-1,-1,-1,0,0,0,-1,-1,-1,-1,-1,-1,0,0,0,0,0,0,0,0,0,0,0,0,0,0,0,0,0,-1,-1,-1,-1,-1,-1,-1,-1,-1,-1,-1,0,-1,-1,-1,-1,0,0,-1,-1,-1,-1,-1,-1,-1,-1,-1,-1,0,-1,-1,-1,-1,-1,-1,-1,-1,-1,0,-1,-1,-1,0,0,0,0,0,0,0,0,0,0,0,0,0,0,0,0,0,0,0,0,0,0,0,0
-1,-1,-1,-1,-1,-1,0.3,0.29,0.3,0.24,0.29,0.24,0.19,0.24,0.29,0.26,0.19,0.15,0.19,0.34,-1,0.23,-1,-1,-1,-1,-1,-1,-1,-1,-1,0.12,0.15,0.13,0.16,0.13,0.23,0.24,0.19,0.25,0.23,0.27,0.35,0.33,0.33,-1,-1,-1,-1,-1,-1,0.41,0.34,0.38,0.42,0.4,0.41,0.31,0.38,0.47,0.4,0.48,0.46,0.5,0.36,0.35,-1,-1,-1,-1,0.27,0.37,0.28,0.32,0.27,0.27,0.28,0.33,0.29,0.24,0.2,0.26,0.25,0.15,0.19,0.17,0.21,0.17,0.22,0.25,0.18,0.16,0.16,0,0,0,0,0,0,0,-1,0,-1,-1,-1,-1,-1,0,0,0,0,-1,0,-1,-1,-1,-1,0,0,0,0,-1,-1,-1,-1,-1,-1,-1,-1,0,0,0,0,0,0,0,0,0,0,0,0,0,0,0,0,0,0,0,-1,-1,0,0,0,-1,-1,-1,-1,-1,-1,-1,-1,-1,0,-1,-1,-1,-1,-1,-1,-1,-1,-1,0,-1,-1,-1,-1,-1,-1,-1,-1,-1,0,0,0,0,-1,-1,-1,-1,-1,-1,-1,-1,0,0,0,0,0,-1
0.28,0.23,0.26,0.29,0.2,-1,0.23,0.26,0.28,0.22,0.21,0.21,0.29,0.2,0.21,0.2,0.25,0.24,0.18,0.35,-1,0.37,-1,-1,-1,-1,-1,-1,-1,-1,-1,0.18,0.16,0.16,0.17,0.22,0.2,0.17,0.25,0.36,0.22,0.38,0.44,0.34,0.4,0.37,0.4,0.33,-1,-1,-1,0.38,0.39,0.46,-1,-1,-1,-1,-1,-1,-1,-1,0.24,0.45,0.38,0.38,-1,-1,-1,-1,-1,-1,-1,-1,0.3,0.27,0.36,0.27,0.26,0.25,0.3,0.23,0.22,0.22,0.2,0.26,0.22,0.18,0.19,0.18,0.16,0.17,0,0,0,0,0,0,0,0,0,0,0,0,0,0,0,0,0,0,0,0,0,0,0,0,0,0,0,0,0,0,-1,0,-1,0,0,-1,0,0,0,0,0,0,0,0,0,0,0,0,0,0,0,0,0,0,0,-1,-1,-1,0,0,0,0,0,0,0,0,0,0,0,0,0,0,0,0,0,0,0,0,0,0,0,0,0,0,0,-1,-1,-1,-1,0,0,0,0,0,-1,-1,-1,-1,-1,-1,-1,-1,-1,0,0,0,0,-1
-1,-1,-1,-1,-1,-1,0.24,0.22,0.26,0.19,0.36,0.15,0.21,0.17,0.15,0.21,0.22,0.17,0.16,0.21,-1,-1,-1,-1,-1,-1,-1,-1,-1,-1,-1,0.12,0.17,0.17,0.15,0.16,0.15,0.19,0.17,0.2,0.2,0.28,0.31,0.4,0.38,0.3,0.4,0.31,0.37,0.37,0.26,0.35,0.35,0.38,0.41,0.34,-1,-1,-1,-1,-1,-1,0.49,0.2,0.32,0.32,0.37,0.39,0.34,0.27,0.35,0.27,0.33,0.3,0.38,0.46,0.24,-1,-1,-1,-1,-1,-1,-1,-1,0.2,0.16,0.15,0.23,0.17,0.25,0.12,0,0,0,0,0,0,0,0,0,0,0,0,0,0,0,0,0,0,0,0,0,0,0,0,0,0,0,0,0,0,0,0,0,0,0,0,0,0,0,0,0,0,0,0,0,0,0,0,0,0,0,0,0,0,0,-1,-1,-1,0,0,0,0,0,0,0,0,0,0,0,0,0,0,0,0,-1,-1,-1,-1,-1,-1,-1,0,0,0,0,0,0,0,0,0,0,0,0,0,0,0,0,0,0,0,0,-1,-1,0,0,0,0,-1
-1,-1,-1,-1,-1,-1,0.2,0.26,0.21,0.23,0.29,0.23,0.12,0.22,0.28,0.16,0.19,0.18,0,0,0,-1,-1,-1,-1,-1,-1,-1,-1,-1,-1,0.11,0.18,0.16,0.16,0.17,0.15,0.18,0.11,0.16,0.2,0.35,0.29,0.31,0.38,0.24,0.36,0.44,0.36,0.32,0.37,0.34,0.36,0.27,0.3,0.39,0.35,0.37,0.38,0.39,0.34,0.38,0.37,0.36,0.37,0.38,0.29,0.35,0.28,0.24,0.32,0.25,0.31,0.23,0.29,0.34,0.26,0.19,0.33,0.25,0.3,0.27,0.15,0.15,0.22,0.23,0.24,0.16,-1,-1,-1,-1,-1,-1,-1,-1,0,0,0,0,-1,-1,-1,0,0,0,0,0,0,0,0,0,0,0,0,0,0,0,0,0,0,0,0,0,0,0,0,0,0,0,0,0,0,0,0,0,0,0,0,0,0,0,0,0,0,0,0,-1,-1,-1,0,0,-1,-1,-1,-1,-1,-1,-1,-1,-1,-1,0,0,0,0,-1,-1,-1,-1,-1,-1,0,0,0,0,0,0,0,0,0,0,0,0,0,0,0,0,0,0,0,0,0,-1,-1,0,0,0,0,-1
0.26,0.12,0.29,0.24,0.17,0.29,0.25,0.23,0.19,0.16,0.23,0.18,0.16,0.18,0,0,0,0,0,0,0,-1,-1,-1,-1,-1,-1,-1,-1,-1,0.26,0.13,0.18,0.14,0.14,0.14,0.18,0.18,0.18,0.31,0.23,0.29,0.34,0.28,0.29,0.26,0.33,0.24,0.43,0.37,0.31,0.35,0.36,0.35,0.33,0.35,0.28,0.38,0.33,0.36,0.27,0.37,0.24,0.3,0.3,0.27,0.31,0.35,0.26,0.26,0.27,0.31,0.32,0.31,0.25,0.21,0.25,0.28,0.24,0.31,0.18,0.18,0.24,0.22,0.21,0.26,0.24,0.14,0.21,0.21,0,0,0,0,0,0,0,0,0,0,-1,-1,-1,-1,-1,-1,-1,0,0,0,-1,-1,-1,-1,-1,-1,-1,0,0,0,0,0,0,0,0,0,0,0,-1,-1,0,0,0,0,0,0,0,0,0,0,0,0,0,0,0,0,0,-1,-1,-1,0,-1,-1,-1,-1,-1,-1,-1,-1,-1,0,0,0,0,0,0,0,0,0,0,0,0,0,0,0,0,0,0,0,0,0,0,0,0,0,0,0,0,0,0,0,0,0,0,0,0,0,0,0,-1
0.23,0.16,0.18,-1,-1,-1,0.23,0.25,0.24,0.21,0,0,0,0,0,0,0,0,0,0,0,0,-1,-1,-1,-1,-1,-1,-1,-1,0.26,0.12,0.15,0.2,0.18,0.15,0.13,0.22,0.15,0.24,0.3,0.32,0.31,0.32,0.36,-1,-1,-1,-1,-1,-1,-1,-1,0.29,0.25,-1,-1,-1,-1,-1,-1,0.27,0.37,0.23,0.32,0.27,0.29,0.25,0.34,0.25,0.31,0.39,0.23,0.27,0.28,0.29,0.22,0.23,0.19,0.26,0.11,0.28,0.2,0.2,0.17,0.27,0.17,0.15,0.17,0,0,0,0,0,0,0,0,0,0,0,0,0,0,0,0,0,0,0,0,0,-1,-1,-1,-1,-1,-1,-1,-1,0,0,0,-1,-1,-1,-1,-1,-1,-1,-1,-1,0,0,0,0,0,0,0,0,0,0,0,0,0,0,0,0,0,-1,-1,0,0,0,0,0,0,0,0,0,0,0,0,0,0,0,-1,-1,-1,-1,-1,-1,-1,-1,0,0,0,0,0,-1,-1,-1,-1,-1,-1,-1,-1,0,0,0,0,0,0,0,0,0,0,0,0,0,0,-1
0,0,0,0,0,0,0,0,0,0,0,0,0,0,0,0,0,0,0,0,0,0,0,0.14,0.19,-1,-1,-1,0.23,0.25,0.23,0.18,0.09,0.12,0.19,0.16,0.16,0.16,0.21,0.42,0.33,0.31,0.27,0.31,0.19,0.29,0.37,0.33,0.38,-1,-1,-1,-1,0.28,0.35,-1,-1,-1,-1,-1,-1,-1,-1,0.39,0.32,0.29,0.23,-1,-1,-1,-1,-1,-1,0.29,0.28,0.25,0.24,0.2,0.26,0.18,0.2,0.24,0.12,0.21,0.21,0.15,0.21,0.22,0,0,0,0,0,0,0,0,0,0,0,0,0,0,0,0,0,0,0,0,0,0,0,0,0,0,0,0,0,0,0,0,0,-1,-1,-1,-1,-1,-1,-1,-1,0,0,0,0,0,0,0,0,0,0,0,0,0,0,0,0,0,0,-1,-1,0,0,-1,-1,-1,-1,-1,-1,-1,-1,-1,0,-1,-1,0,-1,-1,-1,-1,-1,-1,-1,-1,0,-1,0,0,0,0,0,0,-1,-1,-1,-1,-1,0,0,-1,-1,-1,-1,-1,-1,0,0,0,0,0,0,0
-1,-1,-1,-1,-1,0,0,0,0,0,0,0,0,0,0,-1,0,0,0,0,0,0,0,0,0.17,-1,0.19,0.25,0.19,0.08,0.1,0.12,0.13,0.11,0.24,0.13,0.17,0.24,0.29,0.28,0.29,0.2,0.26,0.31,0.33,0.25,0.3,0.33,0.3,0.36,0.27,0.35,0.4,0.3,0.27,0.29,0.29,0.32,0.31,0.24,0.3,0.32,0.36,0.33,0.31,0.33,0.26,0.26,0.28,0.31,-1,-1,0.19,0.29,0.21,0.21,0.26,0.19,0.36,0.15,0.23,0.24,-1,-1,-1,-1,-1,-1,-1,-1,0,0,0,0,0,0,0,0,0,0,0,0,0,0,0,0,0,0,0,0,0,0,0,0,0,0,0,0,0,0,0,0,0,0,0,0,0,0,0,0,0,0,0,0,0,0,0,0,0,0,0,0,0,0,0,0,0,0,0,0,0,0,0,0,0,0,0,0,-1,-1,0,-1,-1,0,0,0,-1,-1,-1,-1,-1,0,0,-1,0,0,-1,-1,-1,0,-1,-1,-1,-1,-1,0,0,-1,-1,-1,-1,-1,-1,0,0,0,0,0,0,0
-1,-1,-1,-1,-1,0,0,0,0,0,0,0,0,0,0,-1,0,0,0,0,0,0,0,0,0,0,0.16,0.12,0.13,0.09,0.15,0.11,0.1,0.15,0.1,0.11,0.25,0.3,0.28,0.36,0.31,0.27,0.29,0.27,0.32,0.25,0.37,0.33,0.3,0.23,0.28,0.31,0.37,0.32,0.3,0.31,0.34,0.36,0.29,0.29,0.21,0.34,0.31,0.21,0.2,0.21,0.27,0.21,0.22,0.3,0.23,0.3,0.21,0.25,0.31,0.25,0.24,-1,0.22,0.17,0.25,0.25,-1,-1,-1,-1,-1,-1,-1,-1,-1,-1,-1,-1,-1,-1,0,0,0,0,-1,-1,-1,-1,-1,-1,-1,0,0,0,0,0,0,0,0,0,0,0,0,0,0,0,0,0,0,0,0,0,0,0,0,0,0,0,0,0,0,0,0,0,0,0,0,0,0,0,-1,-1,0,0,0,0,0,0,0,0,0,0,0,0,0,-1,0,0,0,-1,-1,-1,-1,-1,-1,0,-1,-1,-1,0,0,0,0,0,0,0,0,0,0,0,0,0,0,0,0,0,0,0,0,0,0,0,0,0
0,0,-1,-1,-1,0,0,0,0,0,0,0,0,0,0,-1,0,0,0,0,0,0,0,0,0,0,0,0.09,0.08,0.12,0.11,0.17,0.15,0.11,0.12,0.13,0.3,0.32,0.34,0.31,0.24,0.37,0.26,0.32,0.24,0.32,0.36,0.28,0.32,0.26,0.28,0.25,0.23,0.27,-1,-1,0.33,0.3,0.24,0.31,0.28,0.26,0.31,0.31,0.24,0.21,0.24,0.24,0.21,0.19,0.24,0.25,0.23,0.23,0.26,0.23,0.25,-1,-1,0.31,0.16,0.22,0.24,0.19,0.19,0,0,0,0,0,0,0,0,0,0,0,0,0,0,0,0,-1,-1,-1,-1,-1,-1,0,0,-1,-1,-1,-1,-1,-1,-1,-1,-1,0,0,0,-1,-1,-1,-1,-1,-1,0,0,0,0,0,0,0,0,0,0,0,0,0,0,0,0,0,0,0,-1,-1,0,0,0,-1,-1,0,0,0,0,0,0,0,0,-1,0,0,0,0,0,0,0,0,0,0,0,0,0,0,0,0,0,0,0,0,0,0,0,0,0,0,0,0,0,0,0,0,0,0,0,0,0,0
0,0,0,0,0,0,0,0,0,0,0,0,0,0,0,-1,0,0,0,0,0,0,0,0,0,0,0,-1,-1,0.2,0.08,0.1,0.11,0.12,0.19,0.3,0.28,0.2,0.24,0.18,0.26,0.26,0.26,0.32,0.29,0.18,0.22,0.27,0.27,0.29,0.24,0.24,0.28,0.18,-1,-1,-1,-1,-1,-1,-1,-1,-1,0.29,0.21,0.31,0.26,-1,-1,-1,-1,0.25,0.15,0.29,0.24,0.21,0.2,0.17,0.21,0.17,0.24,0.2,0.22,0.19,0,0,0,0,0,0,0,0,0,0,0,0,0,0,0,0,0,0,0,0,0,0,0,0,0,0,0,0,0,0,0,-1,-1,-1,0,0,0,-1,-1,-1,-1,-1,-1,-1,-1,0,0,0,0,0,0,0,0,0,0,0,0,0,0,0,0,0,-1,-1,-1,0,0,0,-1,-1,-1,-1,-1,-1,-1,0,0,-1,0,-1,-1,-1,-1,-1,-1,-1,-1,0,-1,-1,-1,-1,-1,-1,-1,-1,-1,0,0,0,0,0,0,0,0,0,0,-1,0,0,0,0,0,0,0,0
0,0,0,0,0,0,0,0,0,0,0,0,0,0,0,-1,0,0,0,0,-1,-1,-1,-1,0,0,0,-1,-1,0,0.11,0.11,0.13,0.12,0.36,0.2,0.16,0.29,0.21,0.32,0.22,0.26,0.32,0.21,0.29,-1,-1,-1,-1,0.25,0.25,0.26,0.23,0.28,0.33,0.32,0.28,0.27,0.24,0.26,0.25,0.24,0.19,0.27,0.26,0.21,-1,-1,-1,-1,-1,-1,-1,0.23,0.24,0.29,0.2,0.25,0.21,0.22,0.16,0.22,0,0,0,0,0,0,0,0,0,0,0,0,0,0,0,0,0,0,0,0,0,0,0,0,0,0,0,0,0,0,0,0,0,0,0,0,0,0,0,0,0,0,0,0,0,0,0,0,0,0,0,0,0,0,0,0,0,0,0,0,0,0,0,0,-1,-1,0,0,0,0,0,0,0,0,0,0,0,0,0,-1,0,-1,-1,-1,-1,-1,-1,-1,-1,0,-1,-1,-1,-1,-1,-1,-1,-1,-1,-1,-1,-1,-1,-1,-1,-1,-1,-1,0,-1,0,0,0,0,0,0,0,0
-1,-1,0,0,0,0,0,0,0,0,0,0,0,0,0,-1,0,0,0,0,-1,-1,-1,-1,-1,-1,0,-1,-1,0,0,0.1,0.17,0.19,0.21,0.25,0.22,0.25,0.3,0.23,0.25,0.2,0.25,0.35,0.32,-1,-1,-1,-1,-1,0.24,0.29,0.32,0.33,0.23,0.25,0.28,0.25,0.29,0.26,0.22,0.22,0.23,0.24,0.24,0.23,0.25,0.24,0.28,0.22,0.24,0.26,0.32,0.29,0.26,0.21,0.22,0.19,0.24,0.18,0.2,-1,-1,-1,-1,-1,-1,-1,-1,-1,-1,-1,-1,-1,0,0,0,0,0,0,-1,-1,-1,-1,0,0,0,0,0,0,0,0,0,0,0,0,0,0,0,0,0,0,0,0,0,0,0,0,0,0,0,0,0,0,0,0,0,0,0,0,0,0,0,0,0,0,-1,-1,0,0,0,0,0,0,0,0,0,0,0,0,-1,-1,0,0,0,-1,-1,-1,-1,-1,-1,0,-1,-1,-1,-1,-1,-1,-1,-1,-1,-1,-1,-1,-1,-1,-1,-1,-1,-1,0,-1,0,0,0,0,0,0,0,0
-1,-1,-1,-1,0,0,0,0,0,0,0,0,0,0,0,-1,0,0,0,0,-1,-1,-1,-1,-1,-1,0,0,0,0,0,0,0,0.18,0.27,0.22,0.27,0.17,0.25,0.21,0.22,0.17,0.31,0.22,0.29,-1,-1,-1,-1,0.26,0.2,-1,0.24,0.26,-1,0.35,0.25,0.23,0.32,0.24,0.33,0.2,0.25,0.29,0.24,0.26,0.24,0.21,0.25,0.27,0.24,0.15,0.18,0.18,0.26,0.19,0.19,0.19,0.19,0,0,0,0,0,0,0,0,0,0,0,0,0,-1,-1,0,0,0,0,0,0,-1,-1,-1,-1,-1,-1,0,0,0,-1,-1,-1,-1,-1,-1,-1,-1,0,0,0,0,0,0,0,0,0,0,0,0,0,0,-1,-1,0,0,0,0,0,0,0,0,0,0,0,0,0,-1,-1,0,0,0,-1,-1,-1,-1,-1,-1,-1,-1,0,-1,-1,0,-1,-1,-1,0,0,0,0,0,0,0,0,0,0,0,0,0,0,0,0,0,0,0,0,0,-1,0,0,0,-1,0,0,0,0,0,0,0,0
0,-1,-1,-1,0,0,0,0,0,0,0,0,0,0,0,-1,0,0,0,0,-1,-1,-1,-1,-1,-1,0,-1,0,0,0,0,0,0,0,0.19,0.24,0.19,0.22,0.25,0.14,0.26,0.27,0.21,0.28,-1,-1,-1,0.27,0.31,0.24,0.31,0.32,0.27,-1,-1,-1,-1,-1,-1,-1,-1,-1,0.24,0.16,0.31,-1,-1,-1,0.25,0.3,0.29,0.24,0.16,0.2,0.2,0.2,0,0,0,0,0,0,0,0,0,0,0,0,0,0,0,0,0,0,0,0,0,0,0,0,0,0,0,0,0,0,0,0,0,0,0,0,0,-1,-1,-1,0,0,0,0,-1,-1,-1,-1,-1,-1,-1,0,0,0,-1,-1,0,0,0,0,0,0,0,0,0,0,0,0,-1,-1,-1,0,0,0,0,0,0,0,0,0,0,0,0,0,0,0,0,0,0,0,0,0,0,0,0,0,0,-1,-1,-1,-1,-1,-1,-1,-1,-1,-1,-1,-1,-1,0,0,0,0,0,0,0,0,0,0,0,0,-1
0,0,0,0,0,0,0,0,0,0,0,0,0,0,0,-1,0,0,0,-1,-1,-1,-1,-1,-1,0,0,0,0,0,0,0,0,0,0,0,0,0.21,0.25,0.17,0.26,0.2,0.25,0.25,0.24,-1,-1,-1,0.22,0.15,0.25,0.16,0.14,0.26,0.24,0.27,0.27,0.16,0.19,0.24,0.24,-1,-1,0.22,0.22,0.26,-1,-1,-1,-1,-1,-1,-1,-1,-1,0,0,0,0,0,0,0,0,0,0,0,0,0,0,0,0,0,0,0,0,0,0,0,0,0,0,0,0,0,0,0,0,0,0,0,0,0,0,0,0,0,0,0,0,0,0,-1,-1,-1,-1,-1,-1,-1,-1,0,0,-1,-1,0,0,0,0,0,-1,-1,-1,0,0,0,-1,-1,-1,-1,0,0,-1,0,0,0,0,0,0,0,0,0,0,0,0,0,0,0,0,0,0,0,0,0,0,0,0,0,0,0,0,0,0,0,0,0,0,0,0,0,0,0,0,0,0,0,0,0,0,0,0,0
0,0,0,0,0,0,0,0,0,0,0,0,0,0,0,-1,0,0,0,-1,-1,-1,-1,-1,-1,0,0,0,0,0,0,0,0,0,0,0,0,0,0,0,0.22,0.26,0.18,0.23,-1,-1,-1,-1,0.23,0.25,0.21,0.16,0.18,0.28,0.24,0.19,0.21,0.17,0.31,0.19,0.19,0.23,0.22,0.21,0.25,0.19,0.21,0.18,0.14,0.24,0.16,0.2,0,0,0,0,0,0,-1,-1,-1,-1,-1,-1,0,0,-1,-1,-1,-1,-1,-1,-1,-1,-1,0,0,0,0,0,0,0,0,0,0,0,0,0,0,0,0,0,0,0,0,0,0,0,0,0,0,0,0,0,0,0,0,0,0,0,0,0,0,0,0,0,0,0,0,0,0,0,0,-1,-1,-1,-1,-1,0,0,0,0,0,-1,0,0,0,0,0,0,0,0,-1,-1,-1,-1,-1,-1,-1,-1,-1,-1,0,0,0,0,0,0,0,0,0,0,0,0,0,0,0,0,0,0,0,0,-1,0,0,0,0,0,0,0
0,-1,-1,0,0,0,0,0,0,0,0,0,0,0,0,-1,0,0,0,-1,-1,-1,-1,-1,-1,0,0,0,0,0,0,0,0,0,0,0,0,0,0,0,0,0,0,-1,-1,-1,-1,-1,0.27,-1,-1,0.21,0.23,0.28,0.21,0.25,0.18,0.17,0.26,0.22,0.16,0.24,0.24,0.15,0.16,0.19,0.21,0.18,-1,-1,-1,0,0,0,0,0,0,0,0,0,0,0,0,0,0,0,-1,-1,-1,-1,-1,-1,-1,-1,-1,0,0,0,0,-1,-1,-1,-1,-1,-1,-1,0,0,0,0,0,-1,-1,-1,-1,0,0,0,0,0,0,0,0,0,0,0,0,0,0,0,0,0,-1,-1,0,0,0,0,0,0,0,0,-1,-1,-1,-1,-1,0,0,0,0,0,0,-1,-1,-1,-1,0,0,0,0,0,-1,-1,-1,-1,-1,-1,-1,-1,-1,-1,0,-1,-1,-1,0,0,0,0,0,0,0,0,0,0,0,0,0,0,0,-1,-1,0,0,0,0,0,0,0
-1,-1,-1,0,0,0,0,0,0,0,0,0,0,0,0,-1,0,0,0,-1,-1,-1,-1,-1,-1,0,0,0,0,0,0,0,0,0,0,0,0,0,0,0,0,0,0,0,-1,-1,-1,-1,-1,-1,0.21,0.15,0.18,0.26,-1,-1,-1,-1,-1,-1,-1,-1,0.11,0.19,0,0,0,0,0,0,0,0,0,0,0,0,0,0,0,0,0,0,0,0,0,0,0,0,0,0,0,0,0,0,0,0,0,0,0,0,0,-1,-1,-1,-1,-1,0,0,0,0,0,0,0,-1,-1,0,0,0,0,0,0,0,0,0,0,0,0,0,0,0,0,0,-1,-1,-1,-1,-1,-1,-1,-1,-1,-1,-1,-1,-1,-1,-1,0,0,0,0,0,-1,-1,-1,-1,-1,-1,-1,-1,0,0,0,0,0,0,0,-1,-1,-1,-1,0,0,-1,-1,-1,-1,-1,-1,-1,0,0,0,-1,-1,-1,-1,-1,-1,-1,-1,-1,-1,0,0,0,0,0,0,0
-1,-1,-1,0,0,0,0,0,0,0,0,0,0,0,0,-1,0,0,-1,-1,-1,-1,-1,-1,0,0,0,0,0,0,0,0,0,0,0,0,0,0,0,0,0,0,0,0,0,0,0,0,0,0,0,0,0,0,0,0,0,0,0,0,0,0,0,0,0,0,-1,-1,-1,-1,-1,-1,-1,-1,0,0,0,0,0,0,0,0,0,0,0,0,0,0,0,0,0,0,0,0,0,0,0,0,0,0,0,0,0,0,0,0,0,0,0,0,0,0,0,0,0,0,0,0,0,0,-1,-1,-1,-1,-1,-1,-1,-1,0,0,0,0,-1,-1,-1,-1,-1,-1,-1,-1,-1,-1,-1,-1,-1,-1,-1,0,0,0,0,0,0,0,0,-1,-1,-1,-1,-1,-1,0,0,0,-1,-1,-1,-1,-1,-1,0,0,0,0,0,-1,-1,-1,-1,-1,0,0,0,-1,-1,-1,-1,-1,-1,-1,-1,-1,-1,0,0,0,0,0,0,0
0,0,0,0,0,0,0,0,0,0,0,0,0,0,0,-1,-1,0,0,0,0,-1,-1,-1,0,0,0,0,0,0,0,0,0,0,0,0,0,0,0,0,0,0,0,0,0,0,0,0,0,0,0,0,0,0,0,0,0,0,0,0,0,0,0,0,0,0,0,0,0,0,0,0,0,0,0,0,0,-1,-1,-1,-1,-1,-1,-1,0,0,-1,-1,-1,-1,0,0,0,0,0,0,0,0,0,0,0,0,0,0,0,0,0,0,0,0,0,0,0,0,0,0,0,0,0,0,0,0,0,0,0,-1,-1,-1,0,0,0,0,0,0,0,0,0,0,0,0,0,0,-1,-1,-1,-1,-1,0,0,-1,-1,0,0,-1,-1,0,0,0,-1,-1,0,0,0,0,-1,-1,-1,-1,-1,-1,-1,-1,-1,0,0,-1,-1,-1,-1,-1,0,0,0,-1,-1,-1,-1,-1,-1,-1,-1,-1,-1,0,0,0,0,0,0,0
0,0,0,0,0,0,0,0,0,0,0,0,0,0,0,0,0,0,0,0,0,0,0,0,0,0,0,0,0,0,0,0,0,0,0,0,0,0,0,0,0,0,0,0,0,0,0,0,0,0,0,0,0,0,0,0,0,0,0,0,0,0,0,0,0,0,0,0,0,0,0,0,0,0,0,0,0,0,0,-1,-1,-1,-1,-1,0,0,-1,-1,-1,-1,-1,-1,-1,-1,-1,0,0,0,0,-1,-1,-1,-1,-1,-1,0,0,0,0,0,0,0,0,0,0,0,0,0,0,0,0,0,0,0,0,0,0,0,0,0,0,0,0,0,0,0,0,0,0,0,0,0,0,0,0,0,0,0,0,-1,-1,-1,-1,-1,-1,-1,0,-1,-1,0,0,0,0,0,0,-1,-1,-1,-1,-1,-1,-1,-1,-1,-1,-1,0,0,0,0,0,0,0,0,-1,-1,-1,-1,0,0,0,0,0,0,0,0,0,0,0,0
-1,0,0,0,0,0,0,0,0,0,0,0,0,0,0,0,0,0,0,0,0,0,0,0,0,0,0,0,0,0,0,0,0,0,0,0,0,0,0,0,0,0,0,0,0,0,0,0,0,0,0,0,0,-1,-1,-1,-1,0,0,0,0,0,0,0,0,0,0,0,0,0,0,0,0,0,0,0,0,0,0,0,0,0,0,0,0,0,0,0,0,0,0,0,0,0,0,0,0,0,0,-1,-1,-1,-1,-1,-1,0,0,0,-1,-1,-1,-1,-1,-1,-1,-1,0,0,0,0,0,0,0,0,0,0,0,0,0,0,0,0,0,0,0,0,0,0,0,0,0,0,0,0,0,0,0,0,0,0,0,0,0,0,-1,-1,0,-1,-1,-1,-1,-1,0,0,0,-1,-1,-1,-1,-1,-1,-1,-1,0,0,0,0,0,0,0,0,0,0,0,0,0,0,0,0,0,0,0,0,0,0,0,0,0,0,0
-1,0,0,0,0,0,0,0,0,0,0,0,0,0,0,0,0,0,0,0,0,0,0,0,0,0,0,0,0,0,0,0,0,0,0,0,0,0,0,0,0,-1,-1,-1,-1,-1,-1,-1,0,-1,-1,-1,0,-1,-1,-1,-1,-1,-1,-1,-1,0,0,0,0,-1,-1,-1,0,0,0,0,0,0,0,0,0,0,0,0,0,0,0,0,0,0,0,0,0,0,0,0,0,0,0,0,0,0,0,0,0,0,0,0,0,0,0,0,-1,-1,-1,-1,-1,-1,-1,-1,0,0,0,0,-1,-1,-1,-1,-1,-1,-1,0,0,0,-1,-1,-1,-1,-1,-1,-1,0,-1,-1,-1,-1,0,0,0,0,0,0,0,0,0,0,0,0,0,0,0,0,0,-1,-1,-1,-1,-1,-1,0,0,0,0,0,-1,-1,0,0,0,0,0,0,0,0,0,0,0,0,0,0,0,0,0,0,0,0,0,0,0,0,0,0,0,0
-1,0,0,0,0,0,0,0,0,0,0,0,0,0,0,0,0,0,0,0,0,0,0,-1,-1,-1,0,0,0,0,0,0,0,0,0,0,0,0,0,0,0,-1,-1,-1,-1,-1,-1,-1,-1,-1,-1,-1,0,0,0,0,0,0,0,0,0,0,0,0,0,-1,-1,-1,-1,-1,-1,-1,-1,-1,0,0,0,-1,-1,-1,-1,-1,-1,0,0,0,0,0,0,0,0,0,0,0,0,0,0,0,0,0,0,0,0,0,0,0,0,0,0,0,0,0,0,0,0,0,0,0,0,0,-1,-1,-1,-1,-1,-1,-1,0,0,0,0,0,-1,-1,-1,-1,0,0,-1,-1,-1,-1,-1,-1,-1,-1,-1,-1,-1,-1,0,0,0,-1,-1,-1,-1,-1,0,0,0,0,-1,-1,-1,-1,-1,-1,0,0,0,0,-1,-1,-1,-1,-1,-1,-1,-1,-1,-1,-1,0,0,0,0,-1,-1,-1,-1,-1,-1,-1,-1,0,0,0,0,0
-1,0,0,0,0,0,0,0,0,0,0,0,0,0,0,-1,0,0,0,0,0,0,0,0,0,0,0,0,0,0,0,0,0,0,0,0,0,0,0,0,0,0,-1,-1,-1,-1,-1,-1,-1,-1,-1,-1,0,0,0,0,0,0,0,0,0,0,0,0,0,0,0,0,0,0,0,0,0,0,0,0,0,0,-1,-1,-1,-1,-1,0,0,0,-1,-1,-1,-1,-1,-1,-1,-1,-1,0,0,0,0,0,0,0,0,0,0,0,0,0,0,0,0,0,0,0,0,0,0,0,0,0,0,0,0,0,0,0,0,0,0,0,0,0,0,0,0,0,0,0,0,0,0,0,0,0,-1,-1,-1,-1,-1,0,0,0,0,-1,-1,-1,-1,-1,-1,-1,-1,0,0,0,0,-1,-1,-1,0,0,0,0,-1,-1,-1,-1,-1,-1,-1,-1,-1,-1,-1,0,0,0,0,-1,-1,-1,-1,-1,-1,-1,-1,0,0,0,0,0
0,0,0,0,0,0,0,0,0,0,0,0,0,0,0,-1,-1,-1,-1,-1,-1,-1,0,0,0,0,0,0,0,0,0,0,0,0,0,0,0,0,0,0,0,0,0,0,0,0,0,0,-1,-1,-1,-1,0,0,0,0,0,0,0,0,0,0,0,0,0,0,0,0,0,0,0,0,0,0,0,0,0,0,0,0,0,0,0,0,0,0,0,-1,-1,-1,-1,-1,-1,-1,-1,0,0,0,-1,-1,-1,-1,-1,-1,-1,0,0,0,-1,-1,0,-1,-1,0,-1,0,0,0,0,0,0,0,0,0,0,0,0,0,0,0,-1,-1,0,0,0,0,0,0,0,-1,-1,-1,-1,-1,-1,-1,-1,-1,-1,0,0,0,0,0,0,0,0,0,-1,-1,-1,-1,-1,-1,-1,0,0,0,0,0,0,0,-1,-1,-1,-1,-1,-1,-1,-1,-1,-1,-1,0,0,0,0,-1,-1,-1,-1,-1,-1,-1,-1,0,0,0,0,0
0,0,0,0,0,0,0,0,0,0,0,0,0,0,0,-1,-1,-1,-1,-1,-1,-1,-1,-1,-1,0,0,0,0,0,0,0,0,0,0,0,0,0,0,0,0,0,0,0,0,0,0,0,0,0,0,0,0,0,0,0,0,0,-1,0,-1,-1,-1,-1,-1,0,0,0,0,0,0,0,0,0,0,0,0,0,0,0,0,0,0,0,0,0,0,0,0,0,0,0,0,0,0,0,-1,-1,-1,0,0,0,-1,-1,-1,0,0,0,-1,-1,-1,-1,-1,-1,-1,-1,0,0,0,0,-1,-1,-1,-1,0,0,0,0,0,0,0,0,0,0,0,0,0,0,0,0,0,-1,-1,-1,-1,-1,-1,-1,-1,-1,-1,-1,0,0,0,0,0,0,0,0,0,0,-1,-1,-1,0,-1,-1,0,0,0,0,0,0,0,0,0,0,0,0,0,0,0,0,0,0,0,0,0,0,0,0,0,0,0,0,0,0,0,0
0,0,0,0,0,0,0,0,0,0,0,0,0,0,0,-1,-1,-1,-1,-1,-1,-1,-1,-1,-1,0,0,0,0,0,0,0,0,0,0,0,0,0,-1,0,0,0,0,0,0,0,0,0,0,0,0,0,0,0,0,0,0,0,0,0,-1,-1,-1,-1,-1,-1,-1,-1,-1,-1,0,0,0,0,0,0,0,-1,-1,-1,-1,0,0,0,0,0,0,0,0,0,0,0,0,0,0,0,0,0,0,0,0,0,0,0,0,0,0,0,0,0,0,0,-1,0,-1,-1,0,0,0,0,-1,-1,-1,-1,-1,-1,-1,0,0,0,0,0,0,0,0,-1,-1,0,-1,0,0,0,0,0,0,0,-1,-1,-1,-1,-1,-1,0,-1,-1,0,0,0,0,0,0,0,0,0,0,0,-1,-1,0,0,0,0,0,0,0,0,0,0,0,0,0,0,0,0,0,0,0,0,0,0,0,0,0,0,0,0,0,0,0,0
0,0,0,0,0,0,0,0,0,0,0,0,0,0,0,0,0,0,0,0,0,-1,-1,-1,0,0,0,0,0,0,0,0,0,0,0,0,0,0,0,0,0,0,0,0,0,0,0,0,0,0,0,0,0,0,0,0,0,0,0,0,0,0,0,0,0,-1,-1,-1,-1,-1,-1,-1,-1,0,0,0,0,-1,-1,-1,-1,-1,-1,0,0,0,-1,-1,-1,-1,0,0,0,0,0,0,0,0,0,0,0,0,0,0,0,0,0,0,0,0,0,0,0,0,0,0,0,0,0,0,0,0,0,0,0,0,-1,0,0,0,-1,-1,-1,-1,-1,-1,-1,0,-1,-1,-1,0,0,0,0,0,-1,-1,-1,-1,-1,-1,0,-1,-1,-1,-1,-1,-1,-1,-1,-1,-1,-1,0,0,-1,-1,0,0,0,0,0,0,0,0,0,0,0,0,0,0,0,0,0,0,0,0,0,0,0,0,0,0,0,0,0,0,0,0
0,0,0,0,0,0,0,0,0,0,0,0,0,0,0,0,0,0,0,0,0,-1,-1,-1,0,0,0,0,0,0,0,0,0,0,0,0,0,0,0,0,0,0,0,0,0,0,0,0,0,0,0,0,0,0,0,0,0,0,0,0,0,0,0,0,0,0,0,-1,-1,-1,-1,-1,0,0,0,0,0,0,0,0,0,0,0,0,0,0,-1,-1,-1,-1,-1,-1,-1,-1,-1,0,0,0,-1,-1,-1,-1,-1,-1,-1,0,0,0,-1,0,0,0,0,0,0,0,0,0,0,0,0,0,0,0,0,0,0,0,0,0,-1,-1,-1,-1,-1,-1,-1,0,-1,-1,-1,-1,-1,-1,-1,0,-1,-1,-1,-1,-1,-1,0,-1,-1,-1,-1,-1,-1,-1,-1,-1,-1,-1,0,0,-1,-1,0,0,0,0,0,0,0,0,0,0,0,0,0,0,0,0,0,0,0,-1,-1,-1,-1,-1,-1,-1,-1,0,0,0,0,0
0,0,0,0,0,0,0,0,0,0,0,0,0,0,0,0,0,0,0,0,0,-1,-1,-1,0,0,0,0,0,0,0,0,0,0,0,0,0,0,0,0,0,0,0,0,0,0,0,0,0,0,0,0,0,0,0,0,0,0,0,0,0,0,0,0,0,0,0,0,0,0,0,0,0,0,0,0,0,0,0,0,0,0,0,0,0,0,0,0,0,0,0,0,0,0,0,0,0,0,0,0,0,0,0,0,0,0,0,0,-1,-1,-1,-1,-1,-1,-1,-1,0,0,0,-1,-1,-1,-1,-1,-1,-1,0,0,0,0,0,0,0,0,0,0,0,0,0,0,0,0,0,0,0,0,-1,-1,-1,-1,-1,-1,0,0,0,0,0,-1,-1,-1,-1,-1,-1,-1,0,0,-1,-1,0,0,0,0,0,0,0,0,0,0,0,0,0,0,0,0,0,0,0,0,0,0,0,0,0,0,0,0,0,0,0,-1
0,0,0,0,0,0,0,0,0,0,0,0,0,0,0,0,0,0,0,0,-1,-1,-1,-1,0,0,0,0,0,0,0,0,0,0,0,0,0,0,0,0,0,0,0,0,0,0,0,0,0,0,0,0,0,0,0,0,0,0,0,0,0,0,0,0,0,0,0,0,0,0,0,0,-1,-1,0,0,0,0,0,-1,0,0,0,0,0,0,0,0,0,0,0,0,0,0,0,0,0,0,0,0,0,0,0,0,0,0,0,0,0,0,0,0,0,0,0,0,0,0,0,0,0,0,0,0,-1,-1,0,0,0,0,0,0,0,0,0,0,0,0,0,0,0,0,0,0,0,0,-1,-1,-1,-1,-1,-1,0,0,0,0,0,0,0,0,0,0,0,0,0,0,0,0,0,0,0,-1,-1,-1,-1,-1,-1,-1,-1,-1,-1,0,0,0,0,0,-1,-1,-1,0,0,0,0,0,0,0,0,0,0,0
0,0,0,0,0,0,0,0,0,0,0,0,-1,-1,-1,-1,0,0,0,0,-1,-1,-1,0,0,0,0,0,0,0,0,0,0,0,0,0,0,0,0,0,0,0,0,0,0,0,0,0,0,0,0,0,0,0,0,0,0,0,0,0,0,0,0,0,0,0,0,0,0,0,0,0,0,0,0,0,0,0,0,-1,-1,-1,-1,0,0,0,0,0,0,0,0,0,0,0,0,0,0,0,-1,-1,-1,-1,0,0,0,0,0,0,0,0,0,0,0,0,0,0,0,0,0,0,0,0,0,0,0,0,0,0,0,0,-1,-1,-1,-1,-1,-1,0,0,0,0,0,0,0,0,0,0,-1,-1,-1,-1,-1,-1,0,-1,-1,-1,-1,-1,-1,-1,-1,-1,-1,-1,0,0,-1,-1,0,0,0,0,0,0,0,0,-1,-1,-1,-1,-1,0,0,0,0,0,0,0,0,0,0,0,0,0,0,0,0,0,0,0
0,0,0,0,0,0,0,0,0,0,0,-1,-1,-1,-1,-1,-1,-1,-1,-1,-1,-1,-1,0,0,0,0,0,0,0,0,0,0,0,0,0,0,0,0,0,0,0,0,0,0,0,0,0,-1,-1,-1,-1,-1,0,0,0,0,0,0,0,0,0,0,0,0,0,0,0,0,0,0,0,0,0,0,0,0,0,0,0,0,-1,-1,-1,-1,-1,-1,-1,0,0,0,0,0,0,0,0,0,0,-1,-1,-1,-1,-1,-1,-1,0,0,0,-1,-1,0,0,0,0,0,0,0,0,0,0,0,0,0,0,0,0,0,0,0,0,-1,-1,-1,-1,-1,-1,0,0,-1,-1,-1,-1,-1,-1,-1,0,-1,-1,-1,-1,-1,-1,0,-1,-1,-1,-1,-1,-1,-1,-1,-1,-1,-1,0,0,-1,-1,0,0,-1,-1,-1,-1,-1,0,0,0,0,0,0,0,0,0,-1,-1,-1,-1,-1,-1,-1,-1,-1,-1,0,0,0,0,0,0
0,0,0,0,0,0,0,0,0,0,0,-1,-1,-1,-1,-1,-1,-1,-1,-1,-1,-1,-1,0,0,0,0,0,0,0,0,0,0,0,0,0,0,0,0,0,0,0,0,0,0,0,0,0,-1,-1,-1,-1,-1,-1,-1,-1,-1,0,0,0,0,0,0,0,0,0,0,0,0,0,0,0,0,0,0,0,0,0,0,0,0,0,0,0,-1,-1,-1,-1,-1,-1,-1,-1,0,0,0,0,0,0,0,0,0,0,0,0,0,0,0,-1,-1,-1,-1,-1,-1,-1,-1,0,0,0,0,-1,-1,-1,-1,-1,-1,0,0,0,0,0,0,0,0,0,0,0,0,0,-1,-1,-1,-1,-1,-1,-1,0,-1,-1,0,-1,-1,0,0,-1,-1,-1,-1,-1,-1,-1,-1,-1,-1,-1,0,0,-1,-1,0,0,0,0,0,0,0,0,0,0,0,0,0,0,0,0,-1,-1,-1,-1,-1,-1,-1,-1,-1,-1,0,0,0,0,-1,-1
0,0,0,0,0,0,0,0,0,0,0,0,0,0,0,0,0,0,-1,-1,-1,-1,-1,0,0,0,0,0,0,0,0,0,0,0,0,0,0,0,0,0,0,0,0,0,0,0,0,0,-1,-1,-1,-1,-1,-1,-1,-1,-1,0,0,0,0,0,0,0,0,0,0,0,0,0,0,0,0,0,0,0,0,0,0,0,0,0,0,0,0,0,0,0,-1,-1,-1,-1,-1,0,0,0,0,0,0,0,0,0,0,0,0,0,0,0,0,0,0,0,0,-1,-1,0,0,0,0,0,0,-1,-1,-1,-1,0,0,0,0,0,0,0,0,0,0,0,0,0,0,0,0,0,0,0,0,0,-1,-1,0,0,0,0,0,-1,-1,-1,-1,0,0,0,0,0,0,0,0,0,-1,-1,0,0,0,0,0,0,0,0,0,0,0,0,0,0,0,0,0,0,0,0,0,0,0,0,0,0,0,0,0,0,-1,-1
0,0,0,0,0,0,0,0,0,-1,-1,-1,0,0,0,0,0,0,0,0,0,0,0,0,0,0,0,0,0,0,0,0,0,0,0,0,0,0,0,0,0,0,0,0,0,0,0,0,0,-1,-1,-1,-1,-1,-1,-1,-1,0,0,-1,-1,-1,-1,-1,0,0,0,0,0,0,0,0,0,0,0,0,0,0,0,0,0,0,0,0,0,0,0,0,0,0,0,0,0,0,-1,-1,-1,-1,0,0,0,0,0,0,0,0,0,0,-1,0,0,0,0,0,0,0,0,0,0,0,0,0,0,0,0,0,0,0,0,0,0,0,0,0,0,0,0,0,0,0,0,0,0,0,-1,0,-1,-1,0,0,0,0,0,0,0,0,0,0,0,0,0,0,0,0,0,0,-1,-1,0,0,-1,-1,-1,-1,-1,-1,-1,-1,-1,0,0,0,0,-1,-1,-1,-1,-1,-1,0,0,0,0,0,0,0,0,0,-1,-1
0,0,0,0,0,0,0,0,0,-1,-1,-1,-1,-1,-1,-1,0,0,0,0,0,0,0,0,0,0,0,0,0,0,0,0,0,0,0,0,0,0,0,0,0,0,0,0,0,0,0,0,0,0,0,0,0,0,0,-1,-1,0,0,-1,-1,-1,-1,-1,-1,0,0,0,-1,0,0,0,0,0,0,0,0,0,0,0,0,0,0,0,0,0,0,0,0,0,0,0,0,0,-1,-1,-1,-1,0,-1,-1,-1,-1,-1,0,0,0,0,0,0,0,0,0,0,0,0,0,0,0,0,0,0,0,0,0,0,0,0,0,0,-1,-1,-1,0,0,0,0,0,0,0,0,0,0,0,-1,0,-1,-1,-1,-1,-1,-1,-1,0,0,0,0,0,0,0,0,0,0,0,0,0,0,0,0,0,-1,-1,-1,-1,-1,-1,-1,-1,-1,0,0,0,0,0,0,0,0,0,0,0,0,0,0,0,0,0,0,0,0,0
0,0,0,0,0,0,0,0,0,0,-1,-1,-1,-1,-1,0,-1,-1,0,0,0,0,0,0,0,0,0,0,0,0,0,0,0,0,0,0,0,0,0,0,0,0,0,0,0,0,0,0,0,0,0,0,0,0,0,0,0,0,0,0,0,0,0,-1,-1,0,0,0,0,0,0,0,0,0,0,0,0,0,0,0,0,0,0,0,0,0,0,0,0,0,0,0,0,0,0,0,0,0,0,0,0,-1,-1,-1,-1,-1,-1,-1,0,0,0,0,0,0,0,0,0,-1,-1,-1,-1,-1,-1,-1,-1,0,0,0,0,0,-1,-1,-1,-1,-1,-1,0,-1,-1,-1,-1,-1,-1,-1,0,-1,-1,-1,-1,-1,-1,-1,-1,0,0,0,0,0,0,0,-1,-1,-1,-1,0,0,0,0,0,0,0,0,0,0,-1,-1,-1,-1,-1,-1,-1,0,0,0,0,0,0,0,0,0,0,0,0,0,0,0,0,0,0,0
0,0,0,0,0,0,0,0,0,0,0,0,0,0,0,0,-1,-1,0,0,0,0,0,0,0,0,0,0,0,0,0,0,0,0,0,0,0,0,0,0,0,0,0,0,0,0,0,0,0,0,0,0,0,0,0,0,0,0,0,0,0,0,0,0,0,0,0,0,0,0,0,0,0,0,0,-1,0,0,0,0,0,0,0,0,0,0,0,0,0,0,0,0,0,0,0,0,0,0,0,0,0,0,0,0,0,-1,-1,-1,-1,-1,-1,-1,0,0,0,0,0,-1,-1,-1,-1,-1,-1,-1,-1,0,0,0,0,0,0,0,0,0,-1,-1,0,-1,-1,-1,-1,-1,-1,-1,0,-1,-1,-1,0,0,0,0,0,0,0,0,-1,-1,-1,-1,-1,-1,-1,-1,0,0,0,0,0,0,0,0,0,0,0,0,0,0,0,-1,-1,0,0,0,0,0,0,0,0,0,0,0,0,0,0,0,0,0,0,0
0,0,0,0,0,0,0,0,0,0,0,0,0,0,0,0,-1,-1,-1,-1,-1,-1,0,0,0,0,0,0,0,0,0,0,0,0,0,0,0,0,0,0,0,0,0,0,0,0,0,0,0,0,0,0,0,0,0,0,0,0,0,0,0,0,0,0,0,0,0,0,0,0,0,0,0,0,-1,-1,-1,-1,-1,-1,-1,0,0,0,0,-1,0,-1,0,0,0,0,0,0,0,0,0,0,0,0,0,0,0,0,0,0,0,0,-1,0,-1,-1,0,0,0,0,0,0,0,0,0,-1,-1,-1,-1,0,0,0,0,0,0,0,0,0,0,0,0,0,0,0,0,0,0,0,0,0,0,0,0,0,0,-1,-1,-1,0,0,-1,-1,-1,-1,-1,0,0,0,0,0,0,0,0,0,0,0,0,0,0,0,0,0,0,0,0,0,0,0,0,-1,-1,-1,-1,-1,-1,-1,-1,-1,0,0,0,0,0,0
0,0,0,0,0,0,0,-1,0,0,0,0,0,0,0,0,-1,-1,-1,-1,-1,-1,0,0,0,0,0,0,0,0,0,0,0,0,0,0,0,0,0,0,0,0,0,0,0,0,0,0,0,0,0,0,0,0,0,0,0,0,0,0,0,0,0,0,0,0,0,0,0,0,0,0,0,0,-1,-1,-1,-1,-1,-1,-1,0,0,-1,-1,-1,0,0,0,-1,0,0,0,0,0,0,0,0,0,0,0,0,0,0,0,0,0,0,0,-1,0,-1,0,0,0,0,0,0,0,0,0,0,-1,0,0,-1,0,0,0,-1,0,0,0,0,0,0,0,0,0,0,0,0,0,0,0,0,0,0,-1,-1,-1,-1,-1,-1,-1,0,-1,0,0,0,0,0,0,0,0,0,0,0,0,0,0,0,0,0,0,0,0,0,0,0,0,0,0,0,0,-1,-1,-1,-1,-1,-1,-1,-1,-1,0,0,0,0,0,0
0,0,0,0,0,0,-1,-1,-1,-1,-1,-1,-1,0,0,-1,-1,-1,-1,-1,-1,-1,0,0,0,0,0,0,0,0,0,0,0,0,0,0,0,0,0,0,0,0,0,0,0,0,0,0,0,0,0,0,0,0,0,0,0,0,0,0,0,0,0,0,0,0,0,0,0,0,0,0,0,0,-1,-1,-1,-1,-1,-1,-1,0,0,-1,-1,-1,-1,-1,-1,-1,-1,0,0,0,0,0,0,0,0,0,0,0,0,0,0,0,0,0,0,0,0,0,0,0,0,0,-1,-1,-1,-1,-1,-1,-1,-1,0,0,0,0,0,-1,-1,-1,-1,-1,-1,0,0,0,0,0,0,0,0,0,0,0,-1,-1,-1,-1,-1,-1,-1,0,0,0,0,0,0,0,0,0,0,0,0,0,0,0,0,0,0,0,0,0,0,0,0,0,0,0,0,0,0,0,0,0,0,0,0,0,0,0,0,0,0,0,0,0,0,0
0,0,0,0,0,0,-1,-1,-1,-1,-1,-1,-1,-1,0,-1,-1,0,-1,-1,-1,0,0,0,0,0,0,0,0,0,0,0,0,0,0,0,0,0,0,0,0,0,0,0,0,0,0,0,0,0,0,0,0,0,0,0,0,0,0,0,0,0,0,0,0,0,0,0,0,0,0,0,0,0,-1,-1,-1,-1,-1,-1,0,-1,0,0,0,0,0,0,-1,-1,-1,-1,-1,0,0,0,0,0,-1,-1,0,0,0,0,0,0,0,0,0,0,0,0,0,0,0,0,-1,-1,-1,-1,-1,-1,-1,0,0,0,0,0,0,0,0,-1,-1,-1,-1,0,0,-1,-1,-1,0,0,0,0,0,0,0,-1,-1,0,0,0,0,0,0,0,0,0,0,0,0,0,0,0,0,0,0,0,0,0,0,0,0,0,0,0,0,0,0,0,0,0,0,0,0,0,0,0,0,0,0,0,0,0,0,0,0,0,0,-1
0,0,0,0,0,0,0,0,0,0,0,-1,-1,-1,0,-1,0,0,0,0,0,0,0,0,0,0,0,0,0,0,0,0,0,0,0,0,0,0,0,0,0,0,0,0,0,0,0,0,0,0,0,0,0,0,0,0,0,0,0,0,0,0,0,0,0,0,0,0,0,0,0,0,0,-1,-1,-1,-1,-1,-1,-1,0,0,0,0,0,0,0,0,0,0,0,0,0,0,0,0,0,0,0,0,0,0,0,0,0,0,0,0,0,0,0,0,0,0,0,0,0,0,0,0,0,0,0,0,-1,0,0,0,0,0,0,0,0,0,0,0,-1,-1,-1,-1,-1,-1,0,0,0,0,0,0,0,0,0,0,0,0,0,0,0,0,0,0,0,0,0,0,0,0,0,0,0,0,0,0,0,0,0,0,0,0,0,0,0,0,0,0,0,0,0,0,0,0,0,0,0,0,0,0,0,0,0,-1
0,0,0,0,0,0,0,0,0,0,0,0,0,0,0,0,0,-1,-1,0,0,0,0,0,0,0,0,0,0,0,0,0,0,0,0,0,0,0,0,0,0,0,0,0,0,0,0,0,0,0,0,0,0,0,0,0,0,0,0,0,0,0,0,0,0,0,0,0,0,0,0,0,0,-1,-1,-1,-1,-1,-1,-1,0,0,0,0,0,0,0,0,0,0,0,0,0,-1,-1,-1,-1,-1,0,-1,-1,-1,0,0,0,0,0,0,0,0,0,0,0,0,0,0,0,0,0,0,0,0,0,0,0,0,0,0,-1,-1,-1,-1,-1,-1,-1,0,0,0,0,0,0,0,0,0,0,0,0,0,0,0,0,0,0,0,0,0,0,0,0,0,0,0,0,0,0,0,0,0,0,0,0,0,0,0,0,0,0,0,0,0,0,0,0,0,0,0,0,0,0,0,0,0,0,0,0,0,0,0,0,-1
0,0,0,0,0,0,0,0,0,0,0,0,0,0,0,0,0,-1,-1,0,0,0,0,0,0,0,0,0,0,0,0,0,0,0,0,0,0,0,0,0,0,0,0,0,0,0,0,0,0,0,0,0,0,0,0,0,0,0,0,0,0,0,0,0,0,0,0,0,0,0,0,0,0,-1,-1,-1,-1,-1,-1,-1,0,0,-1,-1,-1,0,0,0,0,0,0,0,0,-1,-1,-1,-1,-1,0,-1,-1,-1,-1,0,0,0,-1,0,0,0,0,0,0,0,0,0,0,0,0,0,0,0,0,0,0,0,0,0,0,0,0,0,0,0,0,0,0,0,0,0,0,0,0,0,0,0,0,0,0,0,0,0,0,0,0,0,0,0,0,0,0,0,0,0,0,0,0,0,0,0,0,0,0,0,0,0,0,0,0,0,0,0,0,0,0,0,0,0,0,0,0,0,0,0,0,0,0,0,0,-1
0,0,0,0,0,-1,-1,-1,-1,-1,0,0,0,0,0,0,-1,-1,-1,0,-1,0,0,0,0,0,0,0,0,0,0,0,0,0,0,0,0,0,0,0,0,0,0,0,0,0,0,0,0,0,0,0,0,0,0,0,0,0,0,0,0,0,0,0,0,0,0,0,0,0,0,0,-1,-1,-1,-1,-1,-1,-1,0,0,0,-1,-1,-1,-1,-1,-1,-1,-1,0,0,0,0,0,0,-1,0,0,0,0,0,0,0,-1,-1,-1,0,0,0,0,-1,-1,0,0,0,0,0,0,0,0,0,0,0,0,0,0,0,0,0,0,0,0,0,0,0,0,0,0,0,0,0,0,0,0,0,0,0,0,0,0,0,0,0,0,0,0,0,0,0,0,0,0,0,0,-1,-1,-1,-1,-1,-1,-1,0,0,0,0,0,0,0,0,0,0,0,0,0,0,0,0,0,0,0,0,0,0,0,0,0,0,0,0
0,0,0,0,0,-1,-1,-1,-1,-1,-1,-1,-1,-1,-1,0,-1,-1,-1,0,0,0,0,0,0,0,0,0,0,0,0,0,0,0,0,0,0,0,0,0,0,0,0,0,0,0,0,0,0,0,0,0,0,0,0,0,0,0,0,0,0,0,0,0,0,0,0,0,0,0,0,0,-1,-1,-1,-1,-1,-1,-1,0,0,0,0,0,0,0,-1,-1,-1,-1,-1,0,0,0,0,-1,0,-1,0,0,0,-1,-1,-1,-1,-1,0,0,0,0,0,-1,-1,0,0,0,0,0,0,0,0,0,0,0,0,0,0,0,0,0,0,0,0,0,0,0,0,0,0,0,0,0,0,0,0,0,0,0,0,0,0,0,0,0,0,0,0,0,0,0,0,0,0,0,0,-1,-1,-1,-1,-1,-1,-1,-1,-1,-1,-1,-1,-1,-1,-1,-1,-1,0,0,0,0,0,0,0,0,0,0,0,0,0,0,0,0,0,0
0,0,0,0,0,0,0,0,-1,-1,-1,-1,-1,-1,0,0,-1,-1,-1,0,0,0,0,0,0,0,0,0,0,0,0,0,0,0,0,0,0,0,0,0,0,0,0,0,0,0,0,0,0,0,0,0,0,0,0,0,0,0,0,0,0,0,0,0,0,0,0,0,0,0,0,0,-1,-1,-1,-1,-1,-1,-1,0,0,0,0,0,0,0,0,-1,-1,0,0,0,0,-1,-1,-1,-1,-1,-1,0,-1,-1,-1,-1,0,0,0,0,0,0,0,-1,-1,0,-1,-1,-1,-1,-1,-1,-1,0,0,0,0,0,0,0,0,0,0,0,0,0,0,0,0,0,0,0,0,0,0,0,0,0,0,0,0,0,0,0,0,0,0,0,0,0,0,0,0,0,0,0,0,-1,-1,-1,-1,-1,-1,-1,-1,-1,-1,-1,-1,-1,-1,-1,-1,-1,0,0,0,0,0,0,0,0,0,-1,-1,0,0,0,0,0,0,0
0,0,0,0,0,0,0,0,0,0,0,0,0,-1,0,0,-1,-1,-1,0,0,0,0,0,0,0,0,0,0,0,0,0,0,0,0,0,0,0,0,0,0,0,0,0,0,0,0,0,0,0,0,0,0,0,0,0,0,0,0,0,0,0,0,0,0,0,0,0,0,0,0,0,-1,-1,-1,-1,-1,-1,0,0,0,0,0,0,0,0,0,0,0,0,0,-1,-1,-1,-1,-1,-1,-1,0,0,-1,0,0,0,0,0,0,0,0,0,0,0,0,0,0,0,0,0,0,0,-1,0,0,0,0,0,0,0,0,0,0,0,0,0,0,0,0,0,0,0,0,0,0,0,0,0,0,0,0,0,0,0,0,0,0,0,0,0,0,0,0,0,0,0,0,0,0,0,0,0,0,0,-1,-1,-1,-1,-1,-1,-1,-1,-1,-1,0,0,0,-1,-1,-1,-1,0,0,0,0,0,0,0,0,0,0,0
0,0,0,0,0,0,0,0,0,0,0,0,0,0,0,0,-1,-1,0,0,0,0,0,0,0,0,0,0,0,0,0,0,0,0,0,0,0,0,0,0,0,0,0,0,0,0,0,0,0,0,0,0,0,0,0,0,0,0,0,0,0,0,0,0,0,0,0,0,0,0,0,-1,-1,-1,-1,-1,-1,-1,0,0,0,-1,-1,-1,-1,0,0,0,0,0,0,0,-1,-1,-1,0,0,0,0,0,0,0,0,0,0,0,0,-1,-1,0,0,0,0,0,-1,-1,-1,-1,0,0,0,0,0,0,0,0,0,0,0,0,0,0,0,0,0,0,0,0,0,0,0,0,0,0,0,0,0,0,0,0,-1,-1,-1,-1,-1,-1,-1,-1,-1,-1,-1,0,0,0,0,0,0,0,0,0,0,0,0,0,0,0,0,0,0,0,0,-1,0,0,0,-1,-1,-1,-1,0,0,0,0,0,0,0,0,0,0,0
0,0,0,0,0,-1,-1,-1,-1,-1,0,0,0,0,0,-1,-1,-1,0,0,0,0,0,0,0,0,0,0,0,0,0,0,0,0,-1,-1,-1,-1,-1,0,0,0,0,0,0,0,0,0,0,0,0,0,0,0,0,0,0,0,0,0,0,0,0,0,0,0,0,0,0,0,0,-1,-1,-1,-1,-1,-1,-1,0,0,0,-1,-1,-1,-1,-1,-1,-1,-1,-1,0,0,0,0,0,0,0,0,0,0,0,0,0,0,0,-1,-1,-1,-1,-1,0,0,0,-1,-1,-1,0,0,0,0,0,0,0,0,-1,-1,-1,-1,-1,-1,-1,-1,-1,-1,-1,-1,-1,-1,-1,-1,0,0,0,0,0,0,-1,-1,-1,-1,-1,-1,-1,-1,-1,-1,-1,-1,-1,-1,-1,0,0,0,0,0,0,0,0,0,0,0,0,0,0,0,0,0,0,0,0,0,0,0,0,-1,-1,-1,-1,0,0,0,0,0,0,0,0,0,0,0
0,0,0,0,-1,-1,-1,-1,-1,-1,-1,-1,-1,0,0,-1,-1,-1,0,0,0,0,0,0,0,0,0,0,0,0,0,0,0,0,-1,-1,-1,-1,-1,-1,-1,-1,-1,-1,0,0,0,0,0,0,0,0,0,0,0,0,0,0,0,0,0,0,0,0,0,0,0,0,0,0,0,-1,-1,-1,-1,-1,-1,-1,0,0,0,0,0,0,0,0,-1,-1,-1,-1,0,0,0,0,0,0,0,0,0,0,-1,-1,-1,0,0,0,-1,0,0,0,0,0,0,0,0,0,-1,-1,-1,-1,0,0,0,0,-1,-1,-1,-1,-1,-1,-1,-1,-1,-1,-1,-1,-1,-1,-1,-1,0,0,0,0,0,0,-1,-1,-1,-1,-1,-1,-1,-1,-1,-1,0,0,0,0,0,0,0,0,0,0,0,0,0,0,0,0,0,0,0,0,0,0,0,0,0,0,0,0,0,-1,-1,-1,-1,0,0,0,0,0,0,0,0,0,0,0
0,0,0,0,0,0,0,0,-1,-1,-1,-1,-1,0,0,-1,-1,-1,0,0,0,0,0,0,0,0,0,0,0,0,0,0,0,0,0,0,0,0,-1,-1,-1,-1,-1,-1,-1,-1,-1,-1,-1,0,0,0,0,0,0,0,0,0,0,0,0,0,0,0,0,0,0,0,0,-1,-1,-1,-1,-1,-1,-1,-1,0,0,0,0,0,0,0,0,0,0,0,0,0,0,0,0,0,0,0,0,0,-1,-1,-1,-1,-1,0,0,0,0,0,0,0,0,0,-1,0,-1,-1,-1,-1,-1,0,0,0,0,0,-1,-1,0,0,0,0,0,0,0,0,0,0,0,0,0,0,0,0,0,0,0,0,-1,-1,-1,0,0,0,0,0,0,0,0,0,0,0,0,0,0,0,0,0,0,0,0,0,0,0,0,0,0,0,0,0,0,0,0,0,0,0,0,-1,-1,-1,-1,0,0,0,0,0,0,0,0,0,0,0
0,0,0,0,0,0,0,0,0,0,0,0,0,0,0,-1,-1,-1,0,0,0,0,0,0,0,0,0,0,0,0,0,0,0,0,0,0,0,0,0,0,0,0,0,-1,-1,-1,-1,-1,-1,-1,-1,-1,-1,-1,0,0,0,0,0,0,0,0,0,0,0,0,0,0,0,-1,-1,-1,-1,-1,-1,-1,-1,0,0,-1,-1,-1,-1,0,0,0,0,0,0,0,0,0,0,0,0,-1,-1,-1,-1,-1,-1,0,0,0,0,0,0,0,0,0,-1,-1,-1,0,0,0,0,0,0,0,0,0,0,0,-1,-1,-1,0,0,0,0,0,0,0,0,0,0,0,0,0,0,0,0,0,0,0,0,0,0,0,0,0,0,0,0,0,0,0,0,0,0,0,0,0,0,0,0,0,0,0,0,0,0,0,0,0,0,0,0,0,0,0,0,0,0,-1,-1,-1,-1,0,0,0,0,0,0,0,0,0,0,0
0,0,0,0,0,0,0,0,0,0,0,0,0,0,0,0,0,0,0,0,0,0,0,0,0,0,0,0,0,0,0,0,0,0,0,0,0,0,0,0,0,0,0,0,0,0,0,0,-1,-1,-1,-1,-1,-1,-1,-1,-1,-1,-1,0,0,0,0,0,0,0,0,0,0,-1,-1,-1,-1,-1,-1,-1,-1,0,0,-1,-1,-1,0,0,0,0,0,0,-1,-1,0,0,0,-1,-1,-1,-1,-1,-1,0,0,0,0,0,0,0,0,-1,-1,-1,-1,-1,0,0,0,0,0,0,0,-1,-1,0,0,0,0,-1,-1,0,0,0,0,0,0,0,0,0,0,0,0,0,0,0,0,0,0,0,0,0,0,0,0,0,0,0,0,0,0,0,0,0,0,0,0,0,0,0,0,0,0,0,0,0,0,0,0,0,0,0,0,0,0,0,0,0,0,-1,-1,-1,-1,0,0,0,0,0,0,0,0,0,0,0
0,0,0,0,-1,-1,-1,-1,-1,0,0,0,0,0,0,0,0,0,0,0,0,0,0,0,0,0,0,0,0,0,0,0,0,-1,-1,-1,0,0,0,0,0,0,0,0,0,0,0,0,0,0,0,0,0,0,-1,-1,-1,-1,-1,-1,-1,0,0,0,0,0,0,0,-1,-1,-1,-1,-1,-1,-1,-1,-1,0,0,-1,-1,-1,0,0,0,0,-1,-1,-1,-1,-1,0,0,0,-1,-1,0,0,0,0,0,0,0,0,0,0,0,0,-1,0,0,0,0,0,0,0,-1,-1,-1,-1,0,0,0,0,0,-1,-1,0,0,0,0,0,0,0,0,0,0,0,0,0,0,0,0,0,0,0,0,0,0,0,0,0,0,0,0,0,0,0,0,0,0,0,0,0,0,0,0,0,0,0,0,0,0,0,0,0,0,0,0,0,0,0,0,-1,-1,-1,-1,-1,-1,0,-1,0,0,0,0,0,0,0,0,0
0,0,0,-1,-1,-1,-1,-1,-1,-1,-1,-1,0,0,0,0,0,0,0,0,0,0,0,0,0,0,0,0,0,0,0,0,0,-1,-1,-1,0,0,0,0,0,0,0,0,0,0,0,0,0,0,0,0,0,0,0,0,0,0,0,-1,-1,0,0,0,0,0,0,0,0,0,-1,-1,-1,-1,-1,-1,0,0,0,0,0,0,0,-1,-1,-1,-1,-1,-1,0,0,0,0,0,0,0,0,0,0,0,0,0,0,-1,-1,0,0,0,0,0,0,0,0,-1,-1,-1,-1,0,0,0,0,0,0,0,0,-1,-1,0,0,0,0,0,0,0,0,0,0,0,0,0,0,0,0,0,0,0,-1,-1,-1,-1,-1,-1,-1,-1,-1,-1,-1,-1,-1,-1,-1,-1,-1,0,0,0,0,-1,-1,-1,-1,-1,-1,-1,-1,-1,-1,-1,-1,-1,-1,0,0,0,0,-1,-1,-1,-1,0,-1,0,0,0,0,0,0,0,0,0
0,0,0,-1,-1,-1,-1,-1,-1,-1,-1,-1,-1,0,0,0,0,0,0,0,0,0,0,0,0,0,0,0,0,0,0,0,0,-1,-1,-1,0,0,0,0,0,0,0,0,0,0,0,0,0,0,0,0,0,0,-1,-1,-1,0,0,0,0,-1,-1,-1,-1,0,-1,-1,-1,0,0,0,0,0,0,-1,0,0,0,0,0,-1,-1,-1,-1,-1,0,0,0,0,0,0,0,0,0,0,0,0,0,0,-1,-1,-1,-1,0,0,0,0,0,0,-1,-1,-1,-1,0,0,0,0,0,0,0,0,0,0,0,-1,-1,-1,0,0,0,0,0,0,0,0,0,0,0,0,0,0,0,0,0,0,-1,-1,-1,-1,-1,-1,-1,-1,-1,-1,-1,-1,-1,-1,-1,-1,-1,0,0,0,0,-1,-1,-1,-1,-1,-1,-1,-1,-1,-1,-1,-1,-1,-1,0,0,0,0,-1,-1,-1,-1,0,-1,-1,0,0,0,0,0,0,0,0
0,0,0,0,0,0,0,0,0,0,0,0,0,0,0,0,0,-1,0,0,0,0,0,0,0,0,0,0,0,0,0,0,0,-1,-1,-1,0,0,0,0,0,0,0,0,0,0,0,0,0,0,0,0,-1,0,-1,-1,-1,-1,-1,-1,-1,-1,-1,-1,-1,-1,-1,-1,-1,-1,-1,-1,-1,0,0,0,-1,-1,-1,-1,0,-1,-1,0,0,0,0,0,0,0,0,0,0,0,0,0,0,0,-1,-1,-1,0,0,0,0,0,0,0,0,0,-1,0,0,0,0,0,0,0,-1,-1,-1,-1,0,0,0,-1,-1,-1,0,0,0,0,0,0,0,0,0,0,-1,-1,-1,0,0,0,0,0,-1,-1,-1,-1,-1,-1,-1,-1,-1,-1,-1,-1,-1,-1,-1,-1,-1,0,0,0,0,-1,-1,-1,-1,-1,-1,-1,-1,-1,-1,-1,-1,-1,-1,0,0,0,0,-1,-1,-1,-1,0,-1,-1,0,0,0,0,0,0,0,0
0,0,0,0,0,0,0,0,0,0,0,0,0,0,0,0,0,0,0,0,0,0,0,0,0,0,0,0,0,0,0,0,0,-1,-1,-1,-1,-1,0,0,0,0,0,0,0,0,0,0,0,0,0,0,0,0,-1,-1,-1,-1,-1,-1,0,-1,-1,-1,-1,-1,-1,-1,-1,-1,-1,-1,-1,0,-1,-1,-1,-1,-1,-1,0,0,0,0,0,0,0,0,0,0,0,-1,-1,0,0,-1,-1,-1,-1,0,0,0,0,0,-1,0,0,0,0,0,-1,-1,0,0,0,-1,-1,-1,-1,-1,0,0,0,0,0,0,-1,-1,-1,-1,-1,-1,-1,-1,-1,-1,-1,-1,-1,-1,-1,0,0,0,0,0,0,0,0,0,0,0,0,0,0,0,0,0,0,0,0,0,0,0,0,0,0,0,0,0,0,0,0,0,0,0,0,0,0,0,0,0,0,0,0,-1,0,0,0,-1,-1,-1,0,0,0,0,0,0,0,0
0,0,0,0,0,0,0,0,0,-1,0,0,0,0,0,0,0,-1,0,0,0,0,0,0,0,0,0,0,0,0,0,0,0,0,-1,-1,-1,-1,-1,0,0,0,0,0,0,0,0,0,0,0,-1,-1,-1,-1,-1,-1,-1,-1,-1,-1,0,-1,-1,-1,-1,-1,-1,-1,-1,-1,-1,-1,0,-1,-1,-1,-1,-1,-1,-1,0,0,0,0,0,0,0,0,0,-1,-1,-1,-1,-1,0,0,0,0,0,0,0,0,-1,-1,-1,0,0,0,0,0,0,0,0,-1,-1,-1,-1,0,0,0,-1,-1,0,0,0,0,0,-1,-1,-1,-1,0,0,0,0,0,0,0,0,0,0,0,0,0,0,0,0,0,0,0,0,0,0,0,0,0,0,0,0,0,0,0,-1,0,0,0,0,0,0,0,0,0,0,0,0,0,0,0,0,0,0,0,0,0,0,0,0,0,0,0,0,0,0,0,0,0,0,0,0,0
0,0,0,0,0,0,-1,-1,0,0,-1,-1,0,0,0,0,0,0,0,0,0,0,0,0,0,0,0,0,0,0,0,0,0,-1,-1,-1,-1,-1,-1,0,0,0,0,0,0,0,0,0,0,0,-1,-1,-1,0,0,0,0,-1,-1,-1,-1,-1,-1,-1,-1,-1,-1,-1,-1,-1,-1,-1,0,0,-1,-1,-1,-1,-1,-1,-1,-1,0,0,0,0,-1,-1,-1,-1,-1,-1,0,0,0,0,0,0,0,-1,-1,-1,-1,-1,0,0,0,0,0,0,0,-1,-1,-1,-1,0,0,-1,-1,-1,-1,-1,0,0,0,0,0,0,0,0,0,0,0,0,0,0,0,0,0,0,0,0,0,0,0,0,0,0,0,0,0,0,0,0,0,0,0,0,0,0,0,0,0,0,0,0,0,0,0,0,0,0,0,0,0,0,0,0,0,0,0,0,0,0,0,0,0,0,0,0,0,0,0,0,0,0,0,0,0,0
0,0,0,0,0,-1,-1,-1,-1,-1,-1,-1,0,0,0,0,0,0,0,0,0,0,0,0,0,0,0,0,0,0,0,0,0,-1,-1,-1,-1,-1,-1,-1,-1,-1,-1,-1,-1,0,0,-1,0,0,0,0,0,-1,0,0,0,0,0,0,0,-1,-1,-1,-1,-1,-1,-1,-1,-1,-1,-1,0,0,-1,-1,-1,-1,-1,-1,-1,-1,0,-1,-1,-1,-1,-1,-1,-1,0,0,0,0,0,0,-1,-1,-1,-1,-1,-1,0,0,0,0,0,0,0,0,0,0,0,0,0,-1,-1,-1,-1,-1,0,0,0,0,0,0,0,0,0,0,0,0,0,0,0,0,0,0,0,0,0,0,0,0,0,0,0,0,0,0,0,0,0,0,0,0,0,0,0,0,0,0,0,0,0,0,0,0,0,0,0,0,0,0,0,0,0,0,0,0,0,0,0,0,0,0,0,0,0,0,0,0,0,0,0,0,0,0,0,0
0,0,0,0,0,0,-1,-1,-1,-1,-1,-1,0,0,0,0,0,0,0,0,0,0,0,0,0,0,0,0,0,0,0,0,0,-1,-1,-1,-1,-1,-1,-1,-1,-1,-1,-1,-1,0,-1,-1,-1,-1,-1,-1,-1,-1,0,0,0,0,0,0,0,0,0,0,0,0,0,-1,-1,-1,-1,-1,0,0,0,-1,-1,-1,-1,-1,-1,0,0,0,-1,-1,-1,0,0,0,-1,0,0,0,0,-1,-1,-1,-1,-1,0,0,0,0,0,-1,-1,0,-1,0,0,0,-1,-1,-1,-1,-1,-1,0,0,-1,-1,0,0,0,0,0,0,0,0,0,0,0,0,0,0,0,0,0,0,0,0,0,0,0,0,0,0,0,0,0,0,0,0,0,0,0,0,0,0,0,0,0,0,0,0,0,0,0,0,0,0,0,0,0,0,0,0,0,0,0,0,0,0,0,0,0,0,0,0,0,0,0,0,0,0,0,0,0,0
0,0,0,0,-1,-1,-1,-1,-1,-1,-1,-1,-1,-1,0,0,0,0,0,0,0,0,0,0,0,0,0,0,0,0,0,0,0,0,0,0,0,0,0,0,0,0,0,0,0,0,0,0,-1,-1,-1,-1,-1,-1,-1,-1,0,0,0,0,0,0,0,0,0,0,0,0,0,0,0,0,0,0,0,-1,-1,-1,0,0,-1,-1,-1,0,0,0,-1,-1,-1,0,0,-1,-1,-1,0,-1,-1,0,0,0,0,0,0,-1,-1,-1,0,-1,-1,-1,-1,0,-1,-1,-1,0,0,-1,-1,-1,-1,-1,0,0,0,0,0,0,0,0,0,0,0,0,0,0,0,0,0,0,0,0,0,0,0,0,0,0,0,0,0,0,0,0,0,0,0,0,0,0,0,0,0,-1,-1,-1,-1,-1,-1,-1,-1,-1,-1,-1,-1,-1,-1,-1,-1,-1,-1,0,-1,-1,-1,-1,-1,-1,-1,0,0,0,0,0,0,0,0,0,0,0
0,0,0,0,0,0,0,-1,-1,-1,-1,0,0,0,0,-1,0,0,0,0,0,0,0,0,0,0,0,0,0,0,0,0,0,0,0,0,0,0,0,0,0,0,0,0,0,0,0,0,0,0,0,0,0,0,0,0,0,0,0,0,0,0,0,0,0,0,0,0,0,0,0,0,0,-1,-1,0,0,0,-1,-1,-1,-1,-1,0,0,0,-1,0,-1,-1,-1,-1,-1,-1,0,0,-1,-1,0,0,0,-1,-1,-1,-1,-1,-1,-1,-1,-1,-1,0,0,0,0,-1,-1,-1,-1,-1,-1,-1,0,0,0,0,0,0,0,0,0,0,-1,0,0,-1,-1,-1,-1,-1,0,0,0,0,0,0,0,0,0,0,0,0,0,0,0,0,0,0,0,0,0,0,0,0,0,0,0,0,0,0,0,0,0,0,0,-1,-1,-1,0,0,0,0,0,0,0,0,0,0,0,0,0,0,0,0,0,0,0,0,0,-1
0,0,0,0,0,0,0,0,-1,-1,0,0,0,0,0,0,0,0,0,0,0,0,0,0,0,0,0,0,0,0,0,0,0,0,0,0,0,0,0,0,0,0,0,0,0,0,0,0,0,0,0,0,0,0,0,0,0,0,0,0,0,0,0,0,0,0,0,0,0,0,0,0,-1,-1,-1,-1,-1,-1,-1,-1,-1,-1,-1,-1,0,0,-1,-1,-1,-1,-1,-1,0,0,0,0,-1,-1,-1,-1,-1,-1,-1,-1,-1,-1,-1,-1,-1,-1,-1,0,0,0,-1,-1,0,-1,-1,-1,-1,0,0,0,0,0,-1,-1,-1,-1,-1,-1,-1,0,0,-1,-1,-1,-1,-1,0,0,0,0,0,0,0,0,0,0,0,0,0,0,0,0,0,0,0,0,0,0,0,0,0,0,0,0,0,0,0,0,0,0,0,0,0,0,0,0,0,0,0,0,0,0,0,0,0,0,0,0,0,0,0,0,0,0,0,-1
0,0,0,0,0,0,0,0,0,0,0,0,0,0,0,0,0,0,0,0,0,0,0,0,0,0,0,0,0,0,0,-1,-1,-1,-1,-1,-1,0,0,0,0,0,0,0,0,0,0,0,0,0,0,0,0,0,0,0,-1,0,-1,0,-1,-1,0,-1,0,0,-1,0,0,0,0,-1,-1,-1,-1,-1,-1,-1,0,-1,-1,-1,-1,-1,0,-1,-1,-1,-1,0,0,0,0,0,0,0,0,-1,-1,-1,0,0,-1,-1,-1,-1,-1,-1,-1,-1,-1,0,0,0,-1,-1,-1,-1,-1,0,0,0,0,0,0,0,-1,-1,-1,0,0,0,0,0,0,-1,-1,0,0,-1,0,0,0,0,0,0,0,0,0,0,0,0,0,0,0,0,0,0,0,0,0,0,0,0,0,0,-1,-1,-1,-1,-1,-1,-1,0,0,-1,-1,-1,-1,-1,-1,-1,-1,0,-1,-1,-1,-1,-1,-1,-1,0,0,0,0,0,0,0,0,0
0,0,0,0,0,0,0,0,0,0,0,0,0,0,0,0,0,0,0,0,0,0,0,0,0,0,0,0,0,0,0,-1,-1,-1,-1,-1,-1,-1,0,0,0,0,0,0,0,0,0,0,0,0,0,0,0,0,0,0,-1,-1,-1,-1,-1,-1,-1,-1,-1,-1,-1,0,0,0,0,-1,0,0,0,0,-1,-1,-1,0,-1,-1,-1,-1,-1,0,0,0,0,0,0,0,0,0,-1,-1,0,-1,-1,0,0,0,-1,-1,-1,-1,-1,-1,-1,-1,0,0,0,0,-1,-1,0,0,0,-1,-1,0,0,0,0,0,-1,-1,0,0,0,0,0,0,0,-1,-1,0,0,0,0,0,0,0,0,0,0,0,0,0,0,-1,-1,-1,-1,-1,-1,-1,-1,-1,0,0,0,0,0,0,0,0,0,0,0,0,0,0,0,0,-1,-1,-1,-1,-1,-1,-1,0,0,-1,-1,-1,-1,-1,-1,-1,0,0,0,0,0,0,0,0
0,0,0,0,0,0,0,0,0,0,0,0,0,0,0,0,0,0,0,0,0,0,0,0,0,0,0,0,0,0,0,-1,-1,0,0,0,0,0,0,0,0,-1,-1,-1,-1,-1,-1,-1,-1,-1,-1,0,0,0,0,0,-1,0,0,0,0,0,0,0,0,0,0,0,0,0,0,0,-1,-1,-1,-1,-1,-1,-1,0,-1,-1,-1,0,0,-1,0,0,0,0,0,-1,-1,-1,-1,-1,-1,0,-1,-1,0,0,0,-1,-1,-1,-1,-1,0,-1,-1,-1,-1,0,0,0,-1,0,0,-1,-1,-1,0,0,0,0,0,0,0,0,0,0,0,0,0,-1,-1,0,0,0,0,0,0,0,0,0,0,0,0,0,0,-1,-1,-1,-1,-1,-1,-1,-1,-1,0,0,0,0,0,0,0,-1,-1,-1,-1,-1,-1,-1,0,0,-1,-1,-1,-1,-1,-1,-1,0,0,0,0,0,0,0,0,0,0,0,0,0,0,0,0,0
0,0,0,0,0,0,0,0,0,0,0,0,0,0,0,0,0,0,0,0,0,0,0,0,0,0,0,0,0,0,0,0,0,0,0,0,0,0,0,0,0,-1,-1,-1,-1,-1,-1,-1,-1,-1,-1,0,0,0,0,0,0,0,0,0,0,0,0,0,0,0,0,0,0,-1,0,0,0,-1,-1,-1,0,0,0,0,0,0,-1,-1,-1,-1,0,0,-1,-1,-1,-1,-1,-1,0,0,0,0,-1,0,0,0,-1,-1,-1,0,0,-1,-1,-1,-1,-1,0,0,0,0,-1,-1,-1,-1,-1,-1,0,0,0,0,0,0,0,0,0,0,0,0,0,-1,-1,0,-1,-1,-1,-1,0,0,0,-1,0,0,0,0,0,0,0,0,0,0,0,0,0,0,0,0,0,0,0,0,0,0,0,0,0,0,0,0,0,0,0,0,0,0,0,0,0,0,0,0,0,0,0,0,0,0,0,0,0,0,0,0,-1,-1
0,0,0,0,0,0,0,0,0,0,0,0,0,0,0,0,0,0,0,0,0,0,0,0,0,0,0,0,0,0,0,0,0,0,0,0,0,0,0,0,0,-1,-1,-1,-1,-1,-1,-1,-1,-1,-1,0,0,0,0,0,0,0,0,0,0,0,0,-1,0,0,-1,-1,-1,-1,0,0,0,0,0,0,0,0,0,0,0,-1,-1,-1,-1,-1,-1,0,-1,-1,-1,0,0,0,0,0,0,-1,-1,0,0,0,0,0,-1,-1,-1,-1,-1,0,0,0,0,0,-1,-1,-1,-1,-1,0,-1,0,0,0,0,0,0,-1,-1,-1,-1,-1,-1,0,0,-1,-1,0,-1,-1,-1,-1,0,0,0,0,0,0,0,0,0,0,0,0,0,0,0,0,0,0,0,0,0,0,0,0,-1,-1,-1,-1,-1,-1,-1,0,0,-1,-1,-1,-1,-1,-1,-1,-1,-1,-1,-1,-1,-1,-1,-1,-1,0,0,0,0,0,0,0,0,0
0,0,0,0,0,0,0,0,0,0,0,0,0,0,0,0,0,0,0,0,0,0,0,0,0,0,0,0,0,0,0,0,0,0,0,0,0,0,0,0,0,0,0,0,0,0,0,0,0,0,0,0,0,0,0,-1,0,0,0,-1,-1,0,-1,-1,-1,-1,-1,-1,-1,-1,0,0,0,0,-1,-1,0,0,0,0,0,-1,-1,-1,-1,-1,-1,0,-1,0,0,0,-1,-1,0,0,-1,-1,-1,0,0,0,0,-1,-1,-1,-1,0,0,0,0,-1,-1,-1,-1,-1,-1,0,0,0,0,0,0,0,0,0,0,-1,-1,0,0,0,0,0,0,-1,-1,0,-1,-1,-1,-1,0,0,0,0,0,0,0,0,0,0,0,0,0,0,0,0,0,0,0,0,0,0,0,0,-1,-1,-1,-1,-1,-1,-1,0,0,-1,-1,-1,-1,-1,-1,-1,-1,-1,-1,-1,-1,-1,-1,-1,-1,0,0,0,0,0,0,0,0,0
0,0,0,0,0,0,0,0,0,0,0,0,0,0,0,0,0,0,0,0,0,0,0,0,0,0,0,0,0,0,0,0,0,0,0,0,0,0,0,0,0,0,0,0,0,0,0,0,0,0,0,0,0,0,0,0,0,-1,-1,-1,-1,0,-1,-1,0,-1,-1,0,0,0,0,0,0,0,-1,-1,0,-1,-1,-1,0,0,-1,-1,-1,-1,-1,-1,0,0,0,0,0,-1,-1,-1,0,-1,-1,0,0,0,0,0,0,0,0,0,0,-1,-1,-1,-1,-1,0,0,0,0,0,0,0,0,0,0,0,0,0,-1,-1,0,0,0,0,0,0,0,0,0,0,0,0,0,0,0,0,0,0,0,0,0,0,0,0,0,0,0,0,0,0,0,0,0,0,0,0,0,-1,0,0,0,-1,-1,0,0,0,0,0,0,0,0,0,0,0,0,0,0,0,0,0,0,0,0,0,0,0,0,0,0,0,-1
0,0,0,0,0,0,0,0,0,0,0,0,0,0,0,0,0,0,0,0,0,0,0,0,0,0,0,0,0,0,0,0,0,0,0,0,0,0,0,0,0,0,0,0,0,0,0,0,0,0,0,0,0,0,0,0,0,-1,-1,-1,0,0,0,0,0,0,0,0,0,0,0,-1,-1,-1,-1,-1,-1,0,0,0,0,0,0,-1,-1,-1,-1,-1,-1,0,0,-1,-1,-1,-1,-1,0,0,0,0,0,0,0,0,0,0,0,0,-1,-1,-1,-1,0,0,0,0,0,0,0,0,0,0,0,0,0,0,0,-1,-1,0,-1,-1,-1,-1,0,-1,-1,-1,-1,-1,-1,-1,-1,-1,-1,-1,-1,-1,-1,0,0,0,0,0,0,0,0,0,0,0,0,0,0,0,0,0,0,0,0,0,0,0,0,0,0,0,0,0,0,0,0,0,0,0,0,0,0,0,0,0,0,0,0,0,0,0,0,0,0,0
0,0,0,0,0,0,0,-1,-1,0,0,0,0,0,0,0,0,0,0,0,0,0,0,0,0,0,0,0,0,0,0,-1,-1,-1,-1,-1,-1,-1,-1,-1,-1,-1,-1,-1,-1,0,0,0,0,0,0,0,0,0,0,-1,0,0,-1,-1,-1,0,0,0,0,0,0,0,0,0,0,0,-1,-1,0,0,0,0,0,0,0,0,0,-1,-1,-1,-1,-1,-1,0,-1,-1,-1,-1,0,0,0,0,0,0,0,0,0,0,0,0,0,0,0,0,0,0,0,0,0,0,0,0,-1,-1,-1,0,0,0,0,0,0,0,0,0,-1,-1,-1,-1,0,-1,-1,-1,-1,-1,-1,-1,-1,-1,-1,-1,-1,-1,-1,0,0,0,0,0,0,0,0,0,0,0,0,0,0,0,0,0,0,0,0,0,0,-1,-1,-1,0,0,0,0,0,0,0,0,0,0,0,0,0,0,0,0,0,0,0,0,0,0,0,0,0,0
