-1,-1,-1,-1,-1,-1,-1,-1,-1,-1,-1,-1,-1,0,0,0,0,0,0,0,0,0,0,0,0,0,0,0,0,0,0,-1,-1,-1,-1,-1,0,0,0,0,0,0,0,0,-1,0,0,-1,-1,-1,-1,0,0,0,0,0,0,0,0,0,0,0,0,0,0,0,0,0,0,0,0,0,0,0,0,0,0,0,0,0,0,0,0,0,0,0,0,0,0,0,0,0,0,-1,-1,-1,0,0,0,0,-1,-1,-1,-1,-1,-1,-1,-1,-1,0,0,0,0,0,0,0,0,0,0,0,0,0,0,0,0,0,0,0,0,0,0,0,0,0,0,0,0,0,0,0,0,0,0,-1,-1,-1,0,0,0,0,0,-1,-1,-1,-1,-1,0,0,0,-1,-1,-1,-1,-1,-1,-1,-1,-1,-1,-1,-1,-1,-1,-1,-1,0,0,0,0,0,0,0,0,0,0,0,0,0,0,0,0,0,0,0,0,0,0,0,0,0
0,0,0,0,0,0,0,0,0,0,0,0,0,0,0,0,0,0,0,0,0,0,0,0,0,0,0,0,0,0,0,-1,-1,-1,-1,-1,0,0,0,0,0,0,0,0,-1,0,0,-1,-1,-1,-1,0,0,0,-1,-1,0,0,0,0,0,0,0,0,0,0,0,0,0,0,0,0,0,0,0,0,0,0,0,0,0,0,0,0,0,0,0,-1,-1,-1,-1,-1,-1,-1,-1,-1,-1,0,0,-1,-1,-1,-1,-1,-1,-1,-1,-1,-1,-1,-1,0,0,0,0,0,0,0,0,0,0,0,0,0,0,0,-1,-1,-1,-1,0,-1,0,0,-1,-1,-1,-1,-1,0,0,-1,-1,-1,-1,-1,-1,-1,-1,-1,-1,-1,-1,-1,-1,-1,0,0,0,-1,-1,-1,-1,-1,-1,-1,-1,-1,-1,-1,-1,-1,0,0,0,0,0,0,0,0,0,0,0,0,0,0,0,0,0,0,0,0,0,0,0,0,0,0,0,0
0,0,0,0,0,0,0,0,0,0,0,-1,-1,0,0,0,0,0,0,0,0,0,0,0,0,0,0,0,0,0,0,-1,-1,-1,-1,-1,0,0,0,0,0,0,0,0,-1,0,0,0,-1,-1,-1,0,0,0,-1,-1,0,0,0,0,0,0,0,0,0,0,0,0,0,0,0,0,0,0,0,0,0,0,0,0,0,0,0,0,0,0,-1,-1,-1,-1,-1,-1,-1,-1,-1,-1,-1,0,0,-1,-1,0,0,0,0,0,0,0,-1,-1,-1,0,-1,0,0,0,0,0,0,0,0,0,0,0,0,0,0,-1,-1,-1,-1,-1,-1,-1,-1,-1,-1,-1,-1,0,0,-1,-1,-1,-1,-1,-1,-1,-1,-1,-1,-1,-1,-1,0,0,0,0,0,0,0,0,0,0,0,0,0,0,0,0,0,0,0,0.01,0,0,0.01,0.01,0,0,0,0.01,0.01,0.01,0,0.02,0,0,0,0,0,0,0,0,0,0,0,0,0,0
0,0,0,0,0,0,0,0,0,0,0,-1,-1,0,0,0,0,0,0,0,0,0,0,0,0,0,0,0,0,0,0,-1,-1,-1,-1,-1,0,0,0,0,0,0,0,0,-1,0,0,-1,-1,-1,0,0,0,0,-1,-1,0,0,0,0,0,0,0,0,0,0,0,0,0,0,0,0,0,0,0,0,0,0,0,0,0,0,0,0,0,0,-1,-1,-1,-1,-1,-1,-1,-1,-1,-1,-1,0,0,-1,-1,0,0,0,0,0,0,0,-1,-1,-1,0,0,0,0,0,0,0,0,0,0,0,0,0,0,0,0,-1,-1,-1,-1,-1,-1,-1,-1,-1,0,0,0,0,0,0,0,0,0,0,0,0,0,0,0,0,0,0,0,0,0,0,0,0,0,0,0,0,0,0,0,0.02,0.01,0,0.02,0,0.01,0.01,0,0.02,0.01,0.01,0.01,0,0.01,0.01,0,0,0.03,0.01,0,0,0.02,0.01,0.01,0.02,0,0,0,0,0,0,0,0
-1,-1,-1,-1,-1,-1,-1,-1,-1,0,0,-1,-1,0,0,0,0,0,0,0,0,0,0,0,0,0,0,0,0,0,0,-1,-1,-1,-1,-1,0,0,0,0,0,0,0,0,-1,0,0,-1,-1,-1,0,0,0,0,-1,-1,0,0,0,0,0,0,0,0,0,0,0,0,0,0,0,0,0,0,0,0,0,0,0,0,0,0,0,0,0,0,0,0,0,0,0,-1,-1,-1,-1,-1,0,0,0,-1,-1,-1,-1,-1,-1,-1,-1,-1,-1,-1,-1,0,0,0,0,0,0,0,0,0,0,0,0,0,0,0,0,0,0,0,0,0,0,0,0,0,0,0,0,0,0,0,0,0,0,0,0,0,0,0,0,0,0,0,0,0,0,0,0,0,0,0,0,0,0,0,0.01,0.02,0.01,0,0.01,0.01,0.01,0,0.01,0.02,0.01,0.02,0.01,0,0.01,0.03,0.01,0.02,0,0.02,0.01,0,0.01,0.02,0,0,0.02,0.03,0,0.03,0,0,0,0
-1,-1,-1,-1,-1,-1,-1,-1,-1,0,0,-1,-1,0,0,0,0,0,0,0,0,0,0,0,0,0,0,0,0,0,0,-1,-1,-1,-1,-1,0,0,0,0,0,0,0,0,-1,0,0,0,-1,-1,0,0,0,0,-1,-1,0,0,0,0,0,0,0,0,0,0,0,0,0,0,0,0,0,0,0,0,0,0,0,0,0,0,0,0,0,0,0,0,0,0,0,0,0,0,0,0,0,0,0,0,0,-1,-1,-1,-1,-1,-1,-1,0,0,0,0,0,0,0,0,0,0,0,0,0,0,0,0,0,0,0,0,0,0,0,0,0,0,0,0,0,0,0,0,0,0,0,0,0,0,0,0,0,0,0,0,0,0,0,0,0,0,0,0,0,0,0,-1,0.01,0.03,0,-1,-1,-1,0,0,0.01,-1,-1,-1,0,0.01,0.03,0.02,0.01,0.02,0.02,0.02,0,0,0.01,0.01,0.01,0.02,0,0,0.02,0,0.01,0,0.03,0.02,0,0
0,0,0,0,0,-1,-1,-1,-1,0,0,-1,-1,0,0,0,0,0,0,0,0,0,0,0,0,0,0,0,0,0,0,0,0,0,0,0,0,0,0,0,0,0,0,0,-1,0,0,0,-1,-1,0,0,0,0,-1,-1,0,0,0,0,0,0,0,0,0,0,0,0,0,0,0,0,0,0,0,0,0,0,0,0,0,0,0,0,0,0,0,0,0,0,0,0,0,0,0,0,0,0,0,0,0,0,0,0,0,0,0,0,0,0,0,0,0,0,0,0,0,0,0,0,0,0,0,0,0,0,0,0,0,0,0,0,0,0,0,0,0,0,0,0,0,0,0,0,-1,-1,-1,-1,0,-1,0,-1,-1,-1,-1,-1,-1,0,0,0,0.01,-1,-1,-1,-1,-1,-1,-1,-1,-1,-1,-1,-1,-1,-1,-1,0,0.01,0,0.01,0.01,0,0.04,0.01,0.02,0,0.01,0.02,0,0,0.03,0,0,0,0.01,0.01,0.01,0,0.02,0
0,0,0,0,0,0,0,0,0,0,0,-1,-1,0,0,0,0,0,0,0,0,0,0,0,0,0,0,0,0,0,0,0,0,0,0,0,0,0,0,0,-1,-1,-1,0,-1,0,0,0,-1,-1,0,0,0,0,0,0,0,0,0,0,0,0,0,0,0,0,0,0,0,0,0,0,0,0,0,0,0,0,0,0,0,0,0,0,0,0,0,0,0,0,0,0,0,0,0,0,0,0,0,0,0,0,0,0,0,0,0,0,0,0,0,0,0,0,0,0,0,0,0,0,0,0,0,0,0,0,0,-1,-1,-1,-1,-1,-1,-1,-1,-1,-1,-1,-1,-1,0,0,0,0,-1,-1,-1,-1,-1,-1,-1,-1,-1,-1,-1,-1,-1,0,0.01,0.01,0.03,-1,-1,-1,-1,-1,-1,-1,-1,-1,-1,-1,-1,0.03,0.02,0,0,0.01,0.01,0,0.01,0.01,0.02,0.01,0.01,0,0.01,0.02,0,0.01,0.02,0,0.01,0.01,0.02,0.01,0.01,0.02,0.01,0.01
0,0,0,0,0,0,0,0,0,0,0,-1,-1,0,0,0,0,0,0,0,0,0,0,0,0,0,0,0,0,0,0,0,0,0,0,0,0,0,0,0,0,-1,-1,0,-1,0,0,0,-1,-1,0,0,0,0,0,0,0,0,0,0,0,0,0,0,0,0,0,0,0,0,0,0,0,0,0,0,0,0,0,0,0,0,0,0,0,0,0,0,0,0,0,0,0,0,0,0,0,0,0,0,0,-1,0,0,0,0,0,0,0,0,0,0,0,0,0,0,0,0,0,0,0,0,0,0,0,0,0,-1,-1,-1,-1,-1,-1,-1,-1,-1,-1,-1,-1,-1,0,0,0,0,-1,-1,-1,0,0,0,0,0,0,0,0,0.02,0,0,0,0,0.01,0,0.01,0,0,0.01,0.02,0.02,0,0,0.03,0.02,0.01,0.01,0.02,0.01,0.01,0,0.02,0.04,0.02,0.06,0.01,0,0.01,0.01,0.01,0.02,0.02,0.01,0.02,0.04,0.02,0.01,0,0.01,0.02,0.01,0.03,0
-1,-1,-1,-1,-1,-1,-1,-1,0,0,0,-1,-1,0,0,0,0,0,0,0,0,0,0,0,0,0,0,0,0,0,0,0,0,-1,-1,-1,-1,-1,-1,-1,-1,-1,-1,0,-1,0,0,0,-1,-1,0,0,0,0,0,-1,-1,0,0,0,-1,-1,0,0,0,0,0,0,0,0,0,0,0,0,0,0,0,0,0,0,0,0,0,0,0,0,0,0,0,0,0,0,-1,-1,-1,-1,-1,-1,-1,-1,-1,-1,0,0,0,0,0,0,0,0,0,0,0,0,0,0,0,-1,0,0,0,0,0,0,0,0,0,0,0,0,0,0,0,0,0,0,0,0,0,0,0,0,0,0,0,0,0,0,0,0,0,0,0,0,0.01,0,0,0,0.01,0,0.01,0.01,0.01,0.01,0,0.01,0.03,0.02,0.02,0.01,0,0.02,0.01,0,0.03,0.04,0.01,0.02,0,0.02,0.01,0.01,0.02,0.03,0.02,0.01,0.03,0.02,0.01,0.03,0.02,0,0,0.03,0.01,0.01,0.01,0.03,0.03,0.05
-1,-1,-1,-1,-1,-1,-1,-1,0,0,0,-1,-1,0,0,0,0,0,0,0,0,0,0,0,0,0,0,0,0,0,0,0,0,-1,-1,-1,-1,-1,-1,-1,-1,-1,-1,0,0,0,0,0,-1,-1,-1,-1,0,0,0,-1,-1,0,0,0,-1,-1,0,0,0,0,0,0,0,0,0,0,0,0,0,0,0,0,0,0,0,0,0,0,0,0,0,0,0,0,0,0,-1,-1,-1,-1,-1,-1,-1,-1,-1,-1,-1,0,0,0,0,0,0,0,0,0,0,0,0,0,0,0,0,0,0,0,0,0,0,0,0,0,0,0,0,0,0,0,0,0,0,0,0,0,0,0,0,0,0,0,0,0,0,0,0,0,0.01,0,0.02,0.01,0,0,0.01,0.01,0.02,0.01,0.01,0.01,0.01,0.03,0.01,0,0.03,0,0.01,0.02,0.03,0.02,0,0.01,0.04,0.02,0.01,0,0.02,0.03,0.01,0.02,0.03,0,0,0.03,0.02,0.02,0.04,0.03,0.02,0.02,0.01,0,0.02,0,0.01,0.01
0,-1,-1,-1,-1,-1,-1,-1,0,0,0,0,0,0,0,0,0,0,0,0,0,0,0,0,0,0,0,0,0,0,0,0,0,-1,-1,-1,-1,-1,-1,-1,-1,-1,-1,0,0,0,0,0,-1,-1,-1,-1,0,0,0,-1,-1,0,0,0,-1,-1,0,0,0,0,0,0,0,0,0,0,0,0,0,0,0,0,0,0,0,0,0,0,0,0,0,0,0,0,0,0,0,0,-1,0,0,0,0,0,0,0,-1,-1,0,0,0,0,0,0,0,0,0,0,0,0,0,0,0,0,0,0,0,0,0,0,0,0,0,0,0,0,0,0,0,0,0,0,0,0,0,0,0,0,0,0,0,0,0,0,0,0.02,0,0,0,0,0,0,0,0.01,0,0.01,0.01,0.01,0.01,0.01,0.01,0.03,-1,-1,-1,-1,-1,-1,0,0,0,-1,-1,-1,0.04,0.01,0.02,0.02,0.02,0.01,0,0.03,0.02,0.01,0.02,0.03,0,0.04,0.02,0.03,0,0.03,0,0.01
0,0,0,0,0,0,0,0,0,0,0,0,0,0,0,0,0,0,0,0,0,0,0,0,0,0,0,0,0,0,0,0,0,-1,-1,-1,-1,-1,-1,-1,-1,-1,-1,0,0,0,0,0,-1,-1,-1,-1,0,0,0,-1,-1,0,0,0,-1,-1,0,0,0,0,0,0,0,0,0,0,0,0,0,0,0,0,0,0,0,0,0,0,0,0,0,0,0,-1,-1,-1,-1,-1,-1,0,0,0,0,0,-1,-1,-1,-1,0,0,0,0,0,0,0,0,0,0,0,0,0,0,0,0,0,0,0,0,0,0,0,0,0,0,0,0,0,0,0,0,0,0,0,0,0,0,0,0,0,-1,-1,-1,0,0,-1,0,0,-1,-1,-1,-1,-1,0.03,0.01,0.02,0.02,-1,-1,-1,-1,-1,-1,-1,-1,-1,-1,-1,-1,-1,-1,-1,-1,-1,-1,0.02,0.02,0,0,0,0.02,0.03,0.05,0.01,0,0.01,0.03,0.04,0.01,0.01,0.02,0.02,0.02,0.02,0.02
0,0,0,0,0,0,0,0,0,0,0,0,0,0,0,0,0,0,0,0,0,0,0,0,0,0,0,0,0,0,0,0,0,0,-1,-1,-1,-1,-1,-1,-1,-1,-1,0,0,0,0,0,0,-1,-1,-1,0,0,0,-1,-1,0,0,0,-1,-1,0,0,0,0,0,0,0,0,0,0,0,0,0,0,0,0,0,0,0,0,0,0,0,0,0,0,0,-1,-1,-1,-1,-1,-1,0,0,0,0,0,-1,-1,-1,-1,0,0,0,0,0,0,0,0,0,0,0,0,0,0,0,0,0,0,0,0,0,0,0,0,-1,-1,-1,-1,-1,-1,-1,-1,-1,-1,-1,-1,-1,0,0,0,0,-1,-1,-1,-1,-1,-1,-1,-1,-1,-1,-1,-1,-1,0.03,0,0.01,0.01,-1,-1,-1,-1,-1,-1,-1,-1,-1,-1,-1,-1,-1,-1,-1,-1,-1,-1,0.03,0.03,0.04,0.02,0.02,0.02,0.01,0.01,0.01,0.02,0.02,0.01,0,0.04,0.03,0.01,0.01,0.01,0.04,0
0,0,0,0,0,0,0,-1,-1,-1,-1,-1,-1,0,0,0,0,0,0,0,0,0,0,0,0,0,0,0,0,0,0,0,0,0,-1,-1,-1,-1,-1,-1,-1,-1,-1,0,0,0,0,0,0,-1,-1,-1,0,0,0,-1,-1,0,0,0,-1,-1,0,0,0,0,0,0,0,0,0,0,0,0,0,0,0,0,0,0,0,0,0,0,0,0,0,0,0,0,-1,-1,-1,-1,-1,0,0,-1,-1,0,0,0,-1,-1,0,0,0,0,0,0,0,0,0,0,0,0,0,0,0,0,-1,0,0,0,0,0,0,0,-1,-1,-1,-1,-1,-1,-1,-1,-1,-1,-1,-1,-1,0,0,0,0,-1,-1,-1,-1,-1,0.01,0.01,0.03,0,0.02,0,0,0.03,0.03,0.01,0.01,0.03,0.01,0.02,0.02,0.02,0.01,0.01,0,0.02,0.02,0.01,0,0,0.05,0.04,0,0.02,0.02,0.01,0.01,0.01,0.05,0.03,0.04,0.07,0.02,0,0.03,0.03,0.04,0.04,0,0.04,0.02,0.01,0.04,0.03,0.01,0.01
0,0,0,0,0,0,0,-1,-1,-1,-1,-1,-1,0,0,0,0,0,0,0,0,0,0,0,0,0,0,0,0,0,0,0,0,0,0,0,0,0,0,-1,-1,-1,-1,0,0,0,0,0,0,-1,-1,-1,0,0,0,-1,-1,0,0,0,-1,-1,0,0,0,0,0,0,0,0,0,0,0,0,0,0,0,0,0,0,0,0,0,0,0,0,0,0,0,0,0,0,-1,-1,-1,-1,-1,-1,-1,-1,-1,-1,-1,0,0,0,0,0,0,0,0,0,0,0,0,0,0,-1,-1,0,-1,-1,0,0,0,0,0,0,0,0,0,0,0,0,0,0,0,0,0,0,0,0,0,0,0,0,0,0,0.01,0,0.01,0,0.01,0,0,0.01,0.01,0.01,0.01,0.01,0.02,0.04,0.02,0.04,0.05,0.02,0,0.01,0.01,0.01,0.03,0.03,0,0,0,0.03,0.05,0.02,0.02,0.01,0.04,0.05,0.01,0.04,0.02,0.02,0.01,0.04,0.02,0.02,0.07,0,0.03,0.02,0.02,0.04,0.01,0,0.04,0.02
-1,-1,-1,-1,0,0,0,-1,-1,-1,-1,-1,-1,0,0,0,0,0,0,0,0,0,0,0,0,0,0,0,0,0,0,0,0,0,0,0,0,-1,0,-1,-1,-1,-1,0,0,0,0,0,0,-1,-1,-1,0,0,0,-1,-1,-1,0,0,0,0,0,0,0,0,0,0,0,0,0,0,0,0,0,0,0,0,0,0,0,0,0,0,0,0,0,0,0,0,0,0,-1,-1,-1,-1,-1,-1,-1,-1,-1,-1,-1,0,0,0,0,0,0,0,0,0,0,0,0,0,0,0,0,0,0,0,0,0,0,0,0,0,0,0,0,0,0,0,0,0,0,0,0,0,0,0,0,0,0,0,0.02,0,0,0,0,0,0.01,0.02,0,0.01,0.01,0,0.01,0.01,0.03,0.02,0.01,0.01,0,0.06,0.03,0.01,0.03,0.06,0.02,0.02,0,0,0,0.03,0.01,0.03,0.07,0.04,0.04,0.03,0.03,0.04,0.06,0.04,0.01,0.01,0.04,0.03,0.02,0.05,0.02,0.03,0.02,0,0,0.01,0.03,0.03
-1,-1,-1,0,0,0,0,-1,-1,-1,-1,-1,-1,0,0,0,0,0,0,0,0,0,0,0,0,0,0,0,0,0,0,0,0,0,0,0,0,0,0,-1,-1,-1,-1,0,0,0,0,-1,-1,-1,-1,-1,0,0,0,-1,-1,-1,0,0,-1,-1,0,0,0,0,0,0,0,0,0,0,0,0,0,0,0,0,0,0,0,0,0,0,0,0,0,0,0,0,0,0,0,0,0,0,0,0,0,0,0,0,-1,0,0,0,0,0,0,0,-1,-1,0,0,-1,0,0,0,0,0,0,0,0,0,0,0,0,0,0,0,0,0,0,0,0,0,0,0,0,0,0,0,0,0,0,0,0.01,0,0,0.01,0,0.01,0.01,0.01,0,0.02,0.01,0.02,0,0.02,0.03,0.05,0.01,0.01,0.02,0.02,0.04,0.02,0.01,0.01,-1,-1,0,0,0.01,0.04,-1,-1,-1,0.02,0.01,0.04,-1,-1,0.02,0.02,0.02,0.03,0.05,0.02,0.04,0.02,0.02,0.03,0.02,0.02,0.01,0.04,0.02,0
0,0,0,0,0,0,0,-1,-1,-1,-1,-1,-1,0,0,0,0,0,0,0,0,0,0,0,0,0,0,0,0,0,0,0,0,0,0,0,0,0,0,0,0,0,0,0,0,0,0,-1,-1,-1,-1,0,0,0,0,0,0,0,0,0,-1,-1,0,0,0,0,0,0,0,0,0,0,0,0,0,0,0,0,0,0,0,0,0,0,0,0,0,0,0,0,0,0,0,0,0,0,0,0,0,0,0,0,0,0,0,0,0,0,0,0,0,0,0,0,0,0,0,0,0,0,0,0,0,0,0,0,0,0,0,0,0,0,0,0,0,0,0,0,0,0,0,0,0,0,0.01,0,0.01,0,0,-1,0.02,0.02,0.01,0,0.01,0.03,-1,-1,0.02,0.01,0.01,0.04,0,-1,-1,-1,-1,-1,-1,-1,-1,-1,0,0,0,0.04,-1,-1,-1,-1,-1,-1,-1,-1,0.03,0.05,0.06,0.01,0.03,0.06,0.01,0.05,0.05,0,0.01,0.03,0.02,0.02,0,0.03
0,0,0,0,0,0,0,0,0,0,0,0,0,0,0,0,0,0,0,0,0,0,0,0,0,0,0,0,0,0,0,0,0,0,0,0,0,0,0,0,0,0,0,0,0,0,0,-1,-1,-1,-1,0,0,0,0,0,-1,-1,0,0,-1,-1,0,0,0,0,0,0,0,0,0,0,0,0,0,0,0,0,0,0,0,0,0,0,0,0,0,0,0,0,0,0,0,0.01,0,0,0.01,0,0,0.01,0.03,0,0.03,0,0.01,0.01,0.01,0,0,0,0,0,0,0,0,0,0,0,0,0,0,0,0,0,0,0,0,0,0,0,-1,-1,-1,-1,0,0,0,0,0,0,-1,-1,-1,0.02,0,0.01,-1,-1,-1,-1,-1,-1,-1,-1,-1,-1,-1,-1,-1,0.02,0.01,0.01,0.01,-1,-1,-1,-1,-1,-1,-1,-1,-1,0,0,0,0.06,-1,-1,-1,-1,-1,0.06,0.07,0.03,0.04,0,0.04,0.05,0.04,0.04,0.05,0.03,0.06,0.02,0.04,0.02,0.03,0.01,0.03,0.03
0,0,0,0,0,0,0,0,0,0,0,0,0,0,0,0,0,0,0,0,0,0,0,0,0,0,0,0,0,0,0,0,0,0,0,0,0,0,0,0,0,0,0,0,0,0,0,0,-1,-1,-1,0,0,-1,0,-1,-1,-1,0,0,0,0,0,0,0,0,0,0,0,0,0,0,0,0,0,0,0,0,0,0,0,0,0,0,0,0,0,0,0.01,0.01,0.01,0.01,0,0,0.02,0.01,0,0.01,0,0.01,0.01,0,0.02,0.01,0.02,0.01,-1,-1,0,0,0.01,0.02,0,0.01,0,0,0,0,0,0,0,0,0,0,0,0,0,0,0,0,-1,-1,-1,-1,-1,-1,-1,-1,-1,-1,-1,-1,-1,0,0,0,-1,-1,-1,-1,-1,-1,-1,-1,-1,-1,-1,-1,-1,0.02,0.04,0.03,0.03,0.02,0.03,0.04,0.03,0.03,0.03,0.06,0.01,0.05,0,0,0,0,0.04,0.04,0.06,0.1,0.04,0.07,0.08,0.03,0.05,0.05,0.05,0.01,0.05,0.05,0.05,0.05,0.01,0.02,0.02,0.02,0.01,0.05,0.05,0.05
0,0,0,0,0,0,0,0,0,0,0,0,0,0,0,0,0,0,0,0,0,0,0,0,0,0,0,0,0,0,0,0,0,0,0,0,0,0,0,0,0,0,0,0,0,0,0,0,-1,-1,-1,0,0,-1,0,-1,-1,-1,0,0,0,-1,0,0,0,0,0,0,0,0,0,0,0,0,0,0,0,0,0,0,0,0,0,0,0,0.02,0,0,-1,0.01,0,0,0,0.01,0,0.02,0.01,0,0,0,0.01,0.01,0.01,0,0.02,-1,-1,-1,-1,0,0.01,0,0,0.01,0,0.01,0.01,0,0,0,0,0,0,0,0,0,0,0,0,0,-1,-1,-1,-1,-1,-1,-1,-1,-1,-1,-1,-1,-1,0.01,0.01,0,0,0,0.01,0,0.01,0,0.03,0.03,0.01,0.02,0.01,0.03,0,0.02,0.01,0,0.01,0.01,0.03,0.01,0.03,0.02,0.03,0.01,0.06,0.07,0.02,0,0,0,0,0.03,0.04,0.03,0.04,0.04,0.03,0,0.06,0.05,0.07,0.07,0.06,0.03,0.06,0.08,0.03,0.05,0.03,0.04,0.04,0.01,0.05,0.01
-1,0,0,0,-1,-1,-1,-1,0,0,0,-1,-1,0,0,0,0,0,0,0,0,0,0,0,0,0,0,0,0,0,0,0,0,0,0,0,0,0,0,0,0,0,0,0,0,0,0,0,0,0,0,0,0,-1,0,-1,-1,-1,0,0,0,-1,0,0,0,0,0,0,0,0,0,0,0,0,0,0,0,0,0,0,0,0,0,0.01,0,0,0,0.02,-1,-1,0.01,0,0,0,0.01,0,0,0,0,0.01,0.02,0,0.01,-1,-1,-1,-1,-1,-1,-1,0,0,0.01,0.01,0,0,0.01,0.01,0.01,0.01,0,0,0,0,0,0,0,0,0,0,0,0,0,0,0,0,0,0,0,0,0,0,0.02,0.01,0.02,0.02,0,0,0.01,0.01,0,0.01,0.02,0,0,0.01,0.01,0.02,0.02,0.01,0.01,0.02,0,0.01,0.03,0.04,0,0.02,0.04,0.04,0.04,0.02,0.02,0,0,0.02,0,0.06,0.06,0.04,0.06,0.06,0.03,0.08,0.05,0.06,0.06,0.04,0.06,0.08,0.03,0.06,0.04,0.07,0.04,0.04,0.05,0.04,0.02,0.01
0,0,0,0,0,0,0,0,0,-1,0,-1,-1,0,0,0,0,0,0,0,0,0,0,0,0,0,0,0,0,0,0,0,0,0,0,0,0,0,0,0,0,0,0,0,0,0,0,0,0,0,0,0,-1,-1,0,-1,-1,-1,0,0,0,-1,0,0,0,0,0,0,0,0,0,0,0,0,0,0,0,0,0,0,0,0,0,0.01,-1,0.01,-1,0,0.02,-1,0,0.01,0.01,0.01,0.01,0.01,0,0.02,0,0,0,0.01,0,-1,-1,-1,-1,-1,-1,-1,0.02,0.01,0.02,0,0,0.01,0,0.01,0.01,0.01,0.01,0.02,0.03,0,0,0,0,0,0,0,0,0,0,0,0,0,0,0,0,0,0,0,0.02,0,0,0,0.02,0.05,0,0.01,0,0.02,0,0.02,0.02,0.02,0.02,0,0,0.01,0.02,0.02,0.03,0.01,0.02,0.03,0.05,0.07,0.04,0.07,-1,-1,-1,0.01,0.02,0,0,0.05,-1,-1,-1,-1,-1,-1,-1,-1,-1,-1,0,0.07,0.05,0.04,0.05,0.05,0.06,0.01,0.07,0.01,0.05,0.03
0,0,0,0,0,0,0,0,0,0,0,-1,-1,0,0,0,0,0,0,0,0,0,0,0,0,0,0,0,0,0,0,0,0,0,0,0,0,0,0,0,0,0,0,0,0,0,0,0,0,0,0,0,-1,-1,0,-1,-1,-1,0,0,0,-1,0,0,0,0,0,0,0,0,0,0,0,0,0,0,0,0,0,0,0,0.01,0.01,0.01,-1,0.02,-1,0.01,0.02,0,0.03,0,0,0.01,0,0.02,0,0,0.02,0.02,0.01,0.01,0,-1,0,-1,-1,-1,-1,0,0.01,0.02,0,0.02,0,0,0,0,0.01,0,0.01,-1,0.02,0.01,0.01,0,0,0,0,0,0,0,0,-1,0,0,0,0,0,0,-1,-1,-1,0,0,0,0,0,-1,-1,-1,-1,-1,-1,-1,-1,-1,-1,-1,0.02,0.01,0.03,0.03,0.02,-1,-1,-1,-1,-1,-1,-1,-1,-1,0.07,0,0.02,0.02,0.1,-1,-1,-1,-1,-1,-1,-1,-1,-1,-1,0.06,0.02,0.07,0.03,0.05,0.06,0.03,0.03,0.01,0.01,0.04,0.04
0,0,0,0,0,0,0,0,0,0,0,-1,-1,0,0,0,0,0,0,0,0,0,0,0,0,0,0,0,0,0,0,0,-1,-1,-1,-1,0,0,0,-1,0,0,0,0,0,0,0,0,0,0,0,0,0,0,0,-1,-1,-1,0,0,0,-1,0,0,0,0,0,0,0,0,0,0,0,0,0,0,0,0,0.02,0.02,0.02,0.01,0.01,0,-1,0.02,0,0.01,0,0.01,0,0.01,0.01,0.03,0,0.02,0.01,0.01,0.01,0.01,0.02,0.01,0.01,0.01,0.06,-1,-1,-1,0,0,0.02,0.02,0,0.01,0,0,0,0.02,0,0.01,0.01,-1,0.01,0,0,0,0,0,0,0,0,-1,-1,-1,-1,-1,-1,-1,-1,-1,-1,-1,-1,0.01,0.01,0.03,0.03,0,-1,-1,-1,-1,-1,-1,-1,-1,-1,-1,-1,0.01,0.01,0.02,0,0.06,-1,-1,-1,-1,-1,-1,-1,-1,-1,0.08,0.04,0.02,0,0.01,0,0,0.07,0.06,0.04,0.09,0.05,0.07,0.09,0.04,0.08,0.04,0.06,0.05,0,0.06,0.01,0.02,0.06,0.05,0.02,0.03
0,0,0,-1,-1,-1,-1,-1,-1,-1,0,-1,-1,0,0,0,0,0,0,0,0,0,0,0,0,0,0,0,0,0,0,0,0,0,-1,-1,-1,-1,-1,-1,0,0,0,0,0,0,0,0,0,0,0,0,0,0,0,-1,-1,-1,0,0,0,-1,-1,0,0,0,0,0,0,0,0,0,0,0,0,0,0,0,0,0,0,0,0.01,0,-1,0.01,0,0.03,0.03,0.01,0.03,0.03,0.02,0.01,0.01,0,0.05,0.02,0,0.01,0.01,0,0.01,0.03,0.01,0.01,0.03,0.01,0,0.01,0,0,0,0.01,0.02,0.01,0,0.01,0,0,0,0,0,0.01,0,0.02,0,0.01,0,0,0,-1,-1,-1,-1,-1,-1,-1,-1,-1,-1,-1,-1,0,0.03,0,0,0,0.02,0.01,0.02,0.03,0.02,0.01,0.03,0.01,0.02,0.02,0.03,0.05,0.03,0.03,0.02,0.02,0.04,0.02,0.05,0.02,0.05,0.03,0.05,0.07,0.04,0.08,0.07,0.02,0,0.01,0,0.01,0.09,0.12,0.07,0.06,0.09,0.09,0.04,0.12,0.06,0.04,0.07,0.06,0.05,0.08,0.04,0.03,0.04,0.06,0.04,0.03
0,0,0,-1,-1,-1,-1,-1,-1,-1,0,-1,-1,0,0,0,0,0,0,0,0,0,0,0,0,0,0,0,0,0,0,0,0,0,0,0,0,0,0,0,0,0,0,0,0,0,-1,-1,-1,-1,-1,-1,0,0,0,-1,-1,-1,0,0,0,-1,-1,0,0,0,0,0,0,0,0,0,0,0,0,0,0,0.02,0,0.01,0.01,0.01,0.01,0.02,-1,0,0.01,0.01,0,-1,0,0.02,0.01,0,0.01,0.01,0,0.01,0.01,0.01,0.02,0,0,0.01,0,0.02,0.01,0.01,0.02,0.02,0.01,0,0,0.01,0.02,0.02,0,0,0.01,0,0,0,0.01,0,0.01,0,0,0,0.01,0,0,0,0,0,0,0,0,0,0,0.01,0.02,0.02,0.01,0,0.01,0,0.01,0.01,0.01,0,0.03,0.02,0.02,0.01,0.01,0.02,0.02,0.02,0.01,0.04,0.01,0.02,0.03,0.04,0.05,0.03,0.02,0.05,0.04,0.11,0.04,0.06,0.1,0.1,0.05,0.07,0.01,0.04,0,0.02,0.1,0.1,0.17,0.13,0.07,0.09,0.09,0.09,0.08,0.06,0.02,0.09,0.06,0.05,0.05,0.02,0.04,0.05,0.04,0.02
0,0,0,0,0,0,0,0,0,0,0,-1,-1,0,0,0,0,0,0,0,0,0,0,0,0,0,0,-1,-1,0,-1,-1,-1,-1,-1,0,-1,-1,-1,0,0,0,0,0,0,0,-1,-1,-1,-1,-1,-1,0,0,0,-1,-1,-1,0,0,0,-1,-1,0,0,0,0,0,0,0,0,0,0,0.01,0,0,0.01,0.01,0,0,0,0.01,0.01,0.01,-1,0.01,0,0,0,-1,0.01,0.02,0.02,0.01,0.03,0,0.01,0,0.01,0,0.01,0.02,0.01,0,0,0.01,0.02,0,0.01,0,0,0.01,0.03,0.04,0,0,0.03,0.01,0.01,0.02,0.01,0.02,0.01,0.01,0,0.01,0,0.02,0.03,0.01,0,0,0,0,0,0,0,0,0,0.01,0.01,0.01,0.01,0.01,0.02,0.01,0.01,0.01,0.01,0,0.02,0.01,0,0.03,0.03,0.03,0.01,0.01,0.03,0.05,0.02,0.02,0.03,0.05,0.05,0.06,0.01,0.08,0.08,0.08,0.07,0.05,0.1,0.06,0.07,0.12,0.03,0.02,0.05,0.11,0.11,0.13,0.14,0.12,0.09,0.13,0.08,0.08,0.09,-1,-1,-1,0.07,0.05,0.1,0.05,0.05,0.04,0.03,0.06
0,0,0,0,0,0,0,0,0,0,0,-1,-1,0,0,0,0,0,0,0,0,0,0,0,0,0,0,-1,-1,0,-1,-1,-1,-1,-1,-1,-1,-1,-1,0,0,0,0,0,0,0,0,0,0,0,0,0,0,0,0,0,0,0,0,0,0,0,0,0,0,0,0,0,0,0,0,0.03,0,0,0.01,0.01,0,0.01,0.01,0.01,0.01,0.01,0.01,0.02,-1,0.01,0,0.02,0.01,0.01,0.02,0.04,0.03,0,0,0.01,0.01,0.02,0.01,0.02,0.03,0,0,0,0.02,0,0,0.01,0,0,0.02,0,0.02,0.01,0,0.01,0,0,0,0.01,0,0,0.01,0,0,0.01,0.02,0,0,0,0,0,0,0,0,0,0,0,0,0,0,0.01,0.01,0.01,0,0.03,0,0.01,0.02,0,0.03,-1,-1,-1,-1,-1,-1,0,0.03,0.01,0.02,0.02,0.01,0.03,0.08,-1,-1,-1,0.04,0.11,0.09,0.1,0.09,-1,-1,-1,0.05,0.05,0.06,0.2,-1,-1,-1,-1,-1,-1,-1,-1,-1,-1,-1,-1,0.09,0.02,0.04,0.05,0.05,0.07,0.05,0.06
0,0,0,0,0,0,0,0,0,0,0,-1,-1,0,0,0,0,0,0,0,0,0,0,0,0,0,0,-1,-1,-1,-1,-1,-1,0,0,0,-1,0,0,0,0,0,0,0,0,0,0,0,0,0,0,0,0,0,0,0,0,0,0,0,0,0,0,0,0,0,0,0,0,0,0.02,0.01,0,0,0.01,0.02,0,0,0,0,0,0.01,0,0,-1,0.01,0,0.01,0.01,0.02,0,0,0.02,0.02,0.01,0.01,0.01,0.03,0.01,0.02,0.02,0.01,0.01,0,0.03,0.02,0.01,0.01,0.01,0.01,0.02,0,0.04,0.02,0,0,0.01,0.01,0,0,0.02,0.01,0.01,0.01,0.01,0.02,0.01,0.01,0,0.01,0,0,0.01,-1,-1,-1,-1,-1,-1,-1,-1,-1,-1,-1,-1,0,0,0,0,0.02,0.02,0.01,0.01,0.04,0.04,0.02,0.02,0.01,0.04,0.06,0.02,0.02,0.06,0.02,-1,-1,-1,-1,-1,-1,-1,-1,-1,-1,-1,-1,0.06,0.07,0.12,0.14,-1,-1,-1,-1,-1,-1,-1,-1,-1,-1,-1,-1,0.1,0.05,0.08,0.05,0.09,0.05,0.05,0.03
0,0,0,0,-1,-1,-1,-1,-1,-1,0,-1,-1,0,0,0,0,0,0,0,0,0,0,0,0,0,0,-1,-1,-1,-1,0,0,0,0,0,0,0,0,0,0,0,0,0,0,0,0,0,0,0,0,-1,0,0,0,0,0,0,0,0,0,0,0,0,0,0,0,0,0,0,0.02,0.01,0.02,0,0.02,0,0,0.01,0.01,0.02,0.02,0,0,0.02,0,0.02,0.02,0.02,0.02,0.03,0.02,0.01,0.04,0.01,0.01,0.02,0,0,0,0.01,0,0.02,0,0.02,0.01,0.02,0.02,0.01,0.01,0.02,0.02,0.03,0,0,0.03,0.01,0.02,0,0.03,0.02,0.01,0,0.01,0,0,0,0,0.01,0,0.02,0,0,0,-1,-1,-1,-1,-1,-1,-1,-1,-1,-1,-1,-1,0.01,0,0.01,0,0.01,0.01,0,-1,-1,-1,-1,-1,0.05,0.05,0.02,0.04,0.04,0.02,0.03,-1,-1,-1,-1,-1,-1,-1,-1,-1,-1,-1,-1,0.09,0.14,0.14,0.12,0.13,0.21,0.2,0.25,0.24,0.25,0.16,0.11,0.22,0.12,0.09,0.12,0.11,0.16,0.09,0.07,0.06,0.07,0.07,0.04
0,0,0,0,-1,-1,-1,-1,-1,-1,0,-1,-1,0,0,0,0,0,0,0,0,0,0,0,0,0,0,-1,-1,-1,-1,0,0,0,0,0,0,0,0,0,0,0,0,0,0,0,0,0,0,0,0,-1,-1,0,0,0,0,0,0,0,0,0,0,0,0,0,0,0,0.02,0,0,0,0.01,0,0,0.01,0.02,0.03,0.03,0.02,0.01,0.01,0,-1,-1,-1,-1,-1,0.04,0.02,0.01,0,0.01,-1,-1,-1,-1,-1,-1,0.01,0.01,0.04,0.02,0.04,0.01,0.02,0.02,0.03,0.02,0,0.02,0,0.02,0,0,0,0.02,0.01,0.02,0.01,0,0.01,0.02,0.01,0.01,0,0,0.01,0,0.01,0,0,0.01,0,0.02,0,0,0,0,0,0,0.01,0,0,0,0,0,0.01,0.01,0,0,0,-1,-1,-1,-1,-1,0.02,0.06,0.07,0.05,0.03,0.01,0.07,0.1,0.09,0.06,0.05,0.09,0.07,0.09,0.11,0.14,0.19,0.05,0.09,0.14,0.13,0.19,0.24,0.2,0.18,0.31,0.13,0.11,0.16,0.18,0.15,0.07,0.12,0.07,0.18,0.08,0.08,0.1,0.01,0.05,0.1,0.03,0.13
0,0,0,0,0,0,0,0,0,0,0,-1,-1,0,0,0,0,0,0,0,0,0,0,0,0,0,0,-1,-1,-1,-1,0,0,0,0,0,0,0,0,0,0,0,0,0,0,0,0,0,0,0,0,-1,-1,0,0,0,0,0,0,0,0,0,0,0,0,0,0,0,0,0.01,0.01,0.01,0.01,0.02,0,0.01,0.02,0.01,0,0,0.03,0.01,0.01,-1,-1,-1,-1,-1,0.01,0,0.01,0.02,0.03,0.01,0.03,0,0.02,0.01,0.03,0.05,0,-1,-1,-1,-1,-1,0,0.01,0.01,-1,0.01,0,0.02,0,0.01,0.01,0.02,0,0,0,0.02,0.01,0,0.01,0,0.01,0.01,0.02,0.02,0,0,0.04,-1,-1,0,0,0,0,0,0.01,0.01,0.01,0,0,0,0,0.01,0,0,0,0.02,0,0,0,0,0.03,0.01,0.02,0.04,0.03,0.04,0.04,0.05,0.03,0.05,0.06,0.07,0.07,0.07,0.09,0.16,0.14,0.1,0.19,0.26,0.18,0.09,0.24,0.24,0.27,0.34,0.26,0.24,0.23,0.25,0.19,0.14,0.18,0.11,0.12,0.13,0.09,0.05,0.05,0.09,0.04,0.04,0.02,0.05,0.02
0,0,0,0,0,0,0,0,0,0,0,-1,-1,0,0,0,0,0,0,0,0,0,0,0,0,0,0,-1,-1,-1,-1,0,0,0,0,0,0,0,0,0,0,0,0,0,-1,-1,-1,-1,-1,-1,-1,-1,-1,0,0,0,0,0,0,0,0,0,0,0,0,0,0,0,0.02,0,0,0,0.03,0.01,0.01,0.02,0.02,0,0.01,0.01,0,0.01,0.02,0.01,0,0.03,0.01,-1,-1,-1,-1,-1,-1,-1,-1,-1,-1,0,0,0.03,0.01,-1,-1,-1,-1,-1,-1,-1,-1,-1,0.03,0.03,0,0,0.02,0.01,-1,-1,-1,-1,-1,0,0,0.02,0,0.01,0,0,0,0,0,0,0,0,0.03,0.01,0,0,0,0,0.02,0,0,0,0,0,0.01,0,0,0,0.01,0.04,0.01,0.01,0.03,0.01,0.01,0.02,0.05,0.02,0.06,0.02,0.02,0,0.06,0.07,0.1,0.09,0.11,0.13,0.18,0.22,0.2,0.28,0.23,0.31,0.31,0.47,0.44,0.45,0.49,0.49,0.3,0.4,0.24,0.26,0.18,0.18,0.15,0.15,0.09,0.1,0.08,0.11,0.07,0.08,0.05,0.05,0.06,0.08
0,0,0,0,0,0,0,0,0,0,0,-1,-1,0,0,0,0,0,0,0,0,0,0,0,0,0,0,-1,-1,-1,-1,0,0,0,0,0,0,0,-1,-1,-1,-1,-1,-1,-1,-1,-1,-1,-1,-1,-1,-1,-1,0,0,0,0,0,0,0,0,0,-1,-1,0,0.01,0,0,0,0.01,0,0.01,0,0,0.01,0.02,0,0.01,0,0.03,0.02,0.02,0.02,0.02,0.02,0,0.02,-1,-1,-1,-1,-1,-1,-1,-1,-1,-1,0,0,0.02,0.02,-1,-1,-1,0.02,0,0.04,0.04,-1,-1,-1,-1,0.04,0.02,0.02,-1,-1,-1,-1,-1,-1,0,0.03,0.02,0.01,0,0.02,0,0,0,0.03,0.01,0.01,0,0.02,0.01,0,0.04,0,0,0,0,0,0.01,0,0.02,0.01,0.01,0,0.01,0.02,0.01,0.01,0.01,0,0.02,0.02,0.02,0.03,0.03,0.03,0.07,0.05,0.06,0.05,0.08,0.06,0.07,0.1,0.08,0.14,0.17,0.19,0.2,0.29,0.31,0.28,0.46,0.49,0.61,0.63,0.56,0.43,0.46,0.33,0.29,0.17,0.24,0.19,0.17,0.11,-1,-1,0.1,0.07,0.11,0.04,0.03,0.03,0.12
0,0,0,0,-1,-1,-1,-1,-1,-1,0,-1,-1,0,0,0,0,0,0,0,0,0,0,0,0,0,0,-1,-1,-1,-1,0,0,0,0,0,0,0,-1,-1,-1,-1,-1,-1,-1,-1,-1,-1,-1,-1,-1,-1,0,0,0,0,0,0,0,0,0,0,0,0,0,0,0,0,0,0.01,0.01,0,0.01,0,0,0.01,0.01,0.01,0,0,0.02,0.02,0,0.01,0.03,0.04,0,0.05,0,0.01,0.03,0.01,0,0.03,0.02,0.04,0,0,0,0.03,0,0.03,0.05,0.04,0.03,0.03,0.02,0.04,-1,-1,-1,-1,-1,0.01,0.02,0.01,-1,-1,-1,-1,-1,0.01,0,0.01,0.03,0,0,0,0,0,0.01,0.01,0.01,0.02,0,0,0,0.02,0.01,0,0.01,0,0.01,0,0,0,0.01,0,0,-1,-1,-1,-1,-1,-1,-1,-1,-1,-1,-1,0.04,0.04,0.08,0.07,0.06,0.06,0.06,-1,-1,-1,0.15,0.19,0.17,0.22,-1,-1,-1,-1,0.64,0.87,0.88,0.79,-1,-1,-1,-1,-1,-1,-1,-1,-1,-1,-1,-1,0.05,0.07,0.04,0.07,0.05,0
0,0,0,0,0,0,0,0,0,0,0,-1,-1,0,0,0,0,0,0,0,0,0,0,0,0,0,0,-1,-1,-1,-1,0,0,0,0,-1,-1,0,-1,-1,-1,-1,-1,-1,0,0,0,0,0,0,-1,-1,0,0,0,0,-1,-1,-1,-1,0,0,0,0,0.01,0,0.01,0,0.02,0.01,0,0.02,0.01,0,0.01,0,0.03,0.02,0,0.02,0,0.01,0.01,0.01,0,0.03,0.01,0,0,0.01,0.04,0.02,0.01,0.02,0.04,0.02,0.01,0,0,0.01,0.02,0,0.02,0.03,0.03,0.03,0.01,0.06,0.06,-1,-1,-1,-1,-1,-1,-1,-1,-1,-1,-1,0,0.01,0.02,0,0.01,0,0,0,0,0.01,0,0.01,0.01,0.01,0.01,-1,-1,-1,-1,-1,-1,-1,-1,-1,-1,-1,0,0,0,0,0.01,0,0,0.03,0.01,0.03,0.02,0.01,-1,0.03,0.02,0.04,0.03,0.07,0.07,0.03,0.1,-1,-1,-1,-1,-1,-1,-1,-1,-1,-1,-1,0.74,1,0.99,0.91,-1,-1,-1,-1,-1,-1,-1,-1,0.12,0.08,0.2,0.12,0.07,0.06,0.06,0.05,0.08,0.05
-1,0,0,0,0,0,0,0,-1,0,0,-1,-1,0,0,0,0,0,0,0,0,0,0,0,0,0,0,-1,-1,-1,-1,0,0,0,0,-1,-1,0,0,0,0,0,0,0,0,0,0,0,0,0,0,0,0,0,0,0,-1,-1,-1,-1,-1,-1,-1,-1,-1,-1,0.01,0,0.02,0.01,0,0.02,0.01,0,0.02,0.03,0.01,0.01,-1,-1,-1,-1,-1,-1,0,0.02,0.02,0.03,0.01,0.03,0.02,0.05,0.04,0.03,0.02,0,0.07,0,0,0,0.01,0.03,0.02,0.03,0.03,0.03,0.07,0.02,0.04,0,0.03,-1,-1,-1,-1,-1,-1,-1,-1,-1,0.04,-1,0.01,0,0,0,0.01,0,0.01,0.03,0,0,0.01,0,0.01,-1,-1,-1,-1,-1,-1,-1,-1,-1,-1,0,0.01,0.01,0.03,-1,-1,-1,-1,-1,-1,-1,-1,-1,-1,-1,0.07,0.04,0.04,0.02,0.05,0.02,0.03,0.06,0.14,0.12,0.15,0.15,0.2,0.2,0.31,0.36,0.49,0.66,0.6,0.98,0.97,0.86,0.57,0.41,0.29,0.33,0.18,0.2,0.2,0.15,0.15,0.14,0.1,0.15,0.08,0.07,0.07,0.09,0.03,0.05
0,0,0,0,0,0,0,0,0,0,0,-1,-1,0,0,0,0,0,0,0,0,0,0,0,0,0,0,-1,-1,-1,-1,0,0,0,0,0,0,0,0,0,0,0,0,0,0,0,0,0,0,0,0,0,0,0,0,0,-1,-1,-1,-1,-1,-1,-1,-1,-1,-1,0,0,0.01,-1,-1,-1,-1,-1,-1,-1,-1,-1,-1,-1,-1,-1,-1,-1,0.05,0.02,0.05,0,0.03,0.03,0.04,0.03,0.06,0.04,0.04,0.04,0.07,0,0.01,0.01,0.03,0.06,0.04,0.02,0.03,0.05,0.03,0.02,0.02,0.02,0.06,0.01,0.02,0.02,0.03,0.04,-1,-1,-1,-1,0.01,-1,0.01,0,0,0,0.02,0,0.01,0.02,0,0,0.01,0.01,0,0,0,0,0.02,0.02,0,0.01,0.01,0,0,0,0,0.01,0.01,0.03,0.01,0.02,0.01,0.01,0.01,0.05,0.03,0.01,0.02,0.05,0,0,0,0,0,0.01,0.02,0,0.01,0.08,0.03,0.1,0.07,0.15,0.17,0.33,0.48,0.57,0.81,0.81,0.79,0.69,0.59,0.46,0.36,0.18,0.12,0.1,0.09,0.06,0.06,0.04,0.03,0.01,0.01,0.02,0.01,0.01,0.01,0.01
0,0,0,0,0,0,0,0,0,0,0,-1,-1,0,0,0,0,0,0,0,0,0,0,0,0,0,0,-1,-1,-1,-1,0,0,0,0,0,0,0,0,0,0,0,0,0,0,0,0,0,0,0,0,0,0,0,0,0,-1,-1,-1,-1,-1,-1,-1,-1,-1,-1,0.01,0.01,0,-1,-1,-1,-1,-1,-1,-1,-1,-1,-1,-1,-1,-1,-1,-1,0.01,0.02,0.02,-1,-1,-1,-1,-1,-1,-1,-1,-1,-1,0,0,0.01,0.08,0.01,0.03,0.05,0.06,0.04,0.03,0.04,0.03,0.05,0.03,0.03,0.03,0.01,0.05,0.03,0.02,0.02,0.03,0,0.02,0.01,0.01,0,0,0.01,0.04,0,0.01,0,0.01,0.02,0,0,0,0,0.01,0,0,0.03,0.02,0,0,0.01,0,0,0,0,0,0,0,0,0,0,0,0,0,0,0,0.01,0,0.01,0,0,0,0,0,0.02,0.03,0.03,0.05,0.04,0.11,0.15,0.16,0.29,0.34,0.56,0.55,0.7,0.66,0.6,0.52,0.4,0.31,0.26,0.12,0.13,0.06,0.06,0.05,0.05,0.01,0.03,0,0.01,0,0.01,0,0
0,0,0,0,-1,-1,-1,-1,-1,-1,-1,-1,-1,0,0,0,0,0,0,0,0,0,0,0,0,0,0,-1,-1,-1,-1,0,0,0,0,0,0,0,0,-1,-1,-1,-1,-1,-1,-1,-1,-1,-1,-1,0,0,-1,-1,0,0,0,-1,0,0,0,0,0.01,0,0.01,0,0,0.01,0,0.01,0.01,0.01,0.01,0,0.01,0.03,0.02,0.01,0,0.01,0.01,0.03,0.01,0.02,0.02,0.02,0.04,-1,-1,-1,-1,-1,-1,-1,-1,-1,-1,0.01,0,0,0.05,0.06,0.06,0.06,0.05,0.03,0.05,0.05,0.04,0.1,0.03,0.01,0.05,0.02,0,0.01,0.03,0,0,0,0,0.01,0.02,0,0.02,0.01,0,0,0,0.01,0,0.02,0,0,0.02,0,0.01,0,0,0.02,0.03,0,0,0,0,0,0,0,0,0,0,0,0,0,0,0,0,0,0,0.01,0,0,0,0,0.01,0.01,0.04,0.12,0.1,-1,-1,-1,-1,-1,-1,-1,-1,-1,-1,-1,-1,-1,0.3,0.31,0.19,0.18,-1,-1,-1,-1,-1,-1,-1,-1,-1,-1,0.05,0.07,0.02,0.04
0,0,0,0,-1,-1,-1,-1,-1,-1,-1,-1,-1,-1,0,0,0,0,0,0,0,0,0,0,0,0,0,-1,-1,-1,-1,0,0,0,0,0,0,0,0,-1,-1,-1,-1,-1,-1,-1,-1,-1,-1,-1,0,0,-1,-1,0,0,0,0,0,0,0,0,0.03,0,0,0,0.03,0,0.02,0,0,0.01,0,0,0,0,0.01,0.03,0.04,0.02,0.01,0.05,0.01,0.02,0.01,0.02,0.04,-1,-1,-1,-1,-1,-1,0.01,0.01,0.01,0,0,0,0,0.05,0.12,0.04,0.07,0.06,0.04,0.04,0.02,0.06,0.05,0.03,0.02,0.03,0.04,0.02,0.02,0,0,0,0.03,0.01,0.01,0.02,0.02,0.02,0.01,0,0,0.01,0,0,0.01,0,-1,-1,-1,-1,0,0.03,-1,-1,-1,-1,-1,-1,0.01,0,0.02,0,0.01,-1,-1,-1,-1,-1,-1,-1,-1,-1,-1,0.03,0.02,0.04,0.04,-1,-1,-1,-1,-1,-1,-1,-1,-1,-1,-1,-1,-1,-1,-1,-1,-1,-1,0.26,0.18,0.14,0.08,-1,-1,-1,-1,-1,-1,-1,-1,-1,-1,0.01,0.02,0.02,0.02
0,0,0,0,0,0,0,0,0,0,0,0,-1,-1,0,0,0,0,0,0,0,0,0,0,0,0,0,-1,-1,-1,-1,0,0,0,0,0,0,0,0,-1,-1,-1,-1,-1,-1,-1,-1,-1,0,0,0,0,-1,-1,0,0,0,0,0,0,0,0,0,0.01,0.01,0,0,0.01,0.02,0.02,0,0,0,0.02,0.06,0,0.01,0.03,0.02,0.02,0.03,0.01,0,0.03,0.03,0.01,0.04,0.03,0.01,0.02,0.04,0.01,0.04,0.08,0.01,0,0,0.01,0,0.02,0.1,0.08,0.03,0.04,0.09,0.03,0.09,0.06,0.04,0.05,0.05,0.02,0.04,0.05,0.01,0.01,0,0.03,0.05,0.02,0.05,0.03,0.05,0.03,0.01,0,0.02,0.01,0.02,0,0,0.01,0.03,-1,-1,-1,-1,-1,-1,-1,-1,-1,-1,-1,-1,0,0,0,0.01,0,-1,-1,-1,-1,-1,-1,-1,-1,-1,-1,0.05,0.04,0.08,0.04,-1,-1,-1,-1,0.09,0.06,0.07,0.16,0.12,0.08,0.1,0.11,0.23,0.21,0.26,0.22,0.22,0.23,0.26,0.22,0.1,0.07,0.12,0.12,0.12,0.13,0.11,0.05,0.08,0.07,0.03,0.04,0.1,0.04,0.07,0.04
0,0,0,0,0,0,0,0,0,0,0,0,0,0,0,0,0,0,0,0,0,0,0,0,0,0,0,-1,-1,-1,-1,0,0,0,0,0,0,0,0,0,0,0,0,0,0,0,0,0,0,0,0,-1,-1,0,0,0,-1,-1,-1,-1,-1,-1,-1,-1,-1,-1,0.01,0.02,0.01,-1,-1,-1,-1,-1,-1,-1,-1,-1,-1,0.03,0.01,0.01,0.03,0.02,0.03,0.05,0.02,0,0.03,0.05,0.08,0.04,0.05,0.03,0.01,0,0.01,0.01,0,0,0.07,0.08,0.12,0.06,0.05,0.07,0.03,0.06,0.03,0.09,0.03,0.08,0.06,0.02,0,0,0.04,0.03,0.02,0.01,-1,-1,-1,-1,-1,-1,0.03,0,0,0.01,0,0,0.01,-1,-1,-1,-1,-1,0.01,0.01,0.02,0.02,0,0,0.01,0.01,0.01,0.01,0.01,0.01,0,0.01,0.01,0,0.01,0.03,0.02,0.01,0,0.06,0.01,0.03,0.02,0.04,0.01,0.04,0.06,0.06,0.08,0.09,0.1,0.12,0.06,0.1,0.14,0.14,0.25,0.22,0.18,-1,-1,-1,0.13,0.12,0.08,0.05,0.07,0.11,0.16,0.1,0.07,0.07,0.04,0.06,0.05,0.02,0.04,0.05,0.07,0.05
0,0,0,0,0,0,0,0,0,0,0,0,0,0,0,0,0,0,0,0,0,0,0,0,0,0,0,0,0,0,0,0,0,0,0,0,0,0,0,0,0,0,0,0,0,0,0,0,0,0,0,-1,-1,0,0,0,-1,-1,-1,-1,-1,-1,-1,-1,-1,-1,0,0.01,0,-1,-1,-1,-1,-1,-1,-1,-1,-1,-1,0.01,0.02,0.04,0.02,0.01,0.03,0.04,0.01,0.01,0.01,0.02,0.04,0.09,0.08,0.07,0.05,0,0.03,0.01,0.02,0.04,0.13,0.08,0.04,0.11,0.1,0.08,0.1,0.04,0.08,0.11,0.05,0.02,0.04,0,0,0.02,-1,-1,-1,-1,-1,-1,-1,-1,-1,-1,0,0,0.01,0.01,0.01,0.01,0.02,0,0,0,0,0,0.03,0.05,0.03,0.02,0.04,0,0,0.01,0,0.01,0.01,0,0.01,0.02,0,0,0.01,0,0.01,0.02,0.01,0.02,0.02,0.03,0.01,0.02,0.03,0.03,0.05,0.03,0.05,0.09,0.07,0.05,0.05,0.04,0.06,0.0900000000000001,0.11,0.11,0.13,0.19,0.12,0.16,0.13,0.12,0.15,0.08,0.01,0.03,0.05,0.1,0.05,0.09,0.07,0.02,0.05,0.06,0.04,0.07,0.01,0.05
0,0,0,0,-1,-1,0,0,-1,-1,-1,0,0,0,0,0,0,0,0,0,0,0,0,0,0,0,0,0,0,0,0,0,0,0,0,0,0,0,0,0,0,0,0,0,0,0,0,0,0,0,0,0,0,0,0,0,-1,-1,0,0,0,0.01,0.02,0,0,0.01,0.03,0,0.01,-1,0.01,0,0.01,0,0.02,0,0.01,0,0,0.02,0.02,0,0.02,0.03,0,0.04,0.04,0.01,0.05,0.05,0.01,0.03,0.06,0.09,0.09,0.11,0.03,0.05,0.03,0,0.11,-1,-1,-1,-1,-1,-1,-1,-1,0.09,0.05,0.09,0,0.06,0.03,0.01,-1,-1,-1,-1,-1,0.01,-1,-1,-1,-1,0.01,0.01,0,0,0.01,0,0.01,0.04,0,0.01,0.01,0.01,0,0.02,0.03,0.05,0.02,0,0,0.02,0,0.01,0.01,0.01,0.01,0.01,0,0.01,0.01,0.01,0.02,0.02,0,0.01,0.05,0.01,0.05,0.02,0.03,0.04,0.02,0.03,0.05,0.09,0.1,0.08,0.07,0.1,0.05,0.13,0.06,0.17,-1,-1,-1,-1,-1,0.15,0.11,0.02,0.07,0.09,0.09,0.06,-1,-1,-1,-1,-1,-1,-1,-1,0.02,0.07
0,0,0,0,-1,-1,0,0,-1,-1,-1,0,-1,-1,-1,0,0,0,0,0,0,0,0,0,-1,-1,0,0,0,0,0,0,0,0,0,0,0,0,0,0,0,0,0,0,0,0,0,0,0,0,0,0,0,0,0,0,-1,-1,0,0,0,0.02,0,0,0.02,0,0.01,0,0,0.02,0.01,0.02,0.02,0.02,0.02,0,0.01,0.01,0.01,0.02,0.05,0,0,0.01,0.06,0.06,0.03,0.08,0.04,0.02,0.11,0.07,0.07,0.07,0.12,0.08,0.09,0.04,0.02,0.11,0.08,-1,-1,-1,-1,-1,-1,-1,-1,0.05,0.02,0,0.04,0.05,0.03,0.04,0.04,-1,-1,0.03,0.04,0.01,0.04,0.02,-1,-1,-1,0,0,0.02,0.01,0,0,0,0,0,0,0.01,0.02,0.04,0.03,0.06,0.05,0,0,0,0.01,0,0,0,0.02,0,0,0,0.01,0.02,0.02,0,0.03,0.01,0.01,0,0.04,0.03,0.03,0.07,0.03,-1,-1,-1,-1,-1,-1,-1,-1,-1,-1,-1,-1,-1,-1,-1,-1,0.06,0.08,0.07,0.08,-1,-1,-1,-1,-1,-1,-1,-1,-1,-1,-1,0.09,0.02
0,0,0,0,0,0,0,0,0,0,0,0,-1,-1,-1,0,0,0,0,0,0,0,0,0,-1,-1,-1,-1,-1,-1,-1,-1,-1,-1,-1,-1,0,0,0,0,0,0,-1,-1,-1,-1,-1,-1,-1,-1,0,0,0,0,0,0,-1,-1,0,0,0.01,0,0,0,0.01,0.01,0,0.02,0,0.01,0,0.02,0,0.01,0.01,0.01,0,0.01,0.02,0.04,0.01,0.02,0.03,0.04,0.04,0.01,0.06,-1,-1,-1,0.05,0.05,0.04,0.14,0.06,0.06,0.15,0.14,0.1,0.07,0.17,0.23,0.32,0.2,0.14,0.16,0.09,0.12,0.11,0.11,0.09,0.14,0.12,0.07,0.07,0.05,0.04,0.07,0.02,0.02,0.03,0.03,0,0.02,-1,-1,-1,0,0.01,0.01,0,0.01,0,0,0.02,0,0,0.01,0.01,0.04,0.01,0.04,0.02,0,0,0.01,0.02,0.02,0,0.01,0.03,0.03,-1,-1,-1,-1,-1,-1,-1,-1,-1,-1,-1,-1,0.02,0.05,0.04,-1,-1,-1,-1,-1,-1,-1,-1,-1,-1,-1,-1,-1,-1,-1,-1,-1,0.09,0.11,0.08,-1,-1,-1,-1,-1,-1,-1,-1,-1,0.04,0.03,0,0.06
0,0,0,0,0,0,0,-1,-1,-1,0,0,-1,-1,-1,0,0,0,0,0,0,0,0,0,-1,-1,-1,-1,-1,-1,-1,-1,-1,-1,-1,-1,-1,-1,-1,-1,0,0,-1,-1,-1,-1,-1,-1,-1,-1,0,0,0,0,0,0,-1,-1,0,0.02,0,0.02,0,0,0,0,0,0,0.01,0.01,0,0.02,0.01,0.01,0,0.02,0.05,0.03,0.02,0,0,0.03,0.03,0.02,0.04,0.04,-1,0.07,0.05,0.09,0.1,0.08,0.1,0.08,0.09,0.11,0.2,0.18,0.18,0.11,0.14,0.13,0.08,0.13,0.09,0.04,0.03,0.02,0.04,0.06,-1,-1,0.03,0.06,0.05,0.03,0.04,0.04,0.07,0.05,0.01,0.03,0.02,0.05,-1,-1,-1,0.01,0.02,0.01,0.02,0.02,0.02,0,0,0,0,0,-1,-1,-1,-1,-1,-1,-1,-1,-1,-1,0,0,0.01,0.01,-1,-1,-1,-1,-1,-1,-1,-1,-1,-1,-1,-1,0.02,0.02,0.01,0.02,0.03,0.01,0.05,0.04,0.07,0.02,0.03,0.05,0.07,0.05,0.1,0.04,0.06,0.03,0.05,0.05,0.08,0.02,0.03,0.08,0.06,0.07,0.07,0.04,0.04,0.01,0.02,0.02,0.01,0.03,0.03,0.05
-1,0,0,0,-1,-1,0,0,-1,-1,-1,0,0,-1,0,0,0,0,0,0,0,0,0,0,-1,-1,0,0,0,0,0,0,0,0,0,0,0,0,0,0,0,0,0,0,0,0,0,0,0,0,0,0,0,0,0,0,-1,-1,-1,-1,-1,-1,-1,-1,-1,-1,0.01,0,0,0,-1,-1,-1,-1,-1,-1,-1,-1,-1,-1,0.03,0.02,0.01,0.02,-1,-1,-1,-1,-1,-1,-1,-1,-1,-1,-1,-1,-1,-1,0.24,0.26,0.22,0.28,0.28,0.24,0.11,0.14,0.06,0.06,0.02,0.06,-1,-1,-1,-1,0.1,0.09,0.06,0.03,0.01,0.04,0.01,0.01,0.01,0.02,-1,-1,-1,0.01,0.01,0,0.03,0,0.01,0.01,0.01,0,0.02,0,-1,-1,-1,-1,-1,-1,-1,-1,-1,-1,0.01,0.02,0,0.01,0.01,0,0.01,0.01,0.03,0.01,0.02,0,0,0.04,0.03,0,0,0.01,0.04,0.02,0.04,0.04,0.07,0,0.03,0.01,0.06,0.07,0.08,0.05,0.07,0.05,0.07,0.08,0.04,0.08,0.03,0.08,0.11,0,0.04,0.02,0.03,0.02,0.04,0.04,0.04,0.02,0.03,0.07,0,0
0,0,0,0,0,0,0,0,0,0,0,0,0,-1,0,0,0,0,0,0,0,0,0,0,-1,-1,0,0,0,0,0,0,0,0,0,0,0,0,0,0,0,0,0,0,0,0,0,0,0,0,0,0,0,0,0,0,-1,-1,-1,-1,-1,-1,-1,-1,-1,-1,0.01,0.01,0,0,-1,-1,-1,-1,-1,-1,-1,-1,-1,-1,0.01,0.03,0.02,0.03,-1,-1,-1,-1,-1,-1,-1,-1,-1,-1,-1,-1,-1,-1,0.29,0.3,0.25,0.41,0.34,0.26,0.26,0.22,0.12,0.16,0.21,0.1,-1,-1,-1,-1,0.08,0.07,0.06,0.06,0.01,0.06,0.05,0.05,0.01,0.02,-1,-1,-1,0.02,0.01,0.01,0.02,0.02,0,0,0,0,0.01,0,0,0,0,0.01,0.02,0.01,0,0,0.01,0.01,0,0,0,0,0,0.01,0.02,0.01,0,0,0.02,0.05,0,0.01,0.02,0.01,0,0.04,0.04,0.03,0.03,0.04,0.03,0.03,0.05,0.06,0.08,0.04,0.09,0.04,0.04,0.09,0.01,0.03,0.05,0.05,0.03,0.04,0.05,0.05,0.04,0.07,0.08,0.04,0.03,0.07,0.04,0.01,0.01,-1,-1,-1
0,0,0,0,0,0,0,0,0,0,0,0,0,-1,0,0,0,0,0,0,0,0,0,0,-1,-1,0,0,0,0,0,0,0,0,0,0,0,0,0,0,0,0,0,0,0,0,0,0,0,0,0,0,0,0,0,0,-1,-1,-1,-1,0,0,0,0,0.01,0,0,0.03,0,0,-1,-1,-1,0,0.01,0.02,0,0.03,0.01,0.04,0.02,0.04,0.08,0.03,-1,-1,-1,-1,-1,-1,-1,-1,-1,-1,0.14,0.17,0.24,0.36,0.26,0.48,0.53,0.63,0.54,0.42,0.33,0.26,0.1,0.17,-1,-1,-1,-1,-1,0.04,0.01,0.03,0.05,0.02,0.03,0.02,0.03,-1,-1,-1,-1,-1,-1,-1,0,0,0,0.01,0,0,0,0,0,0.01,0,0,0,0.01,0.02,0.03,0,0.01,0,0.01,0.03,0,0.01,0.01,0,0.02,0,0.03,0.02,0.01,0.03,0.01,0.01,0.01,0.03,0,0.01,0.02,0.01,0.02,0.05,-1,-1,-1,-1,-1,-1,-1,-1,-1,-1,-1,-1,-1,-1,-1,0.03,0.02,0.03,0.08,-1,-1,-1,-1,-1,-1,-1,-1,-1,-1,-1,-1
0,0,0,0,0,0,0,0,-1,-1,0,0,0,-1,0,0,0,0,0,0,0,0,0,0,-1,-1,-1,-1,-1,-1,-1,-1,-1,-1,-1,0,0,0,0,0,0,0,-1,-1,-1,-1,-1,-1,-1,-1,0,0,0,0,0,0,0,0,0,0,0,0,0,0,0,0,0,0,0,0,0,0,0,0,0,0,0,0,0,0,0,0,0,0,0,0,0,0,0,0.01,0.01,0.04,0.05,0.07,0.08,0.11,0.22,0.28,0.53,0.61,0.8,0.85,0.8,0.63,0.47,0.34,0.2,0.2,-1,-1,-1,-1,-1,0.06,0.07,0.05,0.03,-1,-1,-1,-1,-1,-1,-1,-1,-1,-1,-1,0,0,0,0.01,0.02,0,0.02,0,0,0.01,0,0,0,0.01,0.04,0.03,0,0.01,0,0,0,0,0.02,0,0,0,0.01,-1,-1,-1,-1,-1,-1,-1,-1,-1,0.03,0.01,0.01,0.04,0.02,-1,-1,-1,-1,-1,-1,-1,-1,-1,-1,-1,-1,-1,-1,-1,0.05,0.03,0.06,0.04,-1,-1,-1,-1,0.03,0,0.02,0,0.05,0.02,0.03,0
0,0,0,-1,-1,0,0,0,-1,-1,0,0,0,-1,0,0,0,0,0,0,0,0,0,0,-1,-1,-1,-1,-1,-1,-1,-1,-1,-1,-1,0,0,0,0,0,0,0,-1,-1,-1,-1,-1,-1,-1,-1,0,0,0,0,0,0,0,0,0,0,0,0,0,0,0,0,0,0,0,0,0,0,0,0,0,0,0,0,0,0,0,0,0,0,0,0,0,0.01,0,0.03,0.03,0.01,0.07,0.07,0.1,0.12,0.16,0.32,0.46,0.64,0.94,1,0.92,0.76,0.42,0.27,0.22,0.26,-1,-1,-1,-1,-1,0.04,0.07,0.04,0.06,-1,-1,-1,-1,-1,0.03,0.02,0.01,-1,-1,-1,0.01,0.01,0.01,0,0.02,0.01,0.01,0,0,0,0,-1,-1,-1,-1,-1,-1,-1,-1,-1,-1,0.01,0,0,-1,-1,-1,-1,-1,-1,-1,-1,-1,-1,-1,-1,0.01,0.03,0.04,0,0,-1,-1,-1,0.02,0.01,0.02,0.03,0,0.04,0.01,0.03,0.05,0.03,0.04,0.03,0.01,0.04,0.04,0.01,0.06,0.02,0.02,0.01,0.04,0.02,0.03,0.02,0.04,0.01,0,0.03
0,0,0,0,0,0,0,0,0,0,0,0,0,-1,0,0,0,0,0,0,0,0,0,0,-1,-1,0,0,-1,0,0,0,0,0,0,0,0,0,0,0,0,0,-1,0,0,0,0,0,0,0,0,0,0,0,0,-1,0,0,0,0,0,0,0,0.01,0.01,0.01,0.01,0,0,0,0,0,0.01,0.01,0,0.02,0,-1,-1,-1,-1,0.02,0,0,0,0.01,0,0,0.01,0,0.02,0.04,0.1,0.11,0.17,0.22,0.18,0.24,0.4,-1,-1,-1,-1,-1,-1,-1,-1,-1,-1,0.09,0.09,0.1,0.08,0.05,0.04,0.03,0.04,0.08,0.05,0.02,0.02,0.02,0.01,0.01,0.01,-1,-1,-1,0.01,0.01,0,0.03,0.01,0.04,0,0.01,0,0.02,0.02,-1,-1,-1,-1,-1,-1,-1,-1,-1,0.01,0,0,0,-1,-1,-1,-1,0,0,0,0,0,0,0.02,0,0.01,0.01,0,0.04,0.04,0.03,0.02,0.07,0.04,0.03,0.03,0.02,0.04,0.02,0.02,0.02,0.02,0.05,0.04,0.02,0,0.03,0.03,0.01,0.03,0.02,0.03,0.02,0.01,0.02,0.05,0.05,0.02,0.03,0,0.04
0,0,0,0,0,0,0,0,0,0,0,0,0,-1,0,0,0,0,0,0,0,0,0,0,-1,-1,0,0,0,0,0,0,0,0,0,0,0,0,0,0,0,0,0,0,0,0,0,0,0,0,0,0,0,0,0,-1,0,0,0,0.01,0,0.01,0.01,0.01,0,0.02,0.03,0,0.01,0.01,0.01,-1,-1,-1,-1,-1,-1,-1,-1,-1,-1,0,0,0,0.08,0.06,0.07,0.06,0.03,0.08,0.06,0.1,0.1,0.1,0.13,0.22,0.18,0.23,0.27,-1,-1,-1,-1,-1,-1,-1,-1,-1,-1,0.13,0.11,0.13,0.02,0.05,0.04,0.05,0.05,0.03,0.03,0.04,0.03,0.05,0.03,0.04,0.01,-1,-1,-1,0.01,0,0.01,0.01,0.01,0.01,0.01,0,0,0.01,0,0,0.01,0.01,0,0.05,0.01,0,0,0,0,0.01,0.01,0.01,0,0,0.01,0.02,0.01,0.03,0.02,0.01,0.02,0,0,0,0.02,0.02,0.02,0.02,0.02,0.04,0.04,0,0.04,0.02,0.02,0.06,0.02,0.01,0.02,0.02,0,0.02,0.01,0.04,0.01,0.02,0.01,0.04,0.01,0.02,0,0.02,0.02,0.03,0,0.04,0.02,0.05,0.01,0.04
0,0,0,-1,-1,0,0,0,-1,-1,0,0,-1,-1,-1,0,0,0,0,0,0,0,0,0,-1,-1,0,0,0,0,0,0,0,0,0,0,0,0,0,0,0,0,0,0,0,0,0,0,0,0,0,0,0,0,0,-1,-1,-1,-1,-1,-1,-1,-1,-1,-1,-1,0.01,0,0,0.01,0.02,-1,-1,-1,-1,-1,-1,-1,-1,-1,-1,0.02,0.02,0.02,0.03,0.06,0.03,0.06,0.05,0.08,0.1,0.09,0.09,0.1,0.12,0.17,0.18,0.26,0.19,0.33,0.42,0.3,0.32,0.32,0.32,0.22,0.18,0.18,0.15,0.1,0.12,0.04,0.09,0.04,0.05,0.08,0.06,0.04,0,0.04,0.03,0.01,0.01,0.02,0.02,-1,-1,-1,-1,0.01,0,0,0.01,0,0,0.01,0,0,0.01,0.01,0,0.01,0,0,0.01,0,0,0.01,0.02,0.01,0.01,0.01,0.01,0.01,0.01,0.02,0,0.01,0,0.01,0.01,0,0.01,0.01,0.04,0.02,0.01,0.02,0,0,0.05,0.02,0.02,0.03,0.02,0.01,0.01,0.01,0.01,0.06,0,0.03,0.03,0,0.03,0.01,0,0.01,0.01,0.05,0.02,0.05,0.03,0.02,0.03,0.02,0.01,0.03,0.02,0.02
0,0,0,0,0,0,0,0,-1,-1,0,0,-1,-1,-1,0,0,0,0,0,0,0,0,0,-1,-1,0,0,0,0,0,0,0,0,0,0,0,0,0,0,0,0,0,0,0,0,0,0,0,0,0,0,0,0,0,-1,-1,-1,-1,-1,-1,-1,-1,-1,-1,-1,0.01,0.01,0,0,0,0.01,0.01,0,0,0.01,0.02,0.02,0.02,0.02,0.02,0.03,0.01,0.01,0.06,0.03,0.08,0.03,0.06,0.12,0.06,0.1,0.1,0.11,0.14,0.17,0.14,0.22,0.24,0.21,0.27,0.27,0.27,0.27,0.21,0.18,0.15,0.1,0.13,0.09,0.08,0.07,0.14,0.09,0.04,0.06,0.02,0.01,0.03,0.01,0.02,0,0.02,0.03,0.02,-1,-1,-1,-1,0.02,0,0.01,0.02,0,0,0,0.01,0,0,0.02,0,0,0,0,0,0,0,0,0,0,0,0.02,0.02,0.02,0.02,0.01,0.02,0,0,0,0.01,0,0.03,0.02,0.01,0.01,0.02,0.02,0.01,0.03,0.01,0.01,0.01,0.01,0.03,0.01,0.04,0.02,0.02,0.02,0.02,0.02,0.03,-1,-1,-1,-1,-1,-1,-1,0.02,-1,-1,-1,-1,-1,-1,-1,-1,-1
-1,0,0,0,0,0,0,0,0,0,0,0,-1,-1,-1,0,0,0,0,0,0,0,0,0,-1,-1,0,0,0,-1,-1,-1,-1,-1,-1,0,0,0,0,0,0,0,-1,-1,-1,-1,-1,-1,-1,0,-1,-1,0,0,0,-1,-1,0,-1,0,0,0,0,0,0.01,0,0,0,0.01,0,0.01,0.02,0.01,0.01,0.01,0.02,0.01,0.04,0.02,0.04,0.04,0.01,0.04,0.03,0.04,0.03,0.03,0.06,0.04,0.04,0.06,0.01,0.08,-1,-1,0.15,0.13,0.13,0.16,0.2,0.24,0.19,0.21,0.2,0.21,0.16,0.1,0.09,0.11,0.07,0.09,0.03,0.03,0.06,-1,-1,-1,-1,-1,-1,-1,-1,-1,-1,-1,-1,-1,-1,0,0,0,0.02,0,0.02,0.02,0,0,0.01,0,0,0.01,0,0,0,0,0,0,0.01,0,0,0,0.01,0,-1,-1,-1,-1,-1,-1,-1,-1,-1,-1,-1,0.01,0.01,0.02,0.02,0.01,0.03,-1,-1,-1,-1,-1,-1,-1,-1,-1,-1,-1,-1,-1,-1,-1,-1,-1,-1,-1,-1,0.04,-1,-1,-1,-1,-1,-1,-1,-1,-1
-1,0,0,0,0,0,0,-1,-1,-1,0,0,-1,-1,-1,0,0,0,0,0,0,0,0,0,-1,-1,-1,-1,-1,-1,-1,-1,-1,-1,-1,0,0,0,0,0,0,0,-1,-1,-1,-1,-1,-1,-1,0,-1,-1,0,0,0,-1,-1,0,-1,0,0,0,0.01,0,0,0.01,0.01,0,0.03,0.01,0.01,0.01,0.01,0,0,0,0.01,0.03,0.06,0.04,0,0.01,0.03,0.01,0.06,0.03,0.02,0.05,0.06,0.04,0.06,0.09,0.05,-1,-1,0.1,0.13,0.11,0.18,0.15,0.11,0.15,0.19,0.18,0.24,0.06,0.12,0.14,0.09,0.08,0.08,0.07,0.03,0.08,-1,-1,-1,-1,-1,-1,-1,-1,-1,-1,-1,-1,0.03,0.01,0.01,0.01,0.02,0,0.04,0.01,0,0,0.01,-1,-1,-1,-1,-1,-1,-1,-1,-1,-1,-1,-1,-1,0,-1,-1,-1,-1,-1,-1,-1,-1,-1,-1,-1,-1,-1,0,0,0.02,0.02,0.04,0,-1,-1,-1,-1,0.02,0,0,0,0.01,0.05,0.03,0.03,0.02,0.01,0.01,0.02,0.03,0.01,0.02,0,0.04,0.01,0,0.02,0.01,0,0.01,0.01,0.02,0
0,0,0,0,0,0,0,-1,-1,-1,0,0,-1,-1,-1,0,0,0,0,0,0,0,0,0,-1,-1,0,0,0,0,0,0,0,0,0,0,0,0,0,0,0,0,0,0,0,0,0,0,0,0,-1,-1,0,0,0,-1,-1,0,-1,0,0,0.01,0,0,0,0,0.01,0,0,0.01,0.01,0.02,0,0.01,0,0.01,0,0.03,0.02,0.01,-1,-1,-1,-1,-1,0.02,0.02,0.04,0.02,0.07,0.06,-1,-1,-1,-1,0.14,0.09,0.13,-1,-1,-1,-1,-1,-1,-1,-1,-1,-1,-1,0.09,0.01,0.02,0.02,0.02,-1,-1,-1,0.03,0.02,0.01,0.01,0.01,0.02,0.01,0.01,0.02,0.04,0,0.02,0,0,0.02,0,0.01,0.01,0,0,-1,-1,-1,-1,-1,-1,-1,-1,-1,-1,-1,-1,-1,0,-1,-1,-1,0,0,0,0,0,0.02,0,0.01,0.01,0,0.01,0.01,0.03,0.02,0.02,0.01,0.03,0.03,0,0.01,0.02,0.01,0.02,0.01,0.02,0,0.02,0.01,0.03,0.01,0.01,0.02,0,0.01,0,0.06,0.01,0.02,0.03,0.02,0,0.01,0,0.03,0.01,0.03
0,0,-1,0,0,0,0,0,0,0,0,0,-1,-1,-1,0,0,0,0,0,0,0,0,0,-1,-1,0,0,0,0,0,0,0,0,0,0,0,0,0,0,0,0,0,0,0,0,0,0,0,0,-1,-1,0,0,0,-1,-1,-1,-1,0,0,-1,0,0,0,0,0,0,-1,-1,-1,-1,-1,-1,-1,-1,-1,-1,-1,0.03,-1,-1,-1,-1,0.01,0.04,0.02,0.04,0.03,0.06,0.05,-1,-1,-1,-1,0.09,0.07,0.11,-1,-1,-1,-1,-1,-1,-1,-1,-1,-1,-1,0.12,0.03,0.05,0.03,0.02,0.03,0.02,0.02,0.04,0.02,0,0.01,0.03,0,0.01,0.02,0,0.01,0.03,0,0,0.02,0,0,0.02,0.02,0.01,0,0,0,0,0,0.02,0.02,0,0,0,0,0,0,0,0,0,0,0,0,0,0,0.01,0,0.01,0.01,0.01,0,0.01,0,0.01,0.01,0.01,0,0.02,0.04,0,0.02,0,0,0,0.01,0.02,0.01,0.02,0,0.01,0.01,0,0,0.02,0.01,0.01,0.03,0.02,0.02,0,0.01,0.01,0.01,0,0.01,0,0,0
0,0,-1,0,0,0,0,0,0,-1,-1,-1,-1,-1,-1,0,0,0,0,0,0,0,0,0,-1,-1,0,0,0,0,0,0,0,0,0,0,0,0,0,0,0,0,0,0,0,0,0,-1,-1,0,-1,-1,0,0,0,-1,-1,-1,-1,-1,-1,-1,-1,-1,-1,-1,0.02,0,-1,-1,-1,-1,-1,-1,-1,-1,-1,-1,-1,0.01,0.01,-1,0.04,0,0,0,0.02,0.03,0.02,0.01,0.02,0.05,-1,-1,-1,0.09,0.06,0.03,-1,-1,-1,-1,-1,-1,-1,-1,-1,-1,-1,0.03,0.03,0.05,0.05,0.06,0.01,0.04,0.02,0.03,0.03,0,0.01,0,0.01,0,0,0.02,0.01,0,0.02,0,0,0,0.04,0,0,0.02,0,0,0.01,0,0,0,0,0,0,0,0,0,0,0,0,0,0,0.01,0,0.01,0,0,0.02,0.01,0,0.01,0,0,0,0,0.01,0.02,0.01,0,0.01,0.02,0,0,0,0,0,0.01,0.01,0,0.02,0,0.01,0.01,0.02,0.01,0.02,0,0,0.02,0.01,0,0.01,0.02,0.01,0.01,0,0.02,0.01,0.01
0,0,0,0,0,-1,-1,0,0,-1,-1,-1,-1,-1,-1,0,0,0,0,0,0,0,0,0,-1,-1,-1,-1,-1,-1,-1,-1,-1,-1,0,0,0,0,0,0,0,-1,-1,-1,-1,-1,-1,-1,-1,0,-1,-1,0,0,0,0,-1,-1,-1,-1,-1,-1,-1,-1,-1,-1,0,0,-1,-1,-1,-1,-1,0.01,0.01,0,0.01,0,0.02,0.03,0,0.02,0.03,0.07,0.03,0.02,0.04,0.01,0.02,0.06,0.05,0.03,0.02,0.07,0.04,0.05,0.05,0.07,0.11,0.04,0.08,0.09,0.04,0.07,0.05,0.03,0.06,0.06,0.09,0.03,0.01,0.01,0.03,0.03,0.03,0.06,0.01,0.02,0.02,0.01,0.02,0,0.04,0.02,0,0,0.02,0.01,0.01,0.01,0,0.01,0,0.01,0,0,0,0,0,0,0,0,0,0,0,0,0,0,0,0,0,0,0.01,0.03,0,0.01,0,0,0,0,0.01,0,0.01,0.01,0,0.04,0.02,0.01,0.01,0.01,0,0,0.01,0,0,0,0,0.02,0.01,0.02,0.03,0.03,0.02,0.01,0,0.01,0,0.01,0.01,0.01,0,0.01,0,0,0.01,0.01,0,0,0.02,0.03
0,0,0,0,0,0,0,0,0,-1,-1,-1,-1,-1,-1,0,0,0,0,0,0,0,0,0,-1,-1,-1,-1,-1,-1,-1,-1,-1,-1,0,0,0,0,0,0,0,-1,-1,-1,-1,-1,-1,-1,-1,0,0,0,0,0,0,0,0,0,0,0,0,0,0,0,0.01,0,0,0,0,0.01,0.01,0.01,0.01,0.01,0.01,0.01,0.01,0.01,0,0.01,0.01,0.03,0.03,0.04,0.03,0,0.03,0.03,0,0.03,0.05,0.04,0.07,0.06,0.08,0.07,0.01,0.07,0.04,0.05,0.05,0.07,0.06,0.06,0.07,0.09,0.03,0.04,0.04,0.04,0.01,0.05,0.05,0.05,0.05,0,0.04,0.01,0.02,0.03,0,0.01,0.03,0.01,0.02,0.02,0.02,0,0.01,0.01,0.01,0.01,0,0,0,0.01,0.02,0,0,0.02,0,0,0,0,0,0,0,0,0,0,0,0,0,0,0,0,0,0,-1,-1,-1,-1,-1,-1,-1,-1,0,0,0,0.02,0.02,0,0,0,0,0,0.02,0,0,0.02,0.01,0.01,0.01,0.01,0.02,0,0.02,0.02,0.02,0.01,0.01,0.01,0,0.02,0,0.01,0,0.01,0.01,0.01
0,0,0,0,0,0,0,0,0,0,0,0,-1,-1,-1,0,0,0,0,0,0,0,0,0,-1,-1,0,0,0,0,0,0,0,0,0,0,0,0,0,0,0,0,0,0,0,0,0,0,0,0,0,0,0,0,0,0,0,0,0,0,0,0,0.01,0.01,0.01,0.01,0,0,0.02,0.01,0,0,0.02,0,0.01,0.01,0.04,0.03,0.01,0,0,0.01,0.02,0.03,0.02,0.03,0.03,0.01,0.02,0.02,0.03,0.02,0.03,0.06,0.03,0.01,0.02,0.04,0.03,0.03,0.05,0.03,0.04,0.05,0.03,0.04,0.03,0.04,0.04,0.02,-1,-1,-1,-1,-1,-1,-1,-1,0.02,0.01,0.01,0.02,0.02,0,0,0.01,0.01,0.01,0,0,0,0,0,0.01,0,0.01,0,0,0,0.02,0,0,0,0,0,0,0,0,0,0,0,0,0,0,0,0,0,0,0,0,0,0,0,0,0.01,0.01,0,0.01,0,0.01,0.02,0,0,0,0.01,0.01,0.01,0.01,0,0,0.01,0.02,0,0.01,0.03,0.02,0.02,0,0.01,0,-1,0,0,0.01,0,0.02,0.01,0.02,0,0
0,0,0,0,0,0,0,0,0,0,0,0,0,-1,0,0,0,0,0,0,0,0,0,0,0,0,0,0,0,0,0,0,0,0,0,0,0,0,0,0,0,0,0,0,0,0,0,0,0,0,0,0,0,0,0,0,0,0,0,0,0,0,0,0,0.02,0,0,0,0,0.01,0,0,0,0,0.02,0.01,0,0,0.03,0.02,0,0.03,0.04,0,0.03,0.02,0.03,0.02,0.01,0.04,0.06,0.02,0.02,0.04,0.02,0,0.02,0.03,0.03,0.02,0.02,0.03,0.05,0.04,0.04,0.05,0.02,0.03,0.04,0.02,0.03,0.02,0,0.02,0.02,0.01,0,0.02,0,0,0.03,0.03,0,0.01,0,0,0,0,0,0.01,0.01,0.02,0.01,0.01,0,0,0.01,0.02,0,0,0,0,0,0,0,0,0,0,0,0,0,0,0,0,0,0,0,0,0,0,0.02,0.01,0,0.02,0.02,-1,-1,-1,-1,-1,-1,-1,-1,-1,-1,-1,-1,-1,0.01,0,0.01,0.01,0,0.03,0,0.01,0.01,0,0,0,0,0.01,0.01,0.02,0,0.01,0.01,0.01,0,0.02
0,0,0,0,0,0,0,0,0,0,0,0,0,0,0,0,0,0,0,0,0,0,0,0,0,0,0,0,0,0,0,0,0,0,0,0,0,0,0,0,0,0,0,0,0,0,0,0,0,0,0,0,0,0,0,0,0,0,0,0,0,0,0,0,0,0.01,0,0,0,0,0,0,0.01,0,0,0.01,0.01,0.01,0,0,0,0.01,0.02,0.01,0.05,0.02,0.03,0.04,0,0.04,0.03,0.03,0.03,0.05,0.02,0.04,0.03,0.03,0.03,0.07,0.01,0.05,0.03,0.03,0.04,0.01,0.06,0.04,0.03,0.06,0.01,0.07,0.01,0.02,0.02,0.05,0.02,0.04,0.02,0,0.01,0.02,0.01,0.02,0.03,0,0.01,0,0.01,0,0.01,0.02,0,0.01,0,0,0,0,0,0.01,0.01,0,0,0,0,0,0,0,0,0,0,0,0,0,0,0,0,0,0,0.01,0,0,0.02,0,0.02,0,-1,-1,-1,-1,-1,-1,-1,-1,-1,0.01,0.01,0,-1,0,0.01,0,0,0.02,0.01,0.01,0,0,0,0.01,-1,-1,0,0,0.01,0,0.01,0,0.01,0.01
0,0,0,0,0,0,0,0,0,0,0,0,0,0,0,0,0,0,0,0,0,0,0,0,0,0,0,0,0,0,0,0,0,0,0,0,0,0,0,0,0,0,0,0,0,0,0,0,0,0,0,0,0,0,0,0,0,0,0,0,0,0,0,0,0.01,0.01,0,0.01,0,0,0,0,0,0,0.02,0,0,0,0.02,0.01,0.01,0,0.01,0.03,0.01,0.02,0.01,0,0.02,0.01,0.01,0.02,0.01,0.02,0.04,0,0.05,0,0.08,0.02,0.01,0,0.02,0.02,0.02,0.03,0.03,0.02,0.02,0.03,0,0.05,0.01,0.01,0.01,0.03,0.02,0.01,0,0.01,0.02,0.01,0.02,0.01,0,0,0.02,0,0,0,0.02,0.01,0,0.01,0,0.01,0,0,0,0,0,-1,-1,-1,-1,-1,-1,-1,-1,-1,-1,-1,-1,-1,-1,0,0,0,0,0,0,0.01,0,0,0,0.01,0,0,0,0.01,0.03,0,0,0,0,0,0,0,-1,0,-1,0.01,0,0,0,0.01,0.01,0.01,0.01,0.01,0.02,0.01,0,0,0.01,0,0,0,0,0.01
0,0,0,0,0,0,0,0,0,0,0,0,0,0,0,0,0,0,0,0,0,0,0,0,0,0,0,0,0,0,0,0,0,0,0,0,0,0,0,0,0,0,0,0,0,0,0,0,0,0,0,0,0,0,0,0,0,0,0,0,0,0,0,0,0,0,0.01,0,0,0.01,0,0,0.01,0,0,0.02,0,0.01,0,0,0.01,0.02,0.01,0,0.03,0.01,0.03,0.01,0.01,0.01,0.04,0.01,0.02,0.02,0.02,0.01,0,0.05,0.02,0,0.03,0.06,0.02,0,0.02,0.03,0.02,0,0.02,0.04,-1,-1,-1,-1,-1,-1,-1,-1,-1,-1,0,0,0.02,0,0,0.01,0,0.01,0,0.01,0,0,0,0,0,0,0,0,0,0,0,-1,-1,-1,-1,-1,-1,-1,-1,-1,-1,-1,-1,-1,-1,0,0,0,0,0,0,0,0.01,0.02,0,0,0,0,0.01,0,0,0,0.01,0.01,0.02,0,0,0,0,0.01,-1,0,0,0,0.01,0.01,0,0.01,0.02,0.02,0,0.02,-1,-1,-1,-1,-1,-1,-1,-1
0,0,0,0,0,0,0,0,0,0,0,0,0,0,0,0,0,0,0,0,0,0,0,0,0,0,0,0,0,0,0,0,0,0,0,0.02,0,0,0,0,0,0,0,0,0,0,0,0,0,0,0,0,0,0,0,0,0,0,0,0,0,0,0,0,0,0,0,0,0.01,0.01,0.01,0,0.01,0,0,0,0.02,0.02,0.01,0,0.01,0.01,0.01,0.02,0,0.01,0,0.04,0.03,0.01,0.03,0.02,0.03,0.03,0.02,0.03,0.02,0.04,-1,0.02,0.02,0.01,0,0.01,0.03,0.02,0.02,0,0.02,0.01,0.03,0.01,0,0,0.01,0,0.01,0.03,0.01,0,0.02,0,0,-1,-1,-1,-1,-1,-1,0.01,0,0.01,0.01,0.01,0,0,0,0,0,0,0,0,0,0,0,0,0,0,0,0,0,0,0,0,0,0,0,0,0,0,0,0,0,0,0,0.02,0,0,0,0,0,0.01,0,0.01,0.01,0.01,0,0.01,0,0,-1,0,0.01,0.02,0,0,0.01,0,0,0,0,0,-1,-1,-1,-1,-1,-1,-1,-1
0,0,0,0,0,0,0,0,0,0,0,0,0,0,0,0,0,0,0,0,0,0,0,0,0,0,0,0,0,0,0,0,0.01,0,0,0,0,0.01,0.02,0,0,0.01,0,0,0.01,0.01,0,0,0.01,0,0,0,0,0,0,0,0,0,0,0,0,0,0,-1,-1,-1,0,0.01,0.02,0.01,0.02,0,0,0.02,0.01,0,0,0,0,0.02,0.01,0.01,0.01,0.02,0.02,0.01,0,0.01,0,0,0.01,-1,-1,0.01,0.03,0.03,0.07,-1,-1,-1,0.01,0.01,0,0.01,0,0.01,0.01,0,0,0,0.01,0.02,0,0.02,0.02,0,0.01,0.01,0.01,0.01,0,0.01,0.01,-1,-1,-1,-1,-1,-1,0,0,0.01,0.01,0.01,0.01,0,0,0,0,0,0,0,0,0,0,0,0,0,0,0,0,-1,-1,-1,-1,0,0,-1,-1,0,-1,0,0,0,0,0,0,0,0,0,0.01,0,0.01,0,0,0,0,0,0,0,-1,0,0.01,0,0,0.01,0.01,0,0,0,0,0,-1,-1,-1,-1,0,0,0,0
0,0,0,0,0,0,0,0,0,0,0,0,0,0,0,0,0,0,0,0,0,0,0,0,0,0,0,0,0,0,0.02,0,0,0,0,-1,-1,-1,-1,-1,-1,-1,-1,-1,-1,-1,-1,-1,-1,-1,-1,0.01,0,0,0,0,0,0,0,0,0,0,0,0,0,0,0,0.01,0,0,-1,-1,-1,-1,-1,-1,-1,-1,-1,-1,-1,-1,0,0.01,0,0.01,0,0.01,0,0,0,-1,-1,-1,0.04,0.03,0,-1,-1,0.02,0.01,-1,-1,-1,-1,-1,0,0.01,0,0.02,-1,-1,-1,-1,-1,-1,-1,-1,-1,-1,0,0.01,0.01,-1,-1,-1,-1,-1,-1,0,0,0.01,0,0.01,0,0.01,0,0,0,0,0,0,0,0,0,0,0,0,0,0,0,0,0,0,0,0,0,-1,-1,0,0,0,0,0,0,0,0,0,0,0,0,0,0,0,0,0.01,0,0.01,-1,0.01,-1,0.01,0,0,0.01,0,0,0,0,0,0,0,0,0,0,0,0,0,0,0
0,0,0,0,0,0,0,0,0,0,0,0,0,0,0,0,0,0,0,0,0,0,0,0.01,0,-1,-1,-1,-1,-1,-1,-1,-1,-1,-1,-1,-1,-1,-1,-1,-1,-1,-1,-1,-1,-1,-1,-1,-1,-1,-1,0,0.01,0,0,0,0,0,0,0,0,0,0,0,0,0,0,0,0,0,-1,-1,-1,-1,-1,-1,-1,-1,-1,-1,-1,-1,0.02,0.01,0,0.03,0.02,0,0,0,0.01,-1,-1,-1,0.02,0.02,0.02,0,0.03,0,0.02,0.02,0.02,0,0,0.02,0,0,0.01,0,0.01,0.03,0,0,0.02,0.02,0.02,0,0,0.02,0.03,0.01,0,-1,-1,-1,-1,-1,-1,0,0.01,0.01,0,0,0.01,0,0.02,0,0,0,-1,-1,-1,-1,-1,-1,-1,-1,-1,-1,-1,-1,-1,-1,-1,-1,-1,-1,-1,-1,0,0,0,0,0,0,0,0,0,0,0,0,0,0,0,0,0,0,-1,0,0,0,0,0,0,0,0,0,0,0,0,0,0,0,0,0,0,0,-1,-1
0,0,0,0,0,0,0,0,0,0,0,0,0,0,0,0,0,0,0,0,0.01,0,0,0,0.01,-1,-1,-1,-1,-1,-1,-1,-1,-1,-1,-1,-1,-1,-1,-1,-1,-1,-1,-1,-1,-1,-1,-1,-1,-1,-1,0,0,0.01,0,0,0.01,0.01,0,0.02,0,0,0,0,0,0,0,0.01,0,0,-1,-1,-1,-1,-1,-1,-1,-1,-1,-1,-1,-1,0.03,0.02,0,0.01,0.01,0.02,0,0,0,-1,-1,-1,0.01,0,0.01,0.01,0.01,0.01,0.03,0.04,0,0.01,0.01,0,0.02,0.01,0,0,0.01,0.01,0.02,0.01,0.01,0,0.02,0,0.01,0.01,0.01,0,0,-1,-1,-1,-1,-1,-1,0,0,0,0,0.01,0,0,0,0,0,0,-1,-1,-1,-1,-1,-1,-1,-1,-1,-1,-1,-1,-1,-1,-1,-1,-1,-1,-1,-1,0,0,0,0,0,0,0,0,0,0,0,0,0,0,0,0,0,0,0,0,0,0,0,0,0,0,0,0,0,0,-1,-1,-1,-1,-1,-1,0,0,-1,-1
0,0,0,0,0,0,0,0,0,0,0,0,0,0,0,0,0,0,0.02,0,0,0,0.01,0,0,-1,-1,-1,-1,-1,-1,-1,-1,-1,-1,-1,-1,-1,-1,-1,-1,-1,-1,-1,-1,-1,-1,-1,-1,-1,-1,0.01,0,0,0.01,0,0.01,0,0,0,0.01,0.01,0,0,0,0,0,0,0,0,-1,-1,-1,-1,-1,-1,-1,-1,-1,-1,-1,-1,0.01,0,0.02,0.01,0,0.01,0,0.01,0.01,-1,-1,-1,0.02,0.02,0.01,0.02,0,0.01,0.01,0,0.01,0,0,0,0.01,0.01,0,0.02,0,0,0,0.01,0,0,0,0.02,0.01,0,0,0,0,-1,-1,-1,-1,-1,-1,0,0,0.01,0,0,0,0,0,0,0,0,-1,-1,-1,-1,-1,-1,-1,-1,-1,-1,-1,-1,-1,-1,-1,-1,-1,-1,-1,-1,0,0,0,0,0,0,0,0,0,0,0,0,0,0,0,0,0,0,0,0,0,0,0,0,0,0,0,0,0,0,-1,-1,-1,-1,-1,-1,0,0,-1,-1
0,0,0,0,0,0,0,0,0,0,0,0,0,0,0,0,0.01,0,0,0.02,0,0,0,0.01,0.02,-1,-1,-1,-1,-1,-1,-1,-1,-1,-1,-1,-1,-1,-1,-1,-1,-1,-1,-1,-1,-1,-1,-1,-1,-1,-1,0,0,0,0.01,0.01,0,0,0,0,0,0,0,0,0,0,0,0,0,0,-1,-1,-1,-1,-1,-1,-1,-1,-1,-1,0.02,0.01,0.02,0,0,0.01,0,0.01,0,0,0.01,-1,-1,-1,0,0,0,0,0,0,0.02,0.02,0.01,0.01,0.01,0,0.03,0.01,0,0,0,0,0,0,0.03,0.01,0,0.01,0.02,0.03,0.01,0.01,0.01,-1,-1,-1,-1,-1,-1,0,0,0,0.01,0,0,0,0,0,0,0,-1,-1,-1,-1,-1,-1,-1,-1,-1,-1,-1,-1,-1,-1,-1,-1,-1,-1,-1,-1,0,0,0,0,0,0,0,0,0,0,0,0,0,0,0,0,0,0,0,0,0,0,0,0,0,0,0,0,0,0,0,0,0,0,0,0,0,0,0,0
0,0,0,0,0,0,0,0,0,0,0,0,0,0,0.01,0,0.01,0,0.01,0.01,0,0,0,0,0.01,-1,-1,-1,-1,-1,-1,-1,-1,-1,-1,-1,-1,-1,-1,-1,-1,-1,-1,-1,-1,-1,-1,-1,-1,-1,-1,0,0.03,0,0.01,0,0.01,0,0,0,0,0.01,0,0,0,0,0,0,0,0,0,0,0,0,0,0,-1,-1,0,0,0,0,0,0.02,0,0,0.02,0.01,0,0,0.01,-1,-1,-1,0.01,0,0.01,0.01,0,0,0,0.01,0.02,0,0,-1,-1,-1,-1,-1,-1,-1,-1,-1,-1,-1,-1,-1,-1,0.01,0.02,-1,-1,-1,-1,-1,-1,-1,-1,0,0,0.01,0,0,0,0,0,0,0,0,-1,-1,-1,-1,-1,-1,-1,-1,-1,-1,-1,-1,-1,-1,-1,-1,-1,-1,-1,0,0,0,0,0,0,0,0,0,0,0,0,0,0,0,0,0,0,0,0,0,0,0,0,0,0,0,0,0,0,0,0,0,0,0,0,0,0,0,0,0
0,0,0,0,0,0,0,0,0,0,0,0,0,0,0.02,0,0.01,0,0,0,0,0,0.02,0,0,-1,-1,-1,-1,-1,-1,-1,-1,-1,-1,-1,-1,-1,-1,-1,-1,-1,-1,-1,-1,-1,-1,-1,-1,-1,-1,0,0,0,0.01,0,0,0,0,0.01,0,0,0,0.01,0,0,0,0,0,0,-1,-1,-1,-1,-1,-1,-1,-1,-1,-1,-1,-1,0.03,0.02,0,0,0,0,0,0,0,-1,-1,-1,0,0,0.01,0,0,-1,-1,-1,0,-1,-1,-1,-1,-1,-1,-1,-1,-1,-1,-1,-1,-1,-1,-1,-1,-1,0,-1,-1,-1,-1,-1,-1,-1,-1,0,0,0,0,0,0,0,0,0,0,0,-1,-1,-1,-1,-1,-1,-1,-1,-1,-1,-1,-1,-1,-1,-1,-1,-1,-1,-1,0,0,0,0,0,0,0,0,0,0,0,0,0,0,0,0,0,0,0,0,0,0,0,0,0,0,0,0,0,0,0,0,0,0,0,0,0,0,0,0,0
0,0,0,0,0,0,0,0,0,0,0,0,0.01,0.01,0,0,0.01,0.01,0.01,0.01,0.01,0,0,0,0.02,0.01,-1,-1,-1,-1,-1,-1,-1,-1,-1,-1,-1,-1,-1,-1,-1,-1,-1,-1,-1,-1,-1,-1,-1,-1,-1,0.01,0.01,0,0.01,0,0,0.01,0.01,0,0,0,0,0,0.02,0.01,0,0,0,0,-1,-1,-1,-1,-1,-1,-1,-1,-1,-1,-1,-1,0,0,0.02,0,0.01,0,0.02,0,0,-1,-1,-1,0.01,0.01,0,0.01,0.01,-1,-1,-1,0.01,-1,-1,-1,-1,-1,-1,-1,-1,-1,-1,-1,-1,-1,-1,-1,-1,-1,0.03,-1,-1,-1,-1,-1,-1,-1,-1,0,0.02,0,0,0,0,0,-1,0,0,0,-1,-1,-1,-1,-1,-1,-1,-1,-1,-1,-1,-1,-1,-1,-1,-1,-1,-1,-1,0,0,0,0,0,0,0,0,0,0,0,0,0,0,0,0,0,0,0,0,0,0,0,0,0,0,0,0,0,0,0,0,0,0,0,0,0,0,0,0,0
0,0,0,0,0,0,0,0,0,0,0,0.01,0,0,0.01,0.02,0,0,0.01,0,0.01,0,0.02,0.01,0.01,0.01,-1,-1,-1,-1,-1,-1,-1,-1,-1,-1,-1,-1,-1,-1,-1,-1,-1,-1,-1,-1,-1,-1,-1,-1,-1,0.01,0,0,0,0,0.01,0,0.02,0.02,0,0,0,0,0,0,0,0.01,0,0,-1,-1,-1,-1,-1,-1,-1,-1,-1,-1,-1,-1,0,0,0,0,0.01,0,0,0.01,0.01,0,0.02,0,0,0.01,0.01,0,0,-1,-1,-1,0,-1,-1,-1,-1,-1,-1,-1,-1,-1,-1,-1,-1,-1,-1,-1,-1,-1,0.01,0,0,0,0,0,0,0,0,0,0,0,0,0,0,0,0,0,0,0,0,0,-1,-1,-1,-1,-1,-1,-1,-1,-1,-1,-1,-1,-1,-1,-1,-1,-1,0,0,0,0,0,0,0,0,0,0,0,0,0,0,0,0,0,0,0,0,0,0,0,0,0,0,0,0,0,0,0,-1,-1,-1,-1,-1,-1,0,0,-1,-1
0,0,0,0,0,0,0,0,0,0.01,0.01,0,0,0.01,0,0,0,0.01,0,0,0.01,0.01,0.01,0.01,0,0,0,0.02,-1,-1,0,0,0,0.02,0.01,0.02,0,-1,-1,-1,-1,0.03,0.03,0.01,0.02,0.02,0,0,0.01,0,0,0.01,0.01,0,0,0,0.01,0,0.02,0,0.03,0,0,0,0.01,0,0,0.01,0,0,-1,-1,-1,-1,-1,-1,-1,-1,-1,-1,-1,-1,0,0,0,0,0,0,0.01,0,0.01,-1,0.01,0.01,0,0,0.01,0,0.01,-1,-1,-1,0.01,-1,-1,-1,-1,-1,-1,-1,-1,-1,0,0.01,0,0,0.01,0,0,0,0.01,0,0,0,0,0.01,0,0,0,0,0,0,0,0,0,0,0,0,0,0,0,0,-1,-1,-1,-1,-1,-1,-1,-1,-1,-1,-1,-1,-1,-1,-1,-1,-1,0,0,0,0,0,0,0,0,0,0,0,0,0,0,0,0,0,0,0,0,0,0,0,0,0,0,0,0,0,0,0,-1,-1,-1,-1,-1,-1,0,0,-1,-1
0,0,0,0,0,0,0,0,0.01,0.01,0.01,0,0.02,0,0,0.01,0,0,0,0.01,0,0,0.02,0.01,-1,-1,0.02,-1,-1,-1,-1,-1,-1,-1,-1,-1,0,0.01,0.01,0.01,0,0,0.03,0.02,0,0.04,0,0.02,0,0,0,0,0.02,0.01,0,0.01,0.01,0,0.01,0,0,0,0,0,0,0.01,0,0,0,0,-1,-1,0,0,-1,-1,0.01,0,0,0,0,0,0,0,0,0,0.01,0,0.01,0,0.01,0,0,0,0.01,0,0,0.02,0.02,-1,-1,-1,0,0.01,0.01,0,-1,-1,-1,-1,-1,-1,0,0.01,0,0,0.01,0.02,0,0.01,0.01,0.01,0,0,0,0,0,0,0,0,0,0,0,0,0,0,0,0,0,0,0,0,-1,-1,-1,-1,-1,-1,-1,-1,-1,-1,-1,-1,-1,-1,-1,-1,-1,0,0,0,0,0,0,0,0,0,0,0,0,0,0,0,0,0,0,0,0,0,0,0,0,0,0,0,0,0,0,0,-1,-1,-1,0,0,0,0,0,0,0
0,0,0,0,0,0,0,0,0,0,0.01,0,0,0,0.01,0,0,0.02,0.01,0,0,0.01,0.02,0.01,-1,-1,0,-1,-1,-1,-1,-1,0.02,-1,-1,-1,-1,0.03,-1,-1,-1,0.02,0.01,0.01,0.01,0.01,0.01,0.01,0,0,0.02,0,0,0.01,0.01,0.01,0.01,0.02,0,0,0.01,0,0,0,0.01,0.01,0,0.01,0,0,0.01,0,0.01,0,-1,-1,0,0,0,0,0,0,0,0.01,0,0,0,0.01,0,0,0.01,0,0,0,0,0.02,0,0,0,0.01,0,0.01,0,0.01,0,0,-1,-1,-1,-1,-1,-1,0,0.01,0,0,0,0,0,0,0,0,0,0,0,0,0,0,0,0,0,0,0,0,0,0,0,0,0,0,0,0,0,-1,-1,-1,-1,-1,-1,-1,-1,-1,-1,-1,-1,0,-1,-1,-1,0,0,0,0,0,0,0,0,0,0,0,0,0,0,0,0,0,0,0,0,0,0,0,0,0,0,0,0,0,0,0,0,0,0,0,0,0,0,0,0,0
0,0,0,0,0,0,0.01,0,0,0,0,0,0,0,0,0.01,0.03,0.01,0.01,0.01,0,0,0.01,0.01,0.01,0.01,0.01,0.01,0,0.01,0.01,0.02,0,-1,-1,-1,-1,0,-1,-1,-1,0,0.02,0.01,0,0.01,0,0.03,0.01,0.02,0.02,0.01,0,0,0,0,0,0.01,0,0,0,0.01,0.01,0,0,0.02,0,0.01,0.01,0,0.01,-1,-1,-1,-1,-1,-1,-1,-1,0,0,0,0,0,0,0,0,0,0.01,0,0,0,0,0,0,0.01,0,0.02,0.01,0,0.01,0,0,0,0,0.01,0,-1,-1,-1,-1,-1,0,0,0,0,0,0,0,0,0,0,0,0,0,0,0,0,0,0,0,0,0,0,0,0,0,0,0,0,0,0,0,-1,-1,-1,-1,-1,-1,-1,-1,-1,-1,-1,-1,0,0,0,0,0,0,0,0,0,0,0,0,0,0,0,0,0,0,0,0,0,0,0,0,0,0,0,0,0,0,0,0,0,0,0,0,0,0,0,0,0,0,0,0,0
0,0,0,0,0,0,0.01,0,0,0.01,0,0.02,0,0,0.01,0,0.01,0.01,0,0,0.02,0,0,0.01,0.02,0.01,0.02,-1,-1,0.03,0,0.02,0,-1,-1,-1,-1,0.03,0.02,0.03,0.01,0.01,0.01,0.02,0.01,0.01,0.01,0,0.01,0.01,0.01,0,0,0,0,0,0,0.01,0,0,0,0.01,0,0,0.01,0,0,0,0.01,0.01,0.01,-1,-1,-1,-1,-1,-1,-1,-1,0,0,0,0,0.01,0,0,0,0,0.01,0,-1,-1,-1,0.02,0,0,0,0,-1,-1,-1,-1,-1,-1,-1,-1,-1,-1,-1,-1,-1,-1,-1,-1,-1,-1,-1,-1,-1,-1,-1,-1,-1,-1,-1,-1,-1,-1,0,0,0,0,0,0,0,0,0,0,0,0,0,0,0,-1,-1,-1,-1,-1,-1,-1,-1,-1,-1,-1,-1,0,0,0,0,0,0,0,0,0,0,0,0,0,0,0,0,0,0,0,0,0,0,0,0,0,0,0,0,0,0,0,0,0,0,0,0,0,0,0,0,0,0,0,0,0
0,0,0,0,0.01,0.01,0,0,0,0,0,0,0.01,0,0,0,0,0.01,0.01,0.01,0,0,0.01,0,0.03,0.02,0,0.02,0.03,0.02,0.02,0,0,0.02,0,0.03,0.03,0.03,0.01,0.01,0,0,0.01,0.02,0.01,0,0.01,0,0.01,0.01,0,0.01,0.02,0,0,0.03,0.01,0,0,0,0,0,0,0,0,0,0,0,0,0,0.01,-1,-1,-1,-1,-1,-1,-1,-1,-1,0,0,0,0,0,0,0,0,0,0.01,-1,-1,-1,0,0,0,0,0,-1,-1,-1,-1,-1,-1,-1,-1,-1,-1,-1,-1,-1,-1,-1,-1,-1,-1,-1,-1,-1,-1,-1,-1,-1,-1,-1,-1,-1,-1,0,0,0,0,0,0,0,0,0,0,0,0,0,0,0,-1,-1,-1,-1,-1,-1,-1,-1,-1,-1,-1,-1,0,0,0,0,0,0,0,0,0,0,0,0,0,0,0,0,0,0,0,0,0,0,0,0,0,0,0,0,0,0,0,0,0,0,-1,-1,-1,-1,-1,-1,-1,-1,-1,-1,0
0,0,0,0,0.01,0,0,0.02,0,0,0,0.01,0,0,0,0.01,0.01,0,0.02,0.01,0,0.03,0,0.02,0,0,0.01,0.02,0.01,0,0.02,0.01,0.03,0.02,0,0.04,0.01,0.01,0.02,0.02,-1,-1,-1,-1,-1,-1,-1,-1,-1,-1,0.01,0,0,-1,0.01,0.01,-1,-1,-1,-1,-1,-1,-1,-1,-1,-1,0,0.01,0,0,0,0,0,0.02,0,0,0,0,0,0,0,0,0,0,0,0,0,0,0,0.01,-1,-1,-1,0,0,0,0.01,0,-1,-1,-1,-1,-1,-1,-1,-1,-1,-1,-1,-1,-1,-1,-1,-1,-1,-1,-1,-1,-1,-1,-1,-1,-1,-1,-1,-1,-1,-1,0,0,0,0,0,0,0,-1,0,0,0,0,0,0,0,0,0,0,0,0,0,-1,-1,-1,-1,-1,-1,0,0,0,0,0,0,0,0,0,0,0,0,0,0,0,0,0,0,0,0,0,0,0,0,0,0,0,0,0,0,0,0,0,0,-1,-1,-1,-1,-1,-1,-1,-1,-1,-1,0
0,0,0,0,0.01,0,0,0,0,0,0,0,0,0,0.01,0.01,0,0.01,0.01,0,0.01,0,0.02,0.01,-1,0.01,0,-1,-1,-1,-1,-1,-1,-1,-1,-1,-1,-1,-1,-1,-1,-1,-1,-1,-1,-1,-1,-1,-1,-1,0,0,0,-1,0.01,0.01,0,0,0.01,0,0,0,0,0,0,0,0.01,0,0,-1,-1,-1,-1,-1,-1,-1,-1,-1,-1,-1,-1,-1,-1,0,0,0,0,0,0,0,-1,-1,-1,0,-1,-1,-1,-1,-1,-1,-1,-1,-1,-1,-1,-1,-1,-1,-1,-1,-1,-1,-1,-1,-1,-1,-1,-1,-1,-1,-1,-1,-1,-1,-1,-1,-1,-1,0,0,0,0,0,0,0,0,0,0,0,0,0,0,0,0,0,0,0,0,0,-1,-1,-1,-1,-1,-1,0,0,0,0,0,0,0,0,0,0,0,0,0,0,0,0,0,0,0,0,0,0,0,0,0,0,0,0,0,0,0,0,0,0,0,0,0,0,0,0,0,0,0,0,0
0,0,0.02,0,0,0,0,0.01,0.01,0.02,0.01,0.01,0,0,0.01,0,0.03,0.03,0.01,0,0.01,0,0,0.01,-1,0,0.02,0.01,-1,-1,-1,-1,-1,-1,-1,-1,-1,-1,-1,-1,-1,-1,-1,-1,-1,-1,-1,-1,-1,-1,0,0.01,0.04,-1,-1,-1,-1,-1,-1,-1,-1,-1,-1,-1,-1,-1,0.01,0.01,0,0,0,0,0,0,0,0,0,0,0,0,0,0,0,0,0,0,0,0,0,0,-1,-1,-1,0,-1,-1,-1,-1,-1,-1,-1,-1,-1,-1,-1,-1,-1,-1,-1,-1,-1,-1,-1,-1,-1,-1,-1,-1,-1,-1,-1,-1,-1,-1,-1,-1,-1,-1,0,0,0,0,0,0,0,-1,0,0,-1,-1,-1,-1,0,0,0,0,0,0,0,-1,-1,-1,-1,-1,-1,0,0,0,0,0,0,0,0,0,0,0,0,0,0,0,0,0,0,0,0,0,0,0,0,0,0,0,0,0,0,0,0,0,0,0,0,0,0,0,0,0,0,0,0,0
0,0,0,0,0.01,0,0.02,0,0,0,0,0.02,0,0.01,0,0.02,0.02,0.01,0,0.02,0.02,0.02,0.01,0.01,-1,0.01,0.01,0.01,-1,-1,-1,-1,-1,-1,-1,-1,-1,-1,-1,-1,-1,-1,-1,-1,-1,-1,-1,-1,-1,-1,0,0.03,0.02,0.01,0.01,0.03,0,0.01,0,0.01,0,0.01,0,0.01,0,0,-1,-1,-1,-1,-1,-1,-1,-1,-1,-1,-1,-1,-1,-1,-1,-1,-1,0,-1,-1,-1,0,0,0,-1,-1,-1,0,-1,-1,-1,-1,-1,-1,-1,-1,-1,-1,-1,-1,-1,-1,-1,-1,-1,-1,-1,-1,-1,-1,-1,-1,-1,-1,-1,-1,-1,-1,-1,-1,-1,-1,0,0,0,0,0,0,0,-1,0,0,-1,-1,-1,-1,0,0,0,0,0,0,0,-1,-1,-1,-1,-1,-1,0,0,0,0,0,0,0,0,0,0,0,0,0,0,0,0,0,0,0,0,0,0,0,0,0,0,0,0,0,0,0,0,0,0,0,0,0,0,0,0,0,0,0,0,0
0,0,0.01,0,0,0,0.01,0,0,0,0,0,0.01,0.02,0,0.03,0,0.03,0,0.01,0,0.03,0.01,0,-1,0.01,0.05,0.02,-1,-1,-1,-1,-1,-1,-1,-1,-1,-1,-1,-1,-1,-1,-1,-1,-1,-1,-1,-1,-1,-1,0.02,0.02,0.03,0.01,0.03,0.02,0.02,0,0.01,0.02,0.01,0,0,0.03,0.01,0,-1,-1,-1,-1,-1,-1,-1,-1,-1,-1,-1,-1,-1,-1,-1,-1,-1,0,-1,-1,-1,0,0,0,-1,-1,-1,0,-1,-1,-1,-1,-1,-1,-1,-1,-1,-1,-1,-1,-1,-1,-1,-1,-1,-1,-1,-1,-1,-1,-1,-1,-1,-1,-1,-1,-1,-1,-1,-1,-1,-1,0,0,0,0,0,0,0,0,0,-1,-1,-1,-1,0,0,0,0,0,0,0,0,0,0,0,0,0,0,0,0,0,0,0,0,0,0,0,0,0,0,0,0,0,0,0,0,0,0,0,0,0,0,0,0,0,0,0,0,0,0,0,0,0,0,0,0,0,0,0,0,0,0,0
0,0.01,0,0,0.02,0,0.01,0,0,0,0.01,0.03,0,0.02,0,0,0,0,0.01,0,0.01,0,0,0.01,-1,0,0.02,0.01,-1,-1,-1,-1,-1,-1,-1,-1,-1,-1,-1,-1,-1,-1,-1,-1,-1,-1,-1,-1,-1,-1,0.04,0.01,0.02,0.01,-1,-1,0.02,0.01,0,0.01,0.01,0,0,0,-1,-1,-1,-1,-1,-1,-1,-1,-1,-1,-1,-1,-1,-1,-1,-1,-1,-1,-1,0,-1,-1,-1,0,0,0,-1,-1,-1,0,-1,-1,-1,-1,-1,-1,-1,-1,-1,-1,-1,-1,-1,-1,-1,-1,-1,-1,-1,-1,-1,-1,-1,-1,-1,-1,-1,-1,-1,-1,-1,-1,-1,-1,0,0,0,0,0,0,0,-1,-1,-1,-1,-1,-1,0,0,0,0,0,0,0,0,-1,-1,-1,-1,-1,-1,-1,-1,-1,0,0,0,0,0,0,0,0,0,0,0,0,0,0,0,0,0,0,0,0,0,0,0,0,0,0,0,0,0,0,0,-1,-1,-1,-1,-1,-1,-1,-1,-1,-1,-1
0,0,0,0,0.04,0.01,0.01,0.01,0,0.01,0.01,0,0.01,0,0,0,0.02,0,0.01,0,0.01,0.02,0.02,-1,-1,0,-1,0.01,-1,-1,-1,-1,-1,-1,-1,-1,-1,-1,-1,-1,-1,-1,-1,-1,-1,-1,-1,-1,-1,-1,0.01,0.03,0,0.02,-1,-1,0.02,0,0.01,0,0.02,0.02,0.01,0,-1,-1,-1,-1,-1,-1,-1,0,-1,0,0.01,0,0,0.01,0.01,0,-1,-1,-1,0,-1,-1,-1,0,0,0,-1,-1,-1,0,-1,-1,-1,-1,-1,-1,-1,-1,-1,-1,-1,-1,-1,-1,-1,-1,-1,-1,-1,-1,-1,-1,-1,-1,-1,-1,-1,-1,-1,-1,-1,-1,-1,-1,0,0,0,0,0,0,0,-1,0,-1,-1,-1,-1,0,0,0,0,0,0,-1,-1,-1,-1,-1,-1,-1,-1,-1,-1,-1,-1,-1,0,0,0,0,0,0,0,0,0,0,0,0,0,0,0,0,0,0,0,0,0,0,0,0,0,0,0,0,0,-1,-1,-1,-1,-1,-1,-1,-1,-1,-1,-1
0,0,0,0,0,0.01,0.02,0,0,0.03,0,0.02,0.02,0.01,0.01,0.03,0.02,0,0,0.01,0.01,0.02,0,-1,-1,0,-1,0.05,-1,-1,-1,-1,-1,-1,-1,-1,-1,-1,-1,-1,-1,-1,-1,-1,-1,-1,-1,-1,-1,-1,0.03,0,0.03,0.01,-1,-1,0.01,0.02,0.01,0.01,0.02,0.01,0.02,0,-1,-1,-1,-1,-1,-1,-1,0.01,-1,0,0,0,0,0,0,0,-1,-1,-1,0,0,0,0,0,0,0,-1,-1,-1,0,-1,-1,-1,-1,-1,-1,-1,-1,-1,-1,-1,-1,-1,-1,-1,-1,-1,-1,-1,-1,-1,-1,-1,-1,-1,-1,-1,-1,-1,-1,-1,-1,-1,-1,0,0,0,0,0,0,0,-1,0,-1,-1,-1,-1,0,0,0,0,0,0,-1,-1,-1,-1,-1,-1,-1,-1,-1,-1,-1,-1,-1,0,0,0,0,0,-1,0,0,0,0,0,0,0,0,0,0,0,0,0,0,0,0,0,0,0,0,0,0,0,-1,-1,-1,-1,-1,0,0,0,0,0,0
0,0.01,0,0,0,0,0,0.01,0.01,0,0,0.01,0.02,0.04,0.01,0,0,0.03,0,0.01,0.02,0.01,0.01,-1,-1,0.01,-1,0.03,-1,-1,-1,-1,-1,-1,-1,-1,-1,-1,-1,-1,-1,-1,-1,-1,-1,-1,-1,-1,-1,-1,0.07,0.03,0,0.03,0.02,-1,-1,-1,-1,-1,-1,0.01,0.01,0,-1,-1,-1,-1,-1,-1,-1,-1,-1,0,0.01,0,0,0,0,0,0,0,0,0,0,0,0,0,0,0,-1,-1,-1,0,-1,-1,-1,-1,-1,-1,-1,-1,-1,-1,-1,-1,-1,-1,-1,-1,-1,-1,-1,-1,-1,-1,-1,-1,-1,-1,-1,-1,-1,-1,-1,-1,-1,-1,0,0,0,0,0,0,0,-1,-1,0,0,-1,-1,-1,0,0,0,0,0,-1,-1,-1,-1,-1,-1,-1,-1,-1,-1,-1,-1,-1,0,0,0,0,0,0,0,0,0,0,0,0,0,0,0,0,0,0,0,0,0,0,0,0,0,0,0,0,0,0,0,0,0,0,0,0,0,0,0,0
0,0.01,0,0,0,0.01,0.02,0,0,0,0.02,0,0.01,0.01,0,0.03,0,0,0.01,0.02,0,0.03,0.01,-1,-1,0.05,0.02,0.02,0.02,0.06,0.03,0.03,0.09,-1,-1,-1,-1,-1,-1,-1,-1,0.07,0.05,0.03,0.06,0.04,0.05,0.02,0.07,0.05,0,0.01,0.02,0.02,0.02,-1,-1,-1,-1,-1,-1,0,0.01,0,-1,-1,-1,-1,-1,-1,-1,-1,-1,0,0,0,0,0,0,0.01,0,0,0,-1,0,0,0,0,0,0,0,0,-1,0,-1,-1,-1,-1,-1,-1,-1,-1,-1,-1,-1,-1,-1,-1,-1,-1,-1,-1,-1,0,0,0,0,-1,-1,-1,-1,-1,-1,-1,-1,0,0,0,0,0,0,0,0,0,0,-1,0,0,0,-1,0,0,0,0,0,0,0,-1,-1,-1,-1,-1,-1,-1,-1,-1,-1,-1,-1,-1,0,0,0,0,0,0,0,0,0,0,0,0,0,0,0,0,0,0,0,0,0,0,0,0,0,0,0,0,0,0,0,0,0,0,0,0,0,0,0,0
0,0.02,0,0,0.02,0,0,0.01,0,0,0,0,0,0.02,0.01,0.01,0.03,0.01,0.04,0.04,0.04,0.05,0.04,0.04,0.05,0.09,-1,0.03,0.02,0.03,0.01,0.06,0.05,-1,-1,-1,-1,-1,-1,-1,-1,0.06,0.05,0.04,0.07,0.05,0.06,0.03,0.03,0.07,0.04,0.03,0.04,0.02,0.02,0.03,-1,0.03,0.01,0,0.02,0.01,0.01,0,0.01,0,-1,-1,-1,-1,-1,-1,-1,0,0,0,0,0,0,0,0,0,0,-1,0,0,0,0,0,0,0,0,-1,0,0,0,0,0,0,-1,-1,-1,-1,-1,-1,-1,-1,-1,-1,-1,-1,-1,0,-1,-1,0,0,-1,-1,-1,-1,-1,-1,-1,-1,0,0,-1,0,0,0,0,0,0,0,-1,0,0,0,-1,-1,-1,0,0,0,0,0,-1,-1,-1,-1,-1,-1,-1,-1,-1,-1,-1,-1,-1,0,0,0,0,0,0,0,0,0,0,0,0,0,0,0,0,0,0,0,0,0,0,0,0,0,0,0,0,0,0,0,0,0,0,0,0,0,0,0,0
0,0,0,0,0.01,0.02,0.01,0,0,0,0.02,0.04,0.04,0,0.01,0.01,0.03,0,0.04,0.01,0.04,0.06,0.04,0.02,0.07,0.08,0.08,0.0900000000000001,0.1,0.09,0.12,0.11,0.08,0.05,0.02,0.05,0.05,0.06,0.05,0.06,0.11,0.05,0.09,0.14,0.04,0.08,0.06,0.04,0.06,0.01,0.03,0.06,0.05,0.03,0.01,0.02,-1,-1,-1,0,0,0.01,0.01,0,0,-1,-1,-1,-1,-1,-1,-1,-1,0,0,0,0,0,0,0,0,0,0,0,0,0,0,0,0,0,0,0,-1,-1,-1,-1,-1,-1,-1,-1,-1,-1,-1,-1,-1,-1,-1,-1,-1,-1,-1,-1,0,0,0,0,0,-1,-1,-1,-1,-1,-1,-1,-1,0,0,-1,0,0,0,0,0,0,0,0,-1,0,0,0,0,0,0,0,0,0,0,-1,-1,-1,-1,-1,-1,-1,-1,-1,-1,-1,-1,-1,0,0,0,0,0,0,0,0,0,0,0,0,0,0,0,0,0,0,0,0,0,0,0,0,0,0,0,0,-1,-1,-1,-1,-1,-1,-1,-1,-1,-1,-1,-1
0,0,0,0.01,0,0,0.03,0.04,0.04,0.03,0.01,0.05,0.02,0.02,0.04,0.03,0.03,0.08,0.02,0.03,0.02,0.01,0.08,0.06,0.04,-1,-1,-1,-1,-1,-1,-1,-1,-1,-1,-1,-1,-1,-1,-1,-1,0.1,0.05,0.06,0.1,0.06,0.06,0.02,0.06,0.06,0.07,-1,0.01,0.01,0.04,-1,-1,0.02,-1,-1,0.02,-1,-1,0.02,0,-1,-1,-1,-1,-1,-1,-1,-1,0,0,0,0,0,0,0.01,0,0,0,0,0,0,0,0,0,0,0,0,0,0,0,0,0,0,0,-1,-1,-1,-1,-1,-1,-1,-1,-1,-1,-1,-1,-1,0,0,0,0,0,0,0,0,0,0,0,0,0,0,0,-1,0,0,0,0,0,0,0,0,0,-1,-1,-1,0,0,0,0,0,0,0,0,0,0,0,0,0,0,0,0,0,0,0,0,0,0,-1,-1,-1,-1,-1,0,0,0,0,0,0,0,0,0,0,0,0,0,0,0,0,0,0,0,0,0,-1,-1,-1,-1,-1,-1,-1,-1,-1,-1,-1,-1
0,0,0,0.03,0.02,0.03,0.01,0.03,0.04,0.01,0.03,0.04,0.06,0.03,0.01,0.08,0.07,0.05,0.04,0.1,0,0.04,0.06,0.07,0.06,-1,-1,-1,-1,-1,-1,-1,-1,-1,-1,-1,-1,-1,-1,-1,-1,0.13,0.11,0.16,0.03,0.1,0.04,0.11,0.07,0.05,0.07,-1,0.02,0.02,0.01,-1,-1,0.01,-1,-1,0.03,-1,-1,0.01,0,0,0,0,0,0,0,0.01,0,0,0,0.01,0,0.01,0,0,0,0,0,0,0,0,0,0,0,0,0,0,0,0,0,0,0,0,0,-1,-1,-1,-1,-1,-1,-1,-1,-1,-1,-1,-1,-1,-1,-1,-1,-1,-1,-1,-1,-1,-1,-1,-1,-1,-1,-1,-1,-1,0,0,0,0,0,0,0,0,0,-1,-1,-1,0,0,0,0,0,0,0,0,0,0,0,0,0,0,0,0,0,0,0,0,0,0,-1,-1,-1,-1,-1,0,0,0,0,0,0,0,0,0,0,0,0,0,0,0,0,0,0,0,0,0,-1,-1,-1,0,0,0,0,0,0,0,0,0
0,0.03,0.02,0.01,0.02,0,0.06,0.01,0.06,0.04,0.07,0.03,0.03,0.05,0.04,0.04,0.01,0.04,0.04,0.04,0.02,0.08,0.06,0.08,0.03,-1,-1,-1,-1,-1,-1,-1,-1,-1,-1,-1,-1,-1,-1,-1,-1,0.17,0.17,0.1,-1,0.07,0.07,0.05,0.08,0.01,0.07,-1,0.05,0.04,0.03,-1,-1,0.01,-1,-1,0.01,-1,-1,0,0.01,0,-1,-1,-1,-1,-1,-1,-1,-1,-1,-1,-1,-1,-1,-1,-1,-1,0,0,0,0,0,0,0,0,-1,0,0,0,0,0,0,0,0,-1,-1,-1,-1,-1,-1,-1,-1,-1,-1,-1,-1,-1,-1,-1,-1,-1,-1,-1,-1,-1,-1,-1,-1,-1,-1,-1,-1,-1,0,0,0,0,0,0,0,0,0,0,0,0,0,0,0,0,0,0,0,0,0,0,0,0,0,0,0,0,0,0,0,0,0,0,0,0,0,0,0,0,0,0,0,0,0,0,0,0,0,0,0,0,0,0,0,0,0,0,0,0,0,0,0,0,0,0,0,0,0,0,0,0
0.02,0.04,0.05,0.01,0.04,0.04,0.07,0.04,0.01,0.05,0.06,0.05,0.02,0.06,0.03,0.05,0.03,0.05,0.01,0.01,0.07,0.05,0.1,0.08,0.09,-1,-1,-1,-1,-1,-1,-1,-1,-1,-1,-1,-1,-1,-1,-1,-1,0.3,0.28,0.26,0.16,0.12,0.06,0.12,0.04,0.04,0.04,-1,0.03,0.01,0.01,-1,-1,0.02,-1,-1,0.02,-1,-1,0,0.01,0.01,-1,-1,-1,-1,-1,-1,-1,-1,-1,-1,-1,-1,-1,-1,-1,-1,0,0,0,0,0,0,0,0,-1,0,0,0,0,0,0,0,0,-1,-1,-1,-1,-1,-1,-1,-1,-1,-1,-1,-1,-1,-1,-1,-1,-1,-1,-1,-1,-1,-1,-1,-1,-1,-1,-1,-1,-1,0,0,0,0,0,0,0,0,0,0,0,0,0,0,0,0,0,0,0,0,0,0,0,0,0,0,0,0,0,0,0,0,0,0,0,0,0,0,0,0,0,0,0,0,0,0,0,0,0,0,0,0,0,0,0,0,0,0,0,0,0,0,0,0,0,0,0,0,0,0,0,0
0.03,0.02,0.01,0.04,0.04,0.02,0.02,0.05,0.08,-1,0.01,0.07,-1,0.05,0.01,0.04,0.02,0.05,0.07,0.09,0.04,0.08,0.09,0.08,0.13,-1,-1,-1,-1,-1,-1,-1,-1,-1,-1,-1,-1,-1,-1,-1,-1,0.37,0.33,0.35,0.25,0.12,0.1,0.06,0.08,0.04,0.04,-1,0.04,0.02,0.01,-1,-1,0.01,-1,-1,0,-1,-1,0.01,0,-1,-1,-1,-1,-1,-1,-1,-1,-1,-1,-1,-1,-1,-1,-1,-1,-1,0,0,0,0,0,0,0,0,-1,0,0,0,0,0,0,0,0,-1,-1,-1,-1,-1,-1,-1,-1,-1,-1,-1,-1,-1,-1,-1,-1,-1,-1,-1,-1,-1,-1,-1,-1,-1,-1,-1,-1,-1,0,0,0,0,0,0,0,-1,-1,-1,-1,-1,-1,-1,-1,-1,-1,-1,-1,-1,-1,0,0,0,0,0,-1,-1,-1,-1,0,0,0,0,0,0,0,0,0,0,0,0,0,0,0,0,0,-1,-1,-1,0,0,0,0,0,0,0,0,0,0,0,0,0,0,0,0,0,0,0,0,0,0
0.01,0.02,0.01,0.03,0.07,0.03,0.02,0.01,0.03,-1,0.01,0.07,-1,0.04,0.06,0.03,0.02,0.01,0.06,0.02,0.04,0.03,0.06,0.07,0.07,0.07,-1,-1,0.11,0.13,0.11,0.18,0.22,0.23,0.29,0.37,0.41,0.53,0.5,-1,-1,0.57,0.47,0.42,0.35,0.21,0.22,0.08,0.15,0.05,0.04,-1,0.05,0.05,0.04,-1,-1,0.01,-1,-1,0.02,-1,-1,0,0,-1,-1,-1,-1,-1,-1,-1,-1,-1,-1,-1,-1,-1,-1,-1,-1,0.01,0,0,0,0,0,0,0,0,0,0,0,0,-1,-1,-1,0,0,-1,-1,-1,-1,-1,-1,-1,-1,-1,-1,-1,-1,-1,-1,0,0,0,0,0,0,0,0,0,0,0,0,0,-1,0,0,0,0,0,0,0,-1,-1,-1,-1,-1,-1,-1,-1,-1,-1,-1,-1,-1,-1,-1,-1,0,0,0,0,-1,-1,-1,-1,-1,-1,-1,-1,-1,-1,-1,-1,-1,-1,-1,-1,-1,-1,-1,-1,-1,-1,-1,-1,0,0,0,0,0,0,0,0,0,0,-1,-1,-1,-1,-1,-1,-1,-1,-1,-1,-1,-1
0.02,0.03,0.05,0.03,0.05,0.04,0.08,0.03,0.03,0.06,0.08,0.05,-1,0.03,0.04,0.03,0.03,0.04,0.05,0.07,0.02,0.08,0.07,0.12,0.07,0.13,-1,-1,0.1,0.15,0.15,0.23,0.16,0.23,0.31,0.33,0.44,0.54,0.66,-1,-1,0.65,0.58,0.35,0.37,0.27,0.13,0.19,0.18,0.07,0.09,-1,0.03,0.01,0.04,-1,-1,0.01,-1,-1,0.01,-1,-1,0.01,0,-1,-1,-1,-1,-1,-1,-1,-1,-1,-1,-1,-1,-1,-1,-1,-1,0.01,0,0,0,0,0,0,0,-1,-1,-1,0,0,-1,-1,-1,0,0,-1,-1,-1,-1,-1,-1,-1,-1,-1,-1,-1,-1,-1,-1,0,0,-1,-1,-1,-1,-1,-1,0,0,0,0,0,0,0,0,0,0,0,0,0,0,-1,-1,-1,-1,-1,-1,-1,-1,-1,-1,-1,-1,-1,-1,-1,0,0,0,0,-1,-1,-1,-1,-1,-1,-1,-1,-1,-1,-1,-1,-1,-1,-1,-1,-1,-1,-1,-1,-1,-1,-1,-1,0,0,0,0,0,0,0,0,0,0,-1,-1,-1,-1,-1,-1,-1,-1,-1,-1,-1,-1
0.02,0.06,0.04,0.04,0.06,0.03,0.04,0.07,0.02,0.06,0.01,0.07,-1,0.1,0.02,0.02,0.06,0.05,0.03,0.06,0.03,0.12,0.07,0.08,0.12,0.09,-1,-1,-1,0.16,0.2,0.18,0.27,0.26,0.35,0.51,0.52,0.46,0.78,-1,0.94,0.64,0.6,0.45,0.38,0.29,0.19,0.26,0.16,0.15,0.05,0.08,0.01,0.08,0.01,0.01,0.01,0.02,0.01,0.03,0,0.01,0,0.01,0,0,0,0.01,0,0,0.01,0,0,0,-1,-1,-1,-1,-1,-1,-1,0,0,0,0,0.01,0,0,0,-1,-1,-1,0.01,0,-1,-1,-1,0,0,-1,-1,-1,-1,-1,-1,-1,-1,-1,-1,-1,-1,-1,-1,0,0,0,0,0,0,0,0,0,0,-1,-1,-1,0,0,0,0,0,0,0,0,0,0,0,0,0,0,0,0,-1,-1,0,0,0,0,0,0,0,0,0,0,-1,-1,-1,-1,-1,-1,-1,-1,-1,-1,-1,-1,-1,-1,-1,-1,-1,-1,-1,-1,-1,-1,-1,-1,0,0,0,0,0,0,0,0,0,0,-1,-1,-1,-1,-1,-1,-1,0,0,0,0,0
0.02,0.03,0.06,0.04,0.06,0.03,0.03,0.03,0.03,0.04,0.04,0.02,0.01,0.07,0.03,0.02,0.03,0.04,0.06,0.04,0.05,0.06,0.07,0.1,0.14,0.14,-1,-1,-1,0.15,0.18,0.22,0.22,0.25,0.23,0.38,0.44,0.48,0.61,0.65,0.66,0.62,0.45,0.35,0.33,0.24,0.16,0.2,0.11,0.11,0.08,0.04,0.03,0.03,0.01,0.02,0.03,0.01,0.02,0,0.01,0,-1,0,0.01,0.01,0,0.01,0,0,0.01,0,0,0.01,0,0.01,0,0,0,-1,-1,0,0.01,0,0,0,0,0,0,-1,-1,-1,0,0,-1,-1,-1,0,0,0,0,0,0,0,0,0.01,0,0,0,0,0,0,0,0,0,0,0.01,0,0,0,0,0,0,-1,-1,-1,0,0,0,0,0,0,0,0,0,0,0,0,0,0,0,0,-1,-1,0,-1,0,0,0,0,0,0,0,0,-1,-1,-1,-1,0,0,0,0,0,0,0,-1,-1,-1,0,0,0,0,0,0,0,-1,-1,-1,0,0,0,0,0,0,0,0,0,0,0,0,0,0,0,0,0,0,0,0,0,0
0.02,0.01,0.04,0.03,0.03,0.04,0.04,0.08,0.07,0.04,0.04,0.08,0.05,0.03,0.04,0.05,0.03,0.02,0.1,0.04,0.07,0.07,0.07,0.04,0.12,0.07,-1,-1,-1,-1,-1,-1,-1,-1,-1,-1,-1,-1,-1,0.48,0.62,0.6,0.37,0.31,0.33,0.3,0.18,0.12,0.11,0.08,0.14,0.05,0.04,0,-1,-1,0.03,0.03,0.02,-1,-1,0,-1,0.01,0.01,0.03,0,0,0,0,0,0,0.01,0,0.01,0,0,0,0,0,0,0.01,0,0,0,0,0,0,0,-1,-1,-1,0,0,-1,-1,-1,0,-1,-1,-1,-1,-1,-1,-1,-1,-1,-1,-1,-1,-1,-1,-1,-1,-1,-1,-1,-1,-1,-1,-1,-1,-1,-1,-1,-1,-1,-1,0,0,0,0,0,0,0,0,0,0,0,0,0,0,-1,-1,0,0,0,0,0,0,0,0,0,0,-1,-1,-1,-1,0,0,0,0,0,0,0,-1,-1,-1,0,0,0,0,0,0,0,-1,-1,-1,0,0,0,0,0,0,0,0,0,0,0,0,0,0,0,0,0,0,0,0,0,0
0.04,0.02,0.03,0.06,0.04,0.02,0.03,0.03,0.05,0.02,0.02,0.07,0.08,0.07,0.02,0.02,0.05,0.05,0.02,0.07,0.09,0.02,0.07,0.1,0.09,0.12,-1,-1,-1,-1,-1,-1,-1,-1,-1,-1,-1,-1,-1,0.38,0.3,0.41,0.36,0.27,0.28,0.2,0.16,0.14,0.15,0.1,0.13,0.12,0.05,0.05,0,0,0.02,0,0.02,-1,-1,0,-1,0,0,-1,-1,-1,-1,-1,0.01,0,0.01,0.02,0,0.01,0,0,0,0,0.01,0,0,0,0,0,0,0,0,-1,-1,-1,0.01,0,-1,-1,-1,0,-1,-1,-1,-1,-1,-1,-1,-1,-1,-1,-1,-1,-1,-1,-1,-1,-1,-1,-1,-1,-1,-1,-1,-1,-1,-1,-1,-1,-1,-1,0,0,0,0,0,0,0,0,0,0,0,0,0,0,0,0,0,0,0,0,0,0,0,0,0,0,-1,-1,-1,-1,-1,-1,-1,-1,-1,-1,-1,-1,-1,-1,-1,-1,-1,-1,-1,-1,-1,-1,-1,-1,0,0,0,0,0,0,0,0,0,0,0,0,0,0,-1,-1,-1,-1,-1,0,0,0
0.03,0.06,0.01,0.04,0.05,0.04,0.09,0.09,0.03,-1,0.06,0.06,-1,0.05,0.03,0.04,0.03,0.06,0.08,0.05,0.04,0.04,0.1,0.05,0.07,0.04,-1,-1,-1,-1,-1,-1,-1,-1,-1,-1,-1,-1,-1,-1,0.25,0.29,0.27,0.23,0.25,0.22,0.21,0.12,0.14,0.08,0.11,0.1,0.07,0.07,0.02,0,0.02,0.01,0.01,-1,-1,0,-1,0.01,0,-1,-1,-1,-1,-1,0.01,0.01,0,0,0,0,0,0,0.01,0,0.01,0,0,0.01,0,0,0.01,0.01,0.01,-1,-1,-1,0.01,0,-1,-1,-1,0.01,-1,-1,-1,-1,-1,-1,-1,-1,-1,-1,-1,-1,-1,-1,-1,-1,-1,-1,-1,-1,-1,-1,-1,-1,-1,-1,-1,-1,-1,-1,0,0,0,0,0,0,0,0,0,0,0,0,0,0,0,0,0,0,0,0,0,0,0,0,0,0,-1,-1,-1,-1,-1,-1,-1,-1,-1,-1,-1,-1,-1,-1,-1,-1,-1,-1,-1,-1,-1,-1,-1,-1,0,0,0,0,0,0,0,-1,-1,0,0,0,-1,-1,-1,-1,-1,0,0,0,0,0
0.03,0.03,0.03,0.06,0.11,0.04,0.04,0.05,0.06,-1,0.04,0.04,-1,0.08,0.08,0.02,0.09,0.04,0.04,0.02,0.1,0.07,0.07,0.06,0.08,0.14,-1,-1,-1,-1,-1,-1,-1,-1,-1,-1,-1,-1,-1,-1,0.21,0.3,0.22,0.2,0.19,0.18,0.18,0.15,0.05,0.1,0.05,0.08,0.09,0.05,0.05,0.01,0.01,0.01,0.01,0.02,0.03,0,0,0,0,0,0,-1,-1,-1,-1,-1,-1,-1,-1,-1,-1,0.01,0,0.01,0,-1,-1,0,0.01,0,0,0,0,-1,-1,-1,0,0.01,-1,-1,-1,0,-1,-1,-1,-1,-1,-1,-1,-1,-1,-1,-1,-1,-1,-1,-1,-1,-1,-1,-1,-1,-1,-1,-1,-1,-1,-1,-1,-1,-1,-1,0,0,0,0,0,0,0,0,0,0,0,0,0,0,0,0,0,0,0,-1,-1,0,0,0,0,0,-1,-1,-1,-1,-1,-1,-1,-1,-1,-1,-1,-1,-1,-1,-1,-1,-1,-1,-1,-1,-1,-1,-1,-1,0,0,0,0,0,0,0,-1,-1,0,0,0,-1,-1,-1,-1,-1,0,0,0,0,0
0.04,0.06,0.07,-1,-1,0.02,-1,0.04,0.11,-1,0.07,0.07,-1,0.09,0.03,0.04,0.07,0.1,0.02,0.02,0.06,0.05,0.04,0.04,0.05,0.08,-1,-1,-1,-1,-1,-1,-1,-1,-1,-1,-1,-1,-1,-1,0.18,0.28,0.15,0.19,0.14,0.17,0.1,0.11,0.09,0.06,0.13,0.09,0.05,-1,0.07,-1,0,-1,-1,-1,-1,0,-1,-1,-1,-1,0,-1,-1,-1,-1,-1,-1,-1,-1,-1,-1,-1,-1,-1,-1,-1,-1,0,0,0.01,0.01,0,0,-1,-1,-1,0,0.01,-1,-1,-1,0,-1,-1,-1,-1,-1,-1,-1,-1,-1,-1,-1,-1,-1,-1,-1,-1,-1,-1,-1,-1,-1,-1,-1,-1,-1,-1,-1,-1,-1,-1,0,0,0,0,0,0,0,0,0,0,0,0,0,0,0,0,0,0,0,-1,-1,0,0,0,0,0,-1,-1,-1,-1,-1,-1,-1,-1,-1,0,0,0,0,-1,-1,-1,-1,-1,-1,-1,-1,-1,-1,-1,0,0,0,0,0,0,0,-1,-1,0,0,0,-1,-1,-1,-1,-1,0,0,0,0,0
0.01,0.02,0.06,0.04,0.05,0.05,-1,0.06,0.08,-1,0.02,0.03,0.08,0.06,0.04,0.05,0.03,0.05,0.09,0.06,0.01,0.0900000000000001,0.03,0.06,0.09,0.11,0.1,0.09,0.14,0.16,0.18,0.15,0.13,0.17,0.18,0.16,0.18,0.24,0.18,0.25,0.21,0.14,0.16,0.12,0.18,0.15,0.07,0.06,0.08,0.03,0.07,0.06,-1,-1,0.02,0.03,0.05,0.03,0.02,0.02,0.01,0.01,-1,-1,-1,-1,0.03,0,0.01,0.01,0,0,0.01,0,0.02,0.03,-1,-1,0,0,0.01,0.02,0,0,0,0,0.01,0,0.01,-1,-1,-1,0,0,-1,-1,-1,0.01,-1,-1,-1,-1,-1,-1,-1,-1,-1,-1,-1,-1,-1,-1,-1,-1,-1,-1,-1,-1,-1,-1,-1,-1,-1,-1,-1,-1,-1,-1,0,0,0,0,0,0,0,0,-1,-1,-1,-1,-1,-1,-1,-1,-1,-1,-1,-1,-1,-1,0,0,0,0,0,0,0,0,0,0,0,0,0,0,0,0,0,0,0,0,0,0,0,0,0,0,0,0,0,0,0,0,0,0,0,-1,-1,0,0,0,-1,-1,-1,-1,-1,0,-1,-1,-1,-1
0.02,0.06,0.09,0.03,0.01,0.02,0.02,0.03,-1,-1,-1,-1,-1,0.04,0.03,0.05,0.07,0.03,0.06,0.07,0.04,0.06,0.08,0.02,0.08,0.04,0.08,0.13,0.18,0.16,0.14,0.14,0.14,0.13,0.22,0.18,0.17,0.18,0.18,0.2,0.14,0.12,0.18,0.14,0.11,0.08,0.15,0.06,0.08,0.05,0.06,0.08,0.05,0.06,0.04,0.03,0.03,0.03,0.01,0.02,0.01,0.01,0.01,0.01,0.01,0.02,0,0.01,0,0,0.05,0.02,0.03,0,0.01,0.01,-1,-1,0.04,0,0,0,0,0,0,0,0.01,0,0,0,-1,-1,0.01,0,-1,-1,-1,0,-1,-1,-1,-1,-1,-1,-1,-1,-1,-1,-1,-1,-1,-1,-1,-1,-1,-1,-1,-1,-1,-1,-1,-1,-1,-1,-1,-1,-1,-1,0,0,0,0,0,0,0,0,-1,-1,-1,-1,-1,-1,-1,-1,-1,-1,-1,-1,-1,-1,0,-1,-1,-1,0,0,0,0,0,0,0,0,0,0,0,0,0,0,0,0,0,0,0,0,0,0,0,0,0,0,0,0,0,0,0,-1,-1,0,0,0,-1,-1,-1,-1,-1,0,-1,-1,-1,-1
0.05,0.06,0.11,0.02,0,0.03,0.04,0.04,0.01,0.02,0.01,0.03,0.02,0.07,0.05,0.03,0.04,0.06,0.05,0.02,0.05,0.05,0.09,0.06,0.07,0.12,0.08,-1,-1,0.09,0.09,0.09,0.12,0.15,0.07,0.14,0.17,0.15,0.11,0.16,0.14,0.13,0.12,0.1,0.14,-1,-1,-1,-1,-1,-1,-1,-1,0.05,0.05,-1,-1,-1,-1,-1,-1,-1,-1,-1,0,0.01,0,0,0,0.03,0.01,0,0.02,0.04,0.01,0.01,-1,-1,0.02,0,0,0,0,0,0,0,0,0,0,-1,-1,-1,0.02,0,-1,-1,-1,0,-1,-1,-1,-1,-1,-1,-1,-1,-1,-1,-1,-1,-1,-1,-1,-1,-1,-1,-1,-1,-1,-1,-1,-1,-1,-1,-1,-1,-1,-1,0,0,0.01,0,0,0,0,0,-1,-1,-1,-1,-1,-1,-1,-1,-1,-1,-1,-1,-1,-1,0,-1,-1,-1,0,0,0,0,0,0,0,0,0,0,0,0,0,0,0,0,0,0,0,0,0,0,0,0,0,0,0,0,0,0,0,-1,-1,0,0,0,-1,-1,-1,-1,-1,0,0,0,0,0
0.05,0.05,0.03,0.02,0.05,0.06,0.01,0.04,0.02,0.01,0.03,0.02,0.04,0.02,0.05,0.06,0.06,0.04,0.04,0.06,0.05,0.05,0.06,0.06,0.04,0.07,0.06,-1,-1,0.11,0.09,0.09,0.19,0.16,0.1,0.17,0.13,0.17,0.2,0.12,-1,0.11,0.1,0.11,-1,-1,-1,-1,-1,-1,-1,-1,-1,0.01,0.0400000000000001,-1,-1,-1,-1,-1,-1,-1,-1,-1,0.01,0.01,0.01,0,0.02,0.03,0.03,0.02,0,0,0,0,0.03,0,0.02,0,0.01,0,0,0,0,0,0.01,0.01,0,0,-1,0.01,0.01,0,-1,-1,-1,0.01,-1,-1,-1,-1,-1,-1,-1,-1,-1,-1,-1,-1,-1,-1,-1,-1,-1,-1,-1,-1,-1,-1,-1,-1,-1,-1,-1,-1,-1,-1,0,0.01,0,0,0,0,0,0,0,0,0,0,0,0,0,0,0,0,0,0,-1,-1,0,-1,-1,-1,0,0,0,0,0,0,0,0,0,0,0,0,0,0,0,0,0,0,0,0,0,0,0,0,0,0,0,0,0,0,0,-1,-1,0,0,0,-1,-1,-1,-1,-1,0,0,0,0,0
0,-1,0.03,0.03,0.05,0.05,0.03,0.01,0,0.01,0.02,0.05,0.02,0.04,0.03,0.07,0.06,0.06,0.05,0.08,0.08,0.11,0.03,0.1,0.06,0.07,0.05,-1,-1,0.14,0.11,0.11,0.15,0.16,0.14,0.11,0.14,0.09,0.17,0.12,0.06,0.02,0.06,0.11,-1,-1,-1,-1,-1,-1,-1,-1,-1,0.04,0,-1,-1,-1,-1,-1,-1,-1,-1,-1,0,0,0,0.03,0.01,0.01,0,0.03,0.02,0.06,0.02,0.01,0.02,0,0.01,0,0,0,0,0,0,0,0,0,0.01,0,0,0,0.01,0.01,-1,-1,-1,0,-1,-1,-1,-1,-1,-1,-1,-1,-1,-1,-1,-1,-1,-1,-1,-1,-1,-1,-1,-1,-1,-1,-1,-1,-1,-1,-1,-1,-1,-1,0,0,0,0,0,0,0,0,0,0,0,0,0,0,0,0,0,0,0,0,0,-1,0,-1,-1,-1,0,0,0,0,0,0,0,0,0,0,0,0,0,0,0,0,0,0,0,0,0,0,0,0,0,0,0,0,0,0,0,-1,-1,0,0,0,-1,-1,-1,-1,-1,0,0,0,0,0
-1,-1,0.04,0.05,0.04,0.04,-1,0.02,0.04,0.05,0.04,0.01,0.04,0.05,0.02,0.08,0.03,0.08,0.03,0.11,0.06,0.04,0.07,0.01,0.09,0.1,0.06,-1,-1,0.12,0.12,0.1,0.13,0.09,0.08,0.12,0.1,0.1,-1,0.11,0.1,0.04,0.07,0.04,-1,-1,-1,-1,-1,-1,-1,-1,0.04,0.06,0.03,-1,-1,-1,-1,-1,-1,-1,-1,-1,0.01,0,0.01,0.01,0.03,0.01,0.02,0.03,0.03,0.02,0.01,0.01,0,0,0.03,0,0,0,0,0,0,0,0,0.01,0,0.01,0.01,0.01,0,0,-1,-1,-1,0.01,-1,-1,-1,-1,-1,-1,-1,-1,-1,-1,-1,-1,-1,-1,-1,-1,-1,-1,-1,-1,-1,-1,-1,-1,-1,-1,-1,-1,-1,-1,0,0,0,0,0.01,0,0,0,0,0,0,0,0,0,0,0,0,0,0,0,0,-1,0,-1,-1,-1,0,0,0,0,0,0,0,0,0,0,0,0,0,0,0,0,0,0,0,0,0,0,0,0,0,0,0,0,0,0,0,-1,-1,0,0,0,-1,-1,-1,-1,-1,0,0,0,0,0
0.05,0.07,0.04,0.08,0.07,0.08,-1,0.02,0.03,0.04,0.08,0.03,0.05,0.06,0.05,0.02,0.04,0.07,0.05,0.11,0.07,0.1,0.13,0.06,0.02,0.07,0.0900000000000001,-1,-1,0.18,0.14,0.08,0.21,0.15,0.18,0.15,0.09,0.04,0.01,0.08,0.04,0.08,0.07,0.05,-1,-1,-1,-1,-1,-1,-1,-1,0.07,0.01,0.03,-1,-1,-1,-1,-1,-1,-1,-1,-1,0.01,0,0.01,0.03,0,0.01,0.02,0.05,0.03,0.01,0,0.01,0.02,0,0.02,0.01,0,0,0,0,0,0,0.01,0,0,-1,-1,-1,0.01,0.02,-1,-1,-1,0,-1,-1,-1,-1,-1,-1,-1,-1,-1,-1,-1,-1,-1,-1,-1,-1,-1,-1,-1,-1,-1,-1,-1,-1,-1,-1,-1,-1,-1,-1,0,0,0.01,0,0,0,0,0,0,0,0,0,0,0,0,0,0,0,0,0,-1,-1,-1,-1,-1,-1,0,0,0,0,0,0,0,0,0,0,0,0,0,0,0,0,0,0,0,0,0,0,0,0,0,0,0,0,0,0,0,-1,-1,0,0,0,-1,-1,-1,-1,-1,0,-1,-1,-1,-1
0,0.06,-1,-1,-1,-1,-1,0.02,0.02,0.04,0.02,0.06,0.04,0.06,0.03,0.08,0.08,0.05,0.07,0.07,0.05,0.06,0.08,0.13,0.1,0.08,0.04,-1,-1,0.11,0.12,0.1,0.09,0.14,0.08,0.03,0.08,0.12,0.11,0.06,0.07,0.01,0.08,0.06,-1,-1,-1,-1,-1,-1,-1,-1,-1,0.03,0.03,-1,-1,-1,-1,-1,-1,-1,-1,-1,0,0.01,0,0,0,0.01,0.02,-1,-1,-1,0.01,0.01,0,0.02,0.01,0,0,0,0,0,0,0,0.01,0.01,0,-1,-1,-1,0,0.03,-1,-1,-1,0,-1,-1,-1,-1,-1,-1,-1,-1,-1,-1,-1,-1,-1,-1,-1,-1,-1,-1,-1,-1,-1,-1,-1,-1,-1,-1,-1,-1,-1,-1,0,0.01,0,0,0,0,0,0,0,0,0,0,0,0,0,0,0,0,0,0,-1,-1,-1,-1,-1,-1,0,0,0,0,0,0,0,0,0,0,0,0,0,0,0,0,0,0,0,0,0,0,0,0,0,0,0,0,0,0,-1,-1,0,0,0,0,0,0,-1,-1,-1,0,-1,-1,-1,-1
0,0.04,0.0799999999999999,0.04,0.11,0.05,-1,0,0.06,0.04,0.06,0.05,0.08,0.07,0.08,0.09,0.07,0.02,0.07,0.02,0.09,0.11,0.07,0.09,0.04,0.09,0.08,-1,0.06,0.06,0.13,0.09,0.07,0.11,0.07,0.07,0.07,0.08,0.06,0.1,0.09,0.06,0.04,0.08,-1,-1,-1,-1,-1,-1,-1,-1,-1,0.01,0,-1,-1,-1,-1,-1,-1,-1,-1,-1,0.02,0.01,0.01,0,0,0.02,0,0,0,0.03,0.01,0.02,0,0.01,0.02,0.01,0,0.01,0,0,0,0,0,0,0.01,-1,-1,-1,0.01,0.01,-1,-1,-1,0.01,-1,-1,-1,-1,-1,-1,-1,-1,-1,-1,-1,-1,-1,-1,-1,-1,-1,-1,-1,-1,-1,-1,-1,-1,-1,-1,-1,-1,-1,-1,0.01,0,0.01,0,0.01,0,0,0,0,0,0,0,0,0,0,0,0,0,0,0,-1,-1,-1,-1,-1,-1,0,0,0,0,0,0,0,0,0,0,0,0,0,0,0,0,0,0,0,0,0,0,0,0,0,0,0,0,0,0,-1,-1,0,0,0,0,0,-1,-1,-1,-1,0,0,0,0,0
0,0,0.05,0.01,0.02,0.04,0.02,0.03,0.04,0.04,0.05,0.02,0.05,0.07,0.02,0.1,0.04,0.02,0.07,0.1,0.12,0.09,0.07,0.09,0.04,0.09,0.12,-1,0.14,0.08,0.1,0.09,0.1,0.1,0.08,0.09,0.07,0.05,0.07,0.05,0.04,0.04,0.05,0.06,-1,-1,-1,-1,-1,-1,-1,-1,-1,0.03,0.03,-1,-1,-1,-1,-1,-1,-1,-1,-1,0.02,0.01,0,0.01,0,0.01,0.01,0.02,0.01,0.02,0.01,0.01,0.01,0.02,0,0.01,0,0.01,0.03,0,0,0,0,0.03,0,-1,-1,-1,0,0,0,0,0,0.01,-1,-1,-1,-1,-1,-1,-1,-1,-1,-1,-1,-1,-1,-1,-1,-1,-1,-1,-1,-1,-1,-1,-1,-1,-1,-1,-1,-1,-1,-1,0,0,0,0,0,0,0,0,0,0,0,0,0,0,0,0,0,0,0,0,-1,-1,-1,-1,-1,-1,0,0,0,0,0,0,0,0,0,0,0,0,0,0,0,0,0,0,0,0,0,0,0,0,0,0,0,0,0,0,-1,-1,0,0,0,0,0,0,-1,-1,-1,0,0,0,0,0
0,0,0,0.04,0.03,0.03,0.03,0.03,0.04,0.06,0.03,0.02,0.05,0.07,0.03,0.08,0.08,0.09,0.15,0.12,0.06,0.16,0.12,0.05,0.14,0.09,0.15,-1,0.24,0.14,0.19,0.06,0.05,0.07,0.06,0.05,0.05,0.04,0.07,0.06,0.06,0.06,0.03,0.01,0.02,0.01,0.02,0.05,0,0.06,0.04,0.01,0.04,0.02,0.02,-1,-1,-1,-1,-1,-1,-1,-1,-1,0.02,0,0.01,0.03,0.01,0,-1,-1,-1,-1,-1,-1,-1,-1,-1,-1,-1,-1,-1,0,0,0.02,0,0,0,0.01,0,0,0,0,0.01,0,0,0.03,-1,-1,-1,-1,-1,-1,-1,-1,-1,-1,-1,-1,-1,-1,-1,-1,-1,-1,-1,-1,-1,-1,-1,-1,-1,-1,-1,-1,-1,-1,0,0,0.02,0.01,0,0,0,0,0,0,0,0,0,0,0,0,0,0,0,0,-1,-1,-1,-1,-1,-1,0,0,0,0,0,0,0,0,0,0,0,0,0,0,0,0,0,0,0,0,0,0,0,0,0,0,0,0,0,0,-1,-1,0,0,0,0,0,0,-1,-1,-1,0,0,0,0,0
0.01,0,0,0.02,0.02,0.02,0.04,0.03,0.04,0.02,0.02,0.04,0.04,0.05,0.07,0.05,0.1,0.08,0.13,0.11,0.1,0.11,0.15,0.13,0.08,0.15,-1,-1,0.16,0.16,0.11,0.04,0.08,0.06,0.06,0.05,0.12,0.04,0.03,0.04,0.05,0.03,0.04,0.01,0.02,0.05,0,0.03,0.01,0.03,0.01,0.04,0.02,0.02,0,-1,-1,-1,-1,-1,-1,-1,-1,-1,0,-1,-1,-1,0.01,0.01,-1,-1,-1,-1,-1,-1,-1,-1,-1,-1,-1,-1,-1,0.02,0,0,0.01,0,0,0.01,0.01,0.01,0,0,0,0,0,0,0.03,0.01,0.01,0,0.02,0.03,0,0,0.02,0.01,0.01,0.01,0.01,0,0.01,0,0,0,0.02,0,0,0.02,0.01,0,0,0.01,0,0,0,0,0,0.02,0,0,0,0,0,0,0,0,0,0,0,0,0,0,0,0,0,0,0,0,0,-1,-1,-1,0,0,0,0,0,0,0,0,0,0,0,0,0,0,0,0,0,0,0,0,0,0,0,0,0,0,0,0,0,0,-1,0,0,0,0,0,0,0,-1,-1,-1,0,0,0,0,0
-1,0,0,0,0.02,0.04,0.02,0.04,0.02,0.11,0.05,0.06,0.06,0.12,0.04,0.12,0.1,0.12,0.12,0.11,0.17,0.17,0.22,0.12,0.14,0.16,-1,-1,0.2,0.21,0.08,0.06,0.04,0.04,0.04,0.03,0.03,0.02,0.02,0.06,0.06,0.07,0.04,0.06,0.02,0.01,0.01,0.03,0.02,0,0,0.02,0.03,0,0,-1,-1,-1,-1,-1,-1,-1,-1,-1,0.04,-1,-1,-1,0.03,0.01,-1,-1,-1,-1,-1,-1,-1,-1,-1,-1,-1,-1,-1,0,0,0.01,0.01,0.01,0.02,0.01,-1,-1,0,0,0,0,0,0,0,0.04,0.01,0.02,0.01,0.02,0.01,0,0.01,0,0.05,0.02,0.01,0.01,0.01,0.01,0,0.01,0,0.01,0,0,0,0,0,0.01,0,0.01,0,0,0,0,0,0,0,0,0,0,0,0,0,0,0,0,0,0,0,0,0,0,0,0,0,-1,-1,-1,0,0,0,0,0,0,0,0,0,0,0,0,0,0,0,0,0,0,0,0,0,0,0,0,0,0,0,0,0,0,-1,0,0,-1,-1,-1,-1,0,-1,-1,-1,-1,0,0,0,0
0,0,0,0,0,0.06,0.04,0.03,0.04,0.1,0.07,0.04,0.05,0.12,0.17,0.12,0.15,0.11,0.09,0.11,0.18,0.16,0.18,0.21,0.22,0.13,-1,-1,0.15,0.12,0.05,0.06,0.04,0.07,0.03,0.05,0.03,0.02,0.06,0.04,0.03,0.04,0.01,0.03,0.04,0.01,0.03,0.04,0.02,0.01,0.05,0,0.04,0.01,0.01,0,0.01,0.02,0,0.01,0.04,0.07,0.06,0,0.03,-1,-1,-1,0.01,0.02,0.02,0,0.02,0.01,0.01,0.01,0,0,0,0.02,-1,-1,-1,0,0,0.01,0.01,0,0.02,0,-1,-1,0,0,0,0,0,0,0,0.01,0.07,0.02,0.02,0.01,0.01,0.02,0.02,0.03,0.01,0.03,0.01,0.01,0.02,0.01,0.01,0,0.01,0.01,0,0.01,0,0,0.01,0,0,0,0.01,0,0,0,0,0,0,0,0,0,0,0,0,0,0,0,0,0,0,0,0,0,0,0,0,0,0,0,0,0,0,0,0,0,0,0,0,0,0,0,0,0,0,0,0,0,0,0,0,0,0,0,0,0,0,0,0,0,-1,0,-1,0,0,-1,-1,0,0,0,-1,-1,0,-1,0,0
0,0,0,0,0.01,0,0.04,0.07,0.1,0.05,0.1,0.1,0.13,0.07,0.13,0.21,0.22,0.2,0.23,0.26,0.27,0.28,0.25,0.18,0.22,0.26,0.23,0.19,0.16,0.11,0.11,0.06,0.04,0.1,0.04,0.08,0.03,0.08,0.03,0.04,0.04,0.04,0.01,0.03,0.03,0.02,0.05,0.02,0.02,0.02,0.03,0.04,0,0.05,0.01,0.01,0.01,0.01,0.01,0.01,0.04,0.08,0.08,0,0.01,-1,-1,-1,-1,0,0,0.01,0.01,0.01,0.01,0,0.01,0.01,0,0.01,-1,-1,-1,0,0,0,0,0,0,0.02,-1,-1,0.02,0,0,0,0,0,0,-1,-1,-1,-1,-1,-1,-1,-1,-1,-1,-1,-1,-1,-1,-1,-1,-1,-1,0.01,0.02,0.01,0.02,0,0,0,0,0,0,0,0,0,0,0,0,0,0,0,0,0,0.01,0,0,0,0,0,0,0,0,0,0,0,0,0,0,0,0,0,-1,-1,0,0,0,0,0,0,0,0,0,0,0,0,0,0,0,0,0,0,0,0,0,0,0,0,0,0,0,0,-1,0,0,0,0,0,0,0,0,0,0,0,0,0
0,0,0,0,0.01,0.03,0,0.02,0.03,0.09,0.05,0.09,0.13,0.18,0.13,0.13,0.19,0.3,0.31,0.27,0.3,0.29,0.33,0.3,0.35,0.27,0.26,0.17,0.13,0.11,0.14,0.08,0.14,0.05,0.06,0.07,0.07,0.03,0.03,0.01,0.05,0.01,0.02,0.02,0.03,0.04,0.02,0.03,0.04,0.07,0.04,0.03,0.03,0.02,0.03,0.02,0,0.01,0.01,0.02,0.06,0.06,0.08,0,0.05,-1,-1,-1,-1,0.01,0.01,0,0.02,0.01,0.01,0,0,0,0,0.02,-1,-1,-1,0,0,0,0.02,0,0,0.04,0.03,0.01,0.03,0,0,0,0,0,0,0.02,-1,-1,-1,-1,-1,-1,-1,-1,-1,-1,-1,-1,-1,-1,-1,-1,-1,0,0,0.01,0.04,0,0.01,0.01,0.01,0,0,0,0,0,0,0,0,0,0,-1,0,0,0,0.01,0,0,0,0,0,0,0,0,0,0,0,0,0,0,0,0,-1,-1,0,0,0,0,0,0,0,0,0,0,0,0,0,0,0,0,0,0,0,0,0,0,0,0,0,0,0,0,0,0,0,0,0,0,0,0,0,0,0,0,0,0
0,0,0,0,0,0.01,0,0,0.05,0.06,0.07,0.09,0.08,0.19,0.16,0.31,0.19,0.42,0.28,0.46,0.44,0.43,0.5,0.43,0.29,0.27,0.27,0.17,0.14,0.13,0.08,0.1,0.05,0.03,0.09,0.05,0.04,0.07,0.03,0.03,0.03,0.03,0.05,0.01,-1,-1,0.01,0.04,0.04,0.04,0.03,0.02,0.02,0.01,0,0,0.01,0.03,0,0.06,0.02,0.05,0.03,0.08,0.03,-1,-1,-1,-1,0.02,0,0,0,0,0.02,0,0.01,0,0,0.01,-1,-1,-1,0,0,0,0,0.01,0.02,0.01,0.02,0.04,0.01,0.01,0,0,0,0,0,0.02,-1,-1,-1,-1,-1,-1,-1,-1,-1,-1,-1,-1,-1,-1,-1,-1,-1,0,0,0,0.01,0,0.01,0.02,0,0,0,0,0,0,0,0,0,0,0,-1,0,0,0,0,0,0,0,0,0,0,0,0,0,0,0,0,0,0,0,0,0,0,0,0,0,0,0,0,0,0,0,0,0,0,0,0,0,0,0,0,0,0,0,0,0,0,0,0,0,0,0,0,0,0,0,0,0,0,0,0,0,0,0,0
0,0,0.01,0,0,0,0,0,0.01,0.07,0.06,0.07,0.18,0.21,0.16,0.27,0.29,0.44,0.55,0.57,0.6,0.66,0.64,0.59,0.42,0.35,0.25,0.16,0.19,0.15,0.11,0.06,0.05,0.08,0.02,0.08,0.05,0.07,0.06,0.04,0.05,0.05,0.05,0.02,0,0.1,0.03,0.04,0.04,0.03,-1,-1,0.02,0.02,0.02,-1,0.03,0.01,0,-1,-1,-1,-1,0.01,0.01,-1,-1,-1,-1,0.03,0.02,0,0,0,0,0,0.01,0.01,0,0,-1,-1,-1,0,0,0,0,0,0.01,-1,-1,-1,0.02,0,0.01,0.01,0,0.01,0.02,0.12,0.06,0.15,0.07,0.09,0.08,0.04,0.05,0.01,0.06,-1,-1,-1,-1,-1,-1,-1,-1,0.04,0.05,0,-1,0,0,0,0,0,0,0,0,0,0,0,0,0,0,-1,-1,-1,-1,0,0.01,0,0,0,0,0,0,0,0,0,0,0,0,0,0,0,0,0,0,0,0,0,0,0,0,0,0,0,0,0,0,0,0,0,0,0,0,0,0,0,0,0,0,0,0,0,0,0,0,0,0,0,0,0.01,0,0,0,0,0,0
0,0,0,0,0.01,0,0.01,0,0.01,0.02,0.14,0.08,0.14,0.14,0.2,0.37,0.46,0.47,0.57,0.7,0.78,0.8,0.82,0.65,0.55,0.39,0.29,0.31,0.2,0.09,0.1,0.08,0.04,0.08,0.07,0.15,-1,-1,-1,-1,0.04,0.03,0.08,0.04,-1,-1,-1,-1,-1,-1,-1,-1,-1,-1,-1,-1,-1,-1,-1,-1,-1,-1,-1,0.07,0.01,-1,-1,-1,-1,0.04,0,-1,0,0.01,0.02,0,0.01,0,0.01,0,-1,-1,-1,0,0,0,0,0,0,0.03,0.01,0.06,0.02,0.01,0.04,0.02,0.01,0.04,0.03,-1,-1,-1,-1,-1,-1,-1,0.07,0.04,0.06,0.07,0.06,0.09,0.04,-1,-1,-1,-1,0.03,0.05,0.01,0.05,0,0.03,0,0,0,0,0,0,0,0,0,0,0.01,0.01,0,0,-1,-1,0.01,0.01,0,0,0,0,0,0,0,0,0,0,0,0,0,0,0,0,0,0,0,0,0,0,0,0,0,0,0,0,0,0,0,0,0,0,0,0,0,0,0,0,0,0,0,0,0,0,0,0,0,0.01,0.01,0.01,0,0,0,0.01,0.02,0.01,0.01
0,0,0,0,0.02,0,0,0.02,0,0.01,0.02,0.14,0.0900000000000001,0.14,0.31,0.31,0.39,0.63,0.68,0.86,0.97,0.98,0.91,0.79,0.64,0.37,0.32,0.27,0.17,0.16,0.13,0.15,0.07,0.08,0.04,0.06,0.06,0.08,0.01,0.03,0.02,0.03,0.02,0.02,0.04,-1,-1,-1,-1,0.02,0,0.01,0.03,0.02,0,0,0.02,0.01,0.03,0.04,0.02,-1,-1,0.03,0.01,0.01,0.01,0.01,0,0,0,0,0,0,0,0,-1,-1,0.01,0,0,0,0,0,0,0,0,0,0,0,0.02,0.01,0.01,0.02,0.05,0.04,0.04,0.03,0.08,0.08,0.03,0.07,0.02,0.06,0.04,0.06,0.03,0.01,0.05,0,0.01,0.02,0,0.03,0.02,0.02,0.02,0.01,0.02,0.01,0.01,0.01,0.01,0.01,0,0,0,0.01,0,0,0,0,0,0,0,0,0.01,0,0,0,0,0,0,0,0,0,0,0,0,0,0,0,0,0,0,0,0,0,0,0,0,0,0,0,0,0,0,0,0,0,0,0,0,0,0,0,0,0,0,0,0,0,0,0,0,0,0.01,0.01,0,0,0,0,0,0,0,0.01,0,0.01,0.02,0.01
0,0.01,0,0,0,0.01,0.01,0.02,0,0.01,0.01,0.01,0.16,0.25,0.27,0.32,0.44,0.51,0.69,0.869999999999999,0.99,1,0.94,0.83,0.61,0.5,0.32,0.27,0.23,0.11,0.08,0.06,0.05,0.05,0.05,0.02,0.03,0.02,0.03,0.02,0.02,0.01,0,0.02,0,-1,-1,0.03,0.02,0.01,0.01,0.03,0,0.01,0.02,0.02,0.01,0,0.04,0.02,0.03,0.06,0.03,0.03,0.03,-1,0,0,0,0,0,0,0,0,0,0,0,0,0,0,0,0,0,0,0,0,0,0,0,0.02,0.01,0.02,0.04,0.04,0.03,0.06,0.03,0.07,0.1,0.07,0.12,0.06,0.04,0.05,0.08,0.06,0.02,0.04,0.06,0.03,0.01,0.02,0.02,0.01,0.03,0.02,0.02,0,0,0.01,0,0,0.02,0.03,0,0,0,0.03,0.03,0.02,0.01,0,0,0,0,0.01,0,0,0,0,0,0,0,0,0,0,0,0,0,0,0,0,0,0,0,0,0,0,0,0,0,0,0,0,0,0,0,0,0,0,0,0,0,0,0,0,0,0,0.02,0,0,0,0,0.01,0,0,0,0.01,0,0,0.01,0.01,0,0,0,0,0,0.01,0,0
0,0,0,0,0,0,0,0.03,0,0.01,0,0.02,0.01,0.06,0.28,0.31,0.34,0.48,0.65,0.77,0.88,0.92,0.76,0.73,0.57,0.47,0.31,0.23,0.19,0.17,0.09,0.09,0.08,0.05,0.03,0.05,0.04,0.04,0.04,0.06,0.02,0,0.02,0.04,0,0.04,0.03,0.03,0,0.01,0.01,0,0.02,0,0,0.01,0.01,0,0.04,0.06,0.02,0.06,0.01,0.01,0.02,0,0,0,0,0,0,0,0,0,0,0,0,0,0,0,0,0,0,0,0,0,0.01,0.01,0.01,0.04,0.04,0.05,0.04,0.05,0.05,0.05,0.08,0.1,0.11,0.17,0.19,0.13,0.07,0.12,0.07,0.03,0.06,0.03,0.02,0.05,0.01,0.04,0,0.01,0.03,0.02,0.02,0,0.04,0.03,0.07,0.05,0.03,0.05,0,0,0,0.03,0,0.01,0.01,0.01,0,0,0,0,0,0,0,0,0,0,0,0,0,0,0,0,0,0,0,0,0,0,0,0,0,0,0,0,0,0,0,0,0,0,0,0,0,0,0,0,0,0,0,0,0.01,0,0,0,0,0.01,0,0,0.01,0.01,0,0.01,0,0.01,0,0,0,0,0.02,0,0,0.01,0.02,0.01
0,0,0.01,0,0.01,0,0,0,0.01,0.03,0,0.01,0.01,0.07,0.03,0.28,0.32,0.44,0.51,0.65,0.7,0.74,0.64,0.59,0.44,0.41,0.35,0.18,0.13,0.14,0.07,0.05,0.07,0.07,0.01,0.01,0.05,0.04,0.03,0.02,0.06,0.04,0.03,0,0.01,0.01,0.01,0.01,0.01,0.01,0.02,0.01,0,0,0,0.01,0.01,0,0.03,0.02,0,0,0.01,0.03,0,0,0,0,0,0,0,0,0,0,0,0,0,0,0,0,0,0,0,0,0,0,0,0.01,0.03,0.02,0.02,0.06,0.03,0.09,0.09,0.09,0.08,0.24,0.17,0.26,0.13,0.14,0.11,0.18,0.1,0.05,0.0900000000000001,0.02,0.02,0.05,0.04,0.01,0.04,0.02,0.07,0.02,0.06,0.06,0.03,0.02,0.03,0.05,0.03,0.03,0.04,0.03,0.03,0.02,0.01,0.04,0.01,0.02,0.01,0.03,0.01,0,0,0,0,0,0,0,0,0,0,0,0,0,0,0,0,0,0,0,0,0,0,0,0,0,0,0,0,0,-1,-1,0,0,0,0,0,0,0.01,0,0,0,0,0,0,0,0,0,0,0.01,-1,-1,-1,-1,-1,0,0.01,0,0,-1,-1,0,0.01,0,0,0
0,0,0,0,0,0,0,0.01,0.01,0.01,0.01,0.02,0.01,0.02,0.04,0.04,0.08,0.34,0.42,0.48,0.56,0.49,0.45,0.48,0.34,0.26,0.33,0.17,0.19,0.11,0.08,0.04,0.02,0.05,0.02,0.01,0.02,0.04,0,0.04,0.01,0.02,0.01,0.01,0.03,0.01,0,0.01,0.04,0.01,0.02,0,0,0,0,0,0.01,0,0.01,0,0.01,0.02,0.01,0,0,0,0,0,0,0,0,0,0,0,0,0,0,0,0,0,0,0,0,0,0,0,0.02,0.01,0.02,0.02,0.04,0.01,0.09,0.09,0.12,0.2,0.16,0.18,0.23,0.32,0.24,0.27,0.2,0.21,0.17,0.21,0.17,0.08,0.12,0.06,0.07,0.08,0.07,0.08,0.02,0.05,0.12,0.04,0.03,0.05,0.01,0.04,0.03,0.01,0.03,0.03,0.01,0.01,0,0.03,0.01,0,0,0.01,0.01,0.02,0,0,0.01,0,0,0,0,0,0,0,0,0,0,0,0,0,0,0,0,0,0,0,0,0,0,0,0,0,0,0,0,0,0,0,0,0,0,0,0.01,0,0,0,0,0,0,0.02,0,0.01,-1,-1,-1,-1,0,0,0.01,0,0,0.03,0,0,0,0.01,0.01,0
0,0,0,0,0.01,0.01,0,0.01,0,0.02,0.02,0.01,0,0.03,0.02,0.06,0.06,0.04,0.1,0.34,0.4,0.3,0.41,0.23,0.29,0.28,0.23,0.16,0.1,0.09,0.07,0.06,0.06,0.04,0.02,0.04,0.03,0.01,0.01,0.01,0.02,0.02,0,0,0.01,0,0,0,0.01,0.01,0.01,0.01,0,0,0,0.01,0.01,0.04,0.01,0.01,0.05,0,0,0,0,0,0,0,0,0,0,0,0,0,0,0,0,0,0,0,0,0,0.02,0.02,0,0,0.01,0.03,0.02,0,0.03,0.12,0.06,0.17,0.14,0.24,0.31,0.35,0.4,0.44,0.42,0.3,0.33,0.24,0.23,0.18,0.12,0.14,0.08,0.06,-1,-1,-1,-1,-1,-1,0.04,0.06,0.02,0.01,0.03,0.03,0.03,0.01,0,0.03,0,0.04,0.04,0.03,0.01,0.02,0,0.02,0,0.03,0.02,0,0,0,0,0,0,0,0,0,0,0,0,0,0,0,0,0,0,0,0,0,0,0,0,0,0,0,0,0,0,0,0,0,0.01,0,0,0,0,0,0,0.02,0,0.01,0.01,0,0.01,0.01,0.02,0,0,0,0.04,0,0.02,0,0,0,0.01,0,0,0,0.02,0
0,0,0,0,0,0,0,0.01,0,0,0.01,0.01,0.01,0,0.06,0.03,0.06,0.03,0.09,0.15,0.07,0.17,0.22,0.24,0.19,0.16,0.12,0.09,0.12,0.06,0.05,0.03,0.05,0.02,0.03,0,0,0.01,0.02,0,0.01,0,0.01,0,0.01,0,0,0,0.02,0,0.03,0.01,0,0.01,0,0,0,0,0.01,0,0,0,0,0,0,0,0,0,0,0,0,0,0,0,0,0,0,0,0,0,0,0.02,0,0,0.01,0,0.03,0.02,0.05,0.03,0.03,0.06,0.1,0.2,0.36,0.28,-1,0.41,0.59,-1,-1,-1,-1,-1,-1,0.21,0.19,0.17,0.07,0.06,-1,-1,-1,-1,-1,-1,0.05,0.04,0.06,0.03,0.05,-1,-1,-1,0.03,0.01,0.02,0.02,0.02,0.02,0.01,0.01,0,0.02,0.01,0.01,0.02,0,0,0,0,0,0,0,0,0,0,0,0,0,0,0,0,0,0,0,0,0,0,0,0,0,0,0,0,0,0,0,0,0,0.01,0,0.01,0,0.01,0,0.02,0,0.02,0,0,0.01,0,0.03,0.01,-1,-1,-1,-1,-1,0.01,0,0.01,0.01,0,0.01,0,0,0,0.01
0,0,0,0,0,0,0,0.02,0.01,0,0.02,0.01,0.01,0,0.04,0.02,0.07,0.01,0.04,0.07,0.06,0.1,0.08,0.06,0.11,0.08,0.14,0.07,0.1,0.02,0.04,0.03,0.06,0.04,0.01,0.02,0.02,0.01,0.02,0,0.02,-1,-1,-1,-1,-1,-1,-1,-1,-1,0.03,0.01,-1,-1,-1,-1,-1,-1,-1,0,0.02,0,-1,-1,0,0,-1,0,0,0,0,0,0,0,0,0,0,0,0,0,0,0,0,0,0,0.02,0.03,0.02,0.02,0.03,0.05,0.07,0.11,0.22,0.22,0.33,-1,0.52,0.73,-1,-1,-1,-1,-1,-1,0.21,0.21,0.18,0.02,0.16,-1,-1,-1,-1,-1,-1,0.03,0.02,0.06,0.04,0.03,-1,-1,-1,0.02,0.01,0.1,0.01,-1,0.01,0.01,0.03,0.02,0.03,0,0.02,0.02,0.02,0.01,0,0,0,0,0,0,0,0,0,0,0,0,0,0,0,0,0,0,0,0,0,0,0,0,0,0,0,0,0,0.01,0.01,0,0,0,0.01,0,0,0.01,0.01,0,0,0,0.01,0,0,0.01,-1,-1,-1,-1,-1,-1,0,0,0,0.01,0,0.02,0.02,0.01,0
0,0.01,0,0.02,0,0,0,0,0.01,0,0,0.01,0.01,0,0.02,0.02,0,0.02,0.02,0.05,0.01,0.01,0.03,0,0.02,0.02,0.05,0.12,0.09,0.03,0.03,0.08,0.11,0.09,0.02,0.03,0.02,0.02,0.02,0.02,0.03,0.03,0.02,0.06,0.01,0.05,0.04,0.02,0.01,0.02,0.03,0.03,-1,-1,-1,-1,-1,-1,-1,0.02,0.02,0.01,-1,-1,0,0,0,-1,-1,0,0,0,0,0,0,0,0,0,0.01,0,0,0,0.03,0.01,0.02,0.03,0.01,0.02,0.01,0.03,0.07,0.04,0.11,0.21,0.26,0.34,-1,0.56,0.83,-1,-1,-1,-1,-1,-1,0.22,0.3,0.12,0.07,0.07,-1,-1,-1,-1,-1,-1,0.1,0.1,0.05,0.04,0.02,-1,-1,-1,0.03,0.03,0.01,0.05,0.04,0.02,0.02,0.01,0.02,0.05,0.02,0,0.02,0.01,0.01,0.01,0.01,0,0,0,0,0,0,0,0,0,0,0,0,0,0,0,0,0,0,0,0,0,0,0,0,0,0,0,0,0.01,0,0,0,0,0,0,0,0,0,0,0.01,0.01,0,0.01,0,-1,-1,-1,-1,-1,-1,0,0.01,0,0,0.01,0,0.02,0.02,0
0,0,0,0,0,0,0.01,0,0.01,0,0.01,0.01,0.01,0,0,0.01,0,0.02,0.06,0,0.03,0.02,0.03,0,0.02,0.02,0.03,0,0.02,0,0,0.07,-1,0.08,0.02,0.03,0,0.01,0.02,0.01,-1,-1,-1,-1,-1,-1,-1,-1,-1,-1,-1,0,0.01,0,0,0,-1,-1,-1,0.01,0,0.01,0.03,0,0.01,0,0.01,-1,-1,0,0,0,0,0,0,0,0,0,0,0.01,0.01,0.01,0.01,0,0.02,0,0.05,0.02,0.03,0.04,0.05,0.09,0.13,0.28,0.28,0.36,-1,0.5,0.67,-1,-1,-1,-1,-1,-1,0.26,0.17,0.15,0.11,0.08,0.09,0.03,0.07,0.08,0.05,0.1,0.04,0.04,0.01,0.05,0.07,-1,-1,-1,0.06,0.06,0.06,-1,-1,0.02,0,0.05,0,0.01,0.01,0,0.01,0.02,0,0.02,0,0.01,0,0,0,0,0,0,0,0,0,0,0,0,0,0,0,0,0,0,0,0,0,0,0,0,0,0,0,0,0,0,0,0,0,0,0.02,0,0,0.01,0,0,0,0,0.01,-1,-1,-1,-1,-1,-1,0.01,0,0.02,0.01,0.03,0,0.01,0.01,0.02
0.01,0,0,0.01,0,0,0,0,0,0,0,0,0.02,0.01,0.01,0.01,0.01,0,0.01,0,0.01,0,0.02,0.02,0.02,0.01,0.01,0.03,0,0,0.01,0.01,0.03,0.04,0.02,-1,-1,-1,-1,-1,-1,-1,-1,-1,-1,-1,-1,-1,-1,-1,-1,0.01,0,0,0.01,0,0,0.02,0.02,0,0,0,0,0,0,0,0.01,0.01,0,0,0,0,0,0,0,0,0,0,0,0,0.02,0.01,0.02,0.01,0,0.01,0.05,0.01,0.06,0.02,0.02,0.09,0.13,0.19,0.16,0.23,0.33,0.46,0.53,0.51,-1,-1,-1,-1,-1,0.25,0.17,0.21,0.11,0.06,0.06,0.03,0.02,0.03,0.06,0.03,0.03,0.02,0.02,0.01,0,-1,-1,-1,0.03,0.04,0.02,0.02,-1,0,0.01,0,0.02,0,0.03,0.04,0.01,0,0,0,0.01,0,0,0,0,0,0,0,0,0,0,0,0,0,0,0,0,0,0,0,0,0,0,0,0,0,0,0,0,0.01,0,0.01,0,0.01,0,0,0.01,0,0,0.01,0.01,0.02,0.02,-1,-1,-1,-1,-1,-1,-1,-1,0.01,0.02,0.01,0.02,0,0.03,0,0.02,0.01
0,0,0,0,0,0,0,0,0,0,0.01,0.01,0,0,0,0,0.01,0,0,0.02,0,0,0.01,0.01,0.01,0,0,0.01,0.01,0.01,0.01,0,0,0,-1,-1,-1,-1,-1,-1,-1,-1,-1,-1,-1,-1,-1,-1,-1,-1,-1,0,0,0,0,0,0,0.01,0,-1,0.02,0,0,0,0,0,-1,0,-1,-1,-1,-1,-1,-1,0,0,0.01,-1,-1,-1,-1,-1,-1,-1,-1,-1,-1,-1,-1,-1,-1,-1,-1,-1,-1,-1,-1,-1,-1,0.37,-1,-1,-1,-1,-1,0.22,0.17,-1,-1,-1,-1,-1,-1,-1,-1,-1,-1,-1,-1,-1,-1,-1,-1,-1,0.07,0.05,0.01,0,0.06,0.02,0.03,0.01,0.02,0.01,0.02,0,0.02,0.02,0,0.03,0.01,0.01,0,0,0,0,0,0,0,0,0,0,0,0,0,0,0,0,0,0,0,0,0,0,0,0,0,0,0,0,0.02,0,0,0.01,0.03,0,0,0,0,0,0.01,0.01,0,-1,-1,-1,-1,-1,-1,-1,-1,0,0,0.01,0.01,0,0.01,0.03,0.01,0.01
0,0,0,0,0,0,0.01,0,0.01,0,0,0,0.01,0.02,0,0,0.02,0,0.01,0.01,0,0,0,0,0,0,0,0,0,0,0.01,0,0,0,-1,-1,-1,-1,-1,-1,-1,-1,-1,-1,-1,-1,-1,-1,-1,-1,-1,0,0,0,0,0,0,0,0.01,0.02,0.01,0,0,0,0,0,-1,0.01,-1,-1,-1,-1,-1,-1,0,0,0.03,-1,-1,-1,-1,-1,-1,-1,-1,-1,-1,-1,-1,-1,-1,-1,-1,-1,-1,-1,-1,-1,-1,0.26,-1,-1,-1,-1,-1,0.14,0.16,-1,-1,-1,-1,-1,-1,-1,-1,-1,-1,-1,-1,-1,-1,-1,-1,-1,0.02,0.01,0.05,0.04,0.02,0.03,0.03,0.02,0.02,0.02,0.02,0.02,0,0.04,0.01,0.01,0.01,0,0,0,0,0,0,0,0,0,0,0,0,0,0,0,0,0,0,0,0,0,0,0,0,0,0,0,0,0,0,0.01,0,0,0.01,0.01,0.01,0,0,0.01,0.01,0.01,0,0,0,-1,-1,-1,-1,-1,-1,0.01,0.01,0,0.01,0.01,0.02,0,0.02,0
0,0,0.01,0,0,0,0,0,0,0,0,0.01,0,0,0,0,0,0,0,0,0,0,0,0,0,0,0,0,0.01,0,0,0,0,0,-1,-1,-1,-1,0,0,0.02,0,0,0.01,0.03,0,0,0,0,0,0,0,-1,-1,0,0,0,0,-1,-1,-1,-1,-1,-1,0,0,0,0,0,-1,-1,-1,-1,-1,0.02,0.04,0.02,-1,-1,-1,-1,-1,-1,-1,-1,-1,-1,-1,-1,-1,-1,-1,-1,-1,-1,-1,-1,-1,-1,0.26,0.21,0.24,0.24,0.19,0.13,0.16,0.17,-1,-1,-1,-1,-1,-1,-1,-1,-1,-1,-1,-1,-1,-1,-1,-1,-1,0.01,0.02,0.03,0.02,0.05,0.02,0.01,0,0,0.02,0.02,0.03,0.01,0,0,0,0,0.03,0,0,0,0,0,0,0,0,0,0,0,0,0,0,0,0,0,0,0,0.01,0,0.01,0,0,0,0.01,0,0.01,0,0,0.01,0.01,0,0.01,0,0.01,0.01,0,0,0.01,0,0,0.01,-1,-1,-1,-1,-1,-1,0.02,0.01,0.01,0.01,0.03,0.03,0.01,0.03,0.01
0,0,0,0,0,0,0,0.01,0,0,0,0,0.01,0,0.01,0.01,0.02,0.02,0,0,0.01,0,0.01,0,0,0,0,0.01,0,0,0,0,0,0,-1,-1,-1,-1,0.03,0.02,0,0,0,0,0,0.01,0,0.01,0,0,0,0,-1,-1,0,0,0.01,0.01,-1,-1,-1,-1,0,0,0.01,0,0.01,0.01,0.01,-1,-1,-1,-1,-1,0.03,0.01,0.02,-1,-1,-1,-1,-1,-1,-1,-1,-1,-1,-1,-1,-1,-1,-1,-1,-1,-1,-1,-1,-1,-1,0.22,0.21,0.16,0.17,0.19,0.14,0.15,0.12,-1,-1,-1,-1,-1,-1,-1,-1,-1,-1,-1,-1,-1,-1,-1,-1,-1,0.04,-1,-1,0.02,0.02,0.03,0.05,0.02,0.02,0.02,0,0.02,0.02,0,0.01,0.01,0.01,0,0,0,0,0,0,0,0,0,0,0,0,0,0,0,0,0,0,0,0.01,0.01,0,0.01,0,-1,-1,-1,-1,-1,-1,-1,-1,-1,0,0,0.02,0,0.01,0.02,0.01,0.02,0.01,0,0.01,-1,-1,-1,-1,-1,-1,0.04,0.01,0.02,0,0.05,0.01,0.01,0.02,0.06
0,0,0,0,0,0,0,0,0,0,0,0,0,0,0,0.01,0,0,0,0,0,0.01,0,0,0,0,0,0.01,0,0,0,0,0,0,-1,-1,-1,-1,0,0.01,-1,-1,-1,-1,-1,-1,-1,-1,-1,-1,-1,-1,-1,-1,-1,-1,-1,-1,-1,-1,-1,-1,-1,0,0,0.01,0,0,0.01,-1,-1,-1,-1,-1,0.03,0.02,0.04,-1,-1,-1,-1,-1,-1,-1,-1,-1,-1,-1,-1,-1,-1,-1,-1,-1,-1,-1,-1,-1,-1,0.25,0.12,0.2,0.2,0.18,0.14,0.14,0.17,-1,-1,-1,-1,-1,-1,-1,-1,-1,-1,-1,-1,-1,0.1,-1,-1,-1,0.04,-1,-1,0.02,0.02,0.01,0.02,0.03,0.02,0.01,0,0.05,0.01,0.02,0.02,0.02,0.03,0.01,0,0,0,0,0,0,0,0,0,0,0,0,0,0,0,0,0,0,0,0,0,0,0,-1,-1,-1,-1,-1,-1,-1,-1,-1,0,0,0,0,0.02,0,0.01,0.01,0,0.02,0.02,-1,-1,-1,-1,-1,-1,0.02,0,0.02,0,0,0.01,0.02,0.04,0.02
0,0,0,0,0,0,0,0.01,0.01,0,0,0,0,0,0,0,0,0,0,0,0,0,0,0,0,0,0,0,0,0,0,0.01,0,0,-1,-1,-1,-1,0,0,-1,-1,-1,-1,-1,-1,-1,-1,-1,-1,-1,-1,-1,-1,-1,-1,-1,-1,-1,-1,-1,-1,-1,0,0.01,0,0,0,0,-1,-1,-1,-1,-1,0.01,0.01,0.02,-1,-1,-1,-1,-1,-1,-1,-1,-1,-1,-1,-1,-1,-1,-1,-1,-1,-1,-1,-1,-1,-1,0.15,0.1,0.09,0.08,0.06,0.08,0.07,0.05,-1,-1,-1,-1,-1,-1,-1,-1,-1,-1,-1,-1,-1,0.05,-1,-1,-1,0.05,-1,-1,0.03,0.03,0.03,0.06,0.05,0.02,0,0.01,0,0,0.03,0,0,0.03,0.01,0,0,0,0,0,0,0,0,0,0,0,0,0,0,0,0,0,0,0,0,0,0,0,0,0,0.01,0,0,0,0,0.01,0.02,0.01,0,0,0.01,0.01,0.03,0.01,0,0.02,0.02,0,-1,-1,-1,-1,-1,-1,0.03,0.02,0.01,0.02,0.03,0.06,0.03,0,0
0,0,0,0,0,0,0,0,0,0,0,0,0,0,0,0,0,0,0,0,0,0,0,0,0,0,0,0,0,0,0,0,0,0,0.01,-1,-1,-1,0,0,-1,-1,-1,-1,-1,-1,-1,-1,-1,-1,-1,-1,-1,-1,-1,-1,-1,-1,-1,-1,-1,-1,-1,0,0,0,0.01,0,0,-1,-1,-1,-1,-1,0.02,0.02,0.03,-1,-1,-1,-1,-1,-1,-1,-1,-1,-1,-1,-1,-1,-1,-1,-1,-1,-1,-1,-1,-1,-1,-1,-1,-1,-1,-1,-1,-1,-1,-1,-1,-1,-1,-1,-1,-1,-1,-1,-1,-1,-1,-1,0.11,-1,-1,-1,0.03,-1,-1,0.04,0.02,0.02,0,0,0.02,0,0.01,0.03,0,0.02,0,0.02,0.02,0,0,0.01,0,0,0,0,0,0,0,0,0,0,0,0,0,0,0,0,0.01,0,0,0.02,0,0,0.01,0,0.01,0,0,0,0,0,0,0.02,0.01,0,0.01,0.01,0.01,0.01,0.01,0,0,-1,-1,-1,-1,-1,-1,0.03,0.06,0.03,0.02,0.04,0,0.05,0.05,0.04
0,0,0,0,0,0,0,0,0,0,0,0,0,0,0,0,0,0,0,0,0,0,0,0,0,0,0,0,0,0,0,0,0,0,0.02,-1,-1,-1,0.01,0.01,-1,-1,-1,-1,-1,-1,-1,-1,-1,-1,-1,-1,-1,-1,-1,-1,-1,-1,-1,-1,-1,-1,-1,-1,-1,0,0,0,0.01,-1,-1,-1,-1,-1,0.02,0.03,0,-1,-1,-1,-1,-1,-1,-1,-1,-1,-1,-1,-1,-1,-1,-1,-1,-1,-1,-1,-1,-1,-1,-1,-1,-1,-1,-1,-1,-1,-1,-1,-1,-1,-1,-1,-1,-1,-1,-1,-1,-1,-1,-1,0.04,-1,-1,-1,0.05,-1,-1,0.05,0.02,0.02,0.02,0.07,0.05,0,0.02,0.02,0,0.03,0.01,0.04,0.01,0,0,0,0,0,0,0,0,0,0,0,0,0,0,0,0,0,-1,-1,-1,-1,-1,-1,-1,-1,-1,0,0.01,0,0,0.01,0,0,0,0.02,0.02,0.01,0,0.01,0,0,0.03,0.05,0.01,0.02,-1,-1,-1,-1,-1,0.04,0.02,0.03,0.01,0.02,0.04,0.05,0.06,0.02
0,0,0,0,0,0,0,0,0,0,0,0,0,0,0,0,0,0,0,0,0,0,0,0,0,0,0.01,0,0,0,0,0,0,0,0.02,-1,-1,-1,0,0,-1,-1,-1,-1,-1,-1,-1,-1,-1,-1,-1,-1,-1,-1,-1,-1,-1,-1,-1,-1,-1,-1,-1,-1,0.01,0,0,-1,0,-1,-1,-1,-1,-1,0.02,0.04,0.01,-1,-1,-1,-1,-1,-1,-1,-1,-1,-1,-1,-1,-1,-1,-1,-1,-1,-1,-1,-1,-1,-1,-1,-1,-1,-1,-1,-1,-1,-1,-1,-1,-1,-1,-1,-1,-1,-1,-1,-1,-1,-1,-1,0.05,-1,-1,-1,0.04,-1,-1,0.05,0.04,0.02,0.02,0.02,0.02,0.04,0.03,0.02,0.01,0.03,0,0.02,0,0,0,0,0,0,0.01,0,0,0,0,0,0,0,0,0,0,0.01,-1,-1,-1,-1,-1,-1,-1,-1,-1,0,0.01,0.01,-1,-1,0.02,-1,-1,0.03,0,0,0.01,0,0,0.01,0.03,0,0.02,0.07,-1,-1,-1,-1,-1,0.05,0.04,0.03,0.02,0.03,0.01,-1,-1,-1
0,0,0,0,0,0,0,0,0,0,0,0,0,0,0,0,0,0.01,0,0,0,0,0,0,0,0,0,0,0,0,0,0,0,0,0.03,0,-1,-1,0.02,0,-1,-1,-1,-1,-1,-1,-1,-1,-1,-1,-1,-1,-1,-1,-1,-1,-1,-1,-1,-1,-1,-1,-1,-1,0,0,0,0,0,-1,-1,-1,-1,-1,0.04,0.02,0.05,-1,-1,-1,-1,-1,-1,-1,-1,-1,-1,-1,-1,-1,-1,-1,-1,-1,-1,-1,-1,-1,-1,-1,-1,-1,-1,-1,-1,-1,-1,-1,-1,-1,-1,-1,-1,-1,-1,-1,-1,-1,-1,-1,0.08,-1,-1,-1,0.04,-1,-1,0.06,0.03,0.04,0.01,0.02,0,0.05,0,0.01,0.01,0.03,-1,0.02,0,0,0.03,0.02,0,0,0.01,0.01,0,0,0,0,0,0,0,0,0,0,-1,-1,-1,-1,-1,-1,-1,-1,-1,0,0,0,-1,-1,0,-1,-1,0,0.02,0.01,0,0,0,0,0.04,0,0.02,0.02,0.03,0.05,0.02,0.03,0.03,0.06,0.03,0.03,0.02,0.04,0.07,-1,-1,-1
0,0,0,0,0,0,0,0,0,0,0,0,0,0,0,0,0,0,0,0,0,0,0,0,0,0.01,0,0.01,0,0,0,0,0,0,0,0,0,0,0,0,-1,-1,-1,-1,-1,-1,-1,-1,-1,-1,-1,-1,-1,-1,-1,-1,-1,-1,-1,-1,-1,-1,-1,-1,0,0,0,0.01,0.01,-1,-1,-1,-1,-1,0.01,0.01,0.02,-1,-1,-1,-1,-1,-1,-1,-1,-1,-1,-1,-1,-1,-1,-1,-1,-1,-1,-1,-1,-1,-1,-1,-1,-1,-1,-1,-1,-1,-1,-1,-1,-1,-1,-1,-1,-1,-1,-1,-1,-1,-1,-1,0.05,-1,-1,-1,0.05,-1,-1,0.07,0.01,0.05,0.04,0.05,0.03,0.01,0.01,-1,-1,0.02,-1,0,0,0,0,0,0,0,0.01,0,0,-1,0,0,0,0,0,0,0,0,-1,-1,0,0,0,0,-1,-1,-1,0.01,0.01,0,-1,-1,0,-1,-1,0.01,0.01,0.01,0.02,0.01,0.02,0.04,0.04,0.06,0.02,0.02,0.03,0.03,0.02,0.01,0.05,0.01,0.01,0.05,0.07,0.04,0.08,-1,-1,-1
0,0,0,0,0,0,0,0,0,0,0,0,0,0,0,0,0,0,0,0,0,0.01,0,0,0,0,0,0,0,0,0,0,0,0,0,0,0,0.02,0.01,0.02,-1,-1,-1,-1,-1,-1,-1,-1,-1,-1,-1,-1,-1,-1,-1,-1,-1,-1,-1,-1,-1,-1,-1,-1,0,0,0.01,0,-1,-1,-1,-1,-1,-1,0.01,0.04,0,-1,-1,-1,-1,-1,-1,-1,-1,-1,-1,-1,-1,-1,-1,-1,-1,-1,-1,-1,-1,-1,-1,-1,-1,-1,-1,-1,-1,-1,-1,-1,-1,-1,-1,-1,-1,-1,-1,-1,-1,-1,-1,-1,0.11,-1,-1,-1,0.03,-1,-1,0.05,0.02,0.07,0.01,0.02,0.02,0.05,0.01,0.01,0.02,0,0.02,0,0,0,0,0.02,0,0,0,0,0,0,0,0,0,0,0,0,0,0,0,0.01,0.01,0,0,0,0.01,0,0,0,0,0,0,0.02,0,0.01,0,0,0,0.02,0.02,0.01,0.01,0.01,0.01,-1,-1,-1,-1,0.03,0.04,0.03,0.05,0.03,0.07,0.02,0.04,0.07,0.08,0.08,0.08,0.02
0,0,0,0,0,0,0,0,0,0,0,0,0,0,0,0,0,0,0,0,0,0,0,0,0,0,0,0,0,0,0,0,0,0,0,0,0,0,0,0,-1,-1,-1,-1,-1,-1,-1,-1,-1,-1,-1,-1,-1,-1,-1,-1,-1,-1,-1,-1,-1,-1,-1,0,0,0,0,0,0,-1,-1,-1,-1,-1,0,0.02,0.01,0.07,0.02,0.01,0.05,0.03,0.07,0.02,0.05,0.01,0.07,0.04,0.06,0.03,0.08,0.03,0.1,0.1,0.08,0.13,0.11,0.09,0.07,0.16,0.05,0.17,0.14,0.11,0.15,0.15,0.09,0.15,0.13,0.12,0.14,0.22,0.12,0.13,0.15,0.09,0.1,-1,-1,0.1,0.1,0.06,0.06,0.07,0.05,0.06,0.02,0.05,0.03,0.05,0.05,0.07,0.03,0.03,0,0,0.01,0.03,0,0,0,0,0,0,0,0,0,0,0,0.01,0,0,0,0,0,0,0,0,0,0,0,0.01,0,0,0,0.01,0,0,0,0,0,0,0,0,0.03,0,0.01,0,0.01,0.01,0.01,0.02,-1,-1,-1,-1,-1,0.03,0.03,0.06,0.04,0.06,0.06,0.05,0.03,0.07,0.09,0.04,0.02,0.09
0,0,0,0,0,0,0,0,0,0,0,0,0,0,0,0,0,0,0,0,0,0,0,0,0,0,0,0,0,0,0,0,0,0,0,0,0,0,0.02,0,-1,-1,-1,-1,-1,-1,-1,-1,-1,-1,-1,-1,-1,-1,-1,-1,-1,-1,-1,-1,-1,-1,-1,0,0,0.01,0.01,0,0,0.02,0.01,0.02,0,0.06,0,0.02,0.02,0.02,0.02,0.01,0.05,0.01,0.03,0.04,0.03,0.03,0.03,0.05,0.03,0.03,0.05,0.1,0.04,0.06,0.05,0.05,0.1,0.13,0.11,0.13,0.08,0.08,0.1,0.17,0.14,0.19,0.14,0.2,0.1,0.08,0.06,0.13,0.19,0.12,0.13,0.1,0.07,0.09,0.07,-1,-1,0.1,0.02,0.08,0.06,0.06,0.04,0.03,0.02,0.03,0.01,0.02,0,0.02,0.03,0.02,0.01,0.02,0,0,0,0,0.01,0,0,0,0,0,0.01,0,0,0,0,0,0,0,0,0,0,0.01,0,0,0,0,0,0.02,0,0.01,0.01,0,0,0.01,0.03,0.02,0.02,0.02,0.01,0.04,0.04,0.06,0,0.02,-1,-1,-1,-1,-1,0.04,0.04,-1,-1,-1,-1,-1,-1,-1,-1,-1,-1,-1
0,0,0,0,0,0,0,0,0,0,0,0,0,0,0,0,0,0,0,0,0,0,0,0,0,0,0,0,0,0,0,0,0,0,0,0,0,0,0,0,-1,-1,-1,-1,-1,-1,-1,-1,-1,-1,-1,-1,-1,-1,-1,-1,-1,-1,-1,-1,-1,-1,-1,0,0,0,0,0,0.02,0.01,0.01,0.03,-1,0,0.03,0,0.02,0.03,0.02,0.02,0.05,0.02,0.02,0.03,0.06,0.04,0.03,0.08,0.06,0.08,0.12,0.05,-1,-1,-1,-1,0.11,0.07,0.09,-1,-1,-1,-1,-1,-1,-1,-1,-1,0.15,0.13,0.08,0.18,0.17,0.13,0.18,0.14,0.14,0.07,0.08,0.09,0.08,0.13,0.05,0.08,0.02,0.06,0.03,0.04,0.06,0.03,0.05,0.03,0.04,0.01,0.03,0.01,0,0.02,0,0,0.01,0.01,0.01,0.01,0,0,0,0,0,0,0,0,0,0,0,0,0,0,0,0,0.01,0.01,0.01,0.02,0,0,0.01,0.01,0,0.01,0.03,0.03,0.04,0.05,0.02,0.01,0.02,0.05,0.05,0.04,0.05,0.05,0.11,0.08,0.04,0.04,0.06,0.03,0.02,-1,-1,-1,-1,-1,-1,-1,-1,-1,-1,-1
0,0,0,0,0,0,0,0,0,0,0,0,0,0,0,0,0,0,0,0,0,0,0,0,0,0,0,0,0,0,0,0,0,0,0,0,0,0,0,0,-1,-1,-1,-1,-1,-1,-1,-1,-1,-1,-1,-1,-1,-1,-1,-1,-1,-1,-1,-1,-1,-1,-1,0,0,0,0,0,0.02,0,0.01,0.01,0.01,0.01,0.01,0,0.03,0.01,0.07,0.03,0.03,0,0.05,0.02,0.03,0.05,0.04,0.07,0.08,0.07,0.08,0.06,0.04,0.07,0.09,0.1,0.09,0.13,0.02,-1,-1,-1,-1,-1,-1,-1,-1,-1,0.07,0.17,0.19,0.19,0.18,0.14,0.11,0.13,0.19,0.18,0.12,0.1,0.14,0.02,0.06,0.04,0.05,0.08,0.05,0.03,-1,0.03,0.02,0.02,0.03,0.04,0,0,0,-1,-1,-1,-1,-1,-1,-1,0,0,0.01,0,0,0,0,0,0,0,0,0,0,0,0.01,0,0,0,0,0,0,0,0.01,0,0.02,0.01,0.03,0.04,0.03,0.02,0.03,0.01,0.02,0.04,0.02,0.07,0.06,0.06,0.08,0.09,0.1,0.08,0.08,0.13,0.08,-1,-1,-1,-1,-1,-1,-1,-1,0.19,0.12,0.04
0,0,0,0,0,0,0,0,0,0,0,0,0,0,0,0,0,0,0,0,0,0,0,0,0,0,0,0,0,0,0,0,0,0,0,0,0,0,0,0,-1,-1,-1,-1,-1,-1,-1,-1,-1,-1,-1,-1,-1,-1,-1,-1,-1,-1,-1,-1,-1,-1,-1,0,0,0,0.01,0,0.03,0.01,0.04,0.02,0.04,0.02,0.03,0.02,0,0.03,0.02,0.01,0.01,0,0.04,0.03,0.07,0.01,0.04,0.06,0.02,0.05,0.06,-1,-1,-1,-1,0.1,0.1,0.12,0.16,-1,-1,-1,-1,-1,-1,-1,-1,-1,0.15,0.18,0.27,-1,-1,-1,-1,-1,0.14,0.15,0.07,0.11,0.06,0.07,0.03,0.03,0.03,0.04,0.03,0.03,-1,0.04,0.02,0.01,0.05,0.02,0.02,0,0.01,-1,-1,-1,-1,-1,-1,-1,0,0,0,0,0,0,0.01,0.01,0,0,0,0,0,0.01,0.01,0,0,0.01,0,0,0,0,0.01,0,0.01,0.05,0.03,0.02,0.04,0.03,0.01,0.04,0.05,0.03,0.03,0.03,0.06,0.07,0.08,0.09,0.09,0.11,0.13,0.17,0.12,0.13,0.11,0.11,0.11,0.13,0.16,0.18,0.16,0.06,0.06,0.05
0,0,0,0,0,0,0,0,0,0,0,0,0,0,0,0,0,0,0,0,0,0,0,0,0,0,0,0,0,0,0,0,0,0,0,0,0,0,0,0,-1,-1,-1,-1,-1,-1,-1,-1,-1,-1,-1,-1,-1,-1,-1,-1,-1,-1,-1,-1,-1,-1,-1,0,0,0,0,0,0.01,0,0,0,0,0.02,0.05,0.03,0.03,0.01,0.02,0.03,0.05,0.03,0.03,0.04,0.02,0.02,0.04,0.02,0.05,0.03,-1,-1,-1,-1,-1,-1,0.06,0.06,-1,-1,-1,-1,-1,-1,-1,-1,-1,-1,0.21,0.31,0.24,-1,-1,-1,-1,-1,0.2,0.14,0.13,0.1,0.1,0.06,0.09,0.05,0.06,0.07,0.07,0.04,0.08,0.05,0.02,0.01,0.08,0.01,0.02,0,0,-1,-1,-1,-1,-1,-1,-1,0.01,0.01,0,-1,0,0,-1,0.01,0,0,0.01,0,0,0.01,0.01,0,0,0,0.01,0,0,0,0.04,0.02,0.03,0.01,0.02,0.03,0.03,0.01,0.04,0.05,0.01,0.04,0.04,0.03,0.05,0.05,0.04,0.1,0.1,0.19,0.18,0.07,0.07,0.16,0.26,0.18,0.19,0.1,0.14,0.1,0.13,0.1,0.1,0.09
0,0,0,0,0,0,0,0,0,0,0,0,0,0,0,0,0,0,0,0,0,0,0,0,0,0,0,0,0,0,0,0,0,0,0,0,0,0,0,0.01,-1,-1,-1,-1,-1,-1,-1,-1,-1,-1,-1,-1,-1,-1,-1,-1,-1,-1,-1,-1,-1,-1,-1,0,0,0,0,0.02,0.02,0,0.01,0.04,0.01,0.04,0.02,0.02,0.04,0.03,0.03,0,0.02,0.03,0.03,0.02,0.05,0.01,0.04,0.05,0.05,0.02,0.06,-1,-1,-1,0.09,0.07,0.07,0.15,-1,-1,-1,-1,-1,-1,-1,-1,-1,-1,0.47,0.35,0.41,-1,-1,-1,-1,-1,0.21,0.14,0.1,0.2,0.09,0.07,0.05,0.1,0.05,0.07,0.04,0.05,0.06,0.02,0.01,0.02,0,0.01,0,0,0,-1,-1,-1,-1,-1,-1,-1,0,0,0,-1,0.01,0,-1,0.02,0,0,0,0.01,0.01,0.01,0,0.01,0,0,0.01,0.03,0.01,0,0.01,0.01,0,0,0.03,0.01,0.03,0.04,0,0.04,0.02,0.02,0.04,0.05,0.08,0.11,0.04,0.16,0.1,0.08,0.2,0.24,0.18,0.19,0.22,0.33,0.36,0.31,0.14,0.24,0.27,0.28,0.24,0.16
0,0,0,0,0,0,0,0,0,0,0,0,0,0,0,0,0,0,0,0,0,0,0,0,0,0,0,0,0,0,0,0,0,0,0,0,0,0,0,0,-1,-1,-1,-1,-1,-1,-1,-1,-1,-1,-1,-1,-1,-1,-1,-1,-1,-1,-1,-1,-1,-1,-1,0,0,0,0.01,0.01,0,0,0,0.01,0.02,0.01,0.01,0.01,0.02,0.05,0.02,0.01,0.03,0.04,0.05,0.04,0.03,0.02,0.01,0.02,0.02,0.06,0.06,0.1,0.11,0.09,0.12,0.09,0.04,0.05,-1,-1,-1,-1,-1,-1,-1,-1,-1,-1,0.55,0.58,0.39,-1,-1,-1,-1,-1,0.12,0.11,0.16,0.09,0.09,0.12,0.12,0.04,0.07,0.01,0.01,0.02,0,0,0.03,0,0.01,0,0,0,0,-1,-1,-1,-1,-1,-1,-1,0,0,0.03,-1,0,0,-1,0.01,0,0,0.01,0.01,0,0,0,0.01,0,0,0.02,0,0.02,0.03,0,0,0.03,0,0.01,0,0.03,0.03,0.03,0.02,0.01,0.07,0.04,0.05,0.08,-1,-1,-1,-1,-1,-1,-1,-1,-1,-1,-1,-1,-1,0.59,0.55,0.39,0.34,0.41,0.12
0,0,0,0,0,0,0,0,0,0,0,0,0,0,0,0,0,0.01,0,0,0,0,0,0,0,0,0,0,0,0,0,0,0,0,0,0,0,0,0,0,-1,-1,-1,-1,-1,-1,-1,-1,-1,-1,-1,-1,-1,-1,-1,-1,-1,-1,-1,-1,-1,-1,-1,0,0,0,0,0.03,0.03,0.01,0.02,0.01,0.02,0.02,0.03,0.03,0.01,0.03,0.04,0.03,0.02,0,0.02,0.04,0.01,0.04,0.01,0.03,0.12,0.06,0.03,0.1,0.06,0.05,0.08,0.09,0.14,0.11,-1,-1,-1,-1,-1,-1,-1,-1,-1,-1,0.82,0.78,0.7,-1,-1,-1,-1,-1,0.19,0.24,0.15,0.09,0.03,0,0.03,0.02,0.01,0.02,0.01,0,0.01,0,0.01,0.03,0,0,0,0,0,-1,-1,-1,-1,-1,-1,-1,0,0.01,0.01,-1,0,0.02,-1,0,0,0,0.02,0.02,0.02,0.02,0,0.02,0,0.01,0.01,0.02,0.03,0.03,0.05,0.02,0.03,0.01,0.02,0.05,0.04,0.03,0.07,0.02,0.05,0.04,0.04,0.06,0.06,-1,-1,-1,-1,-1,-1,-1,-1,-1,-1,-1,-1,-1,0.66,0.8,0.88,0.82,0.45,0.42
0,0,0,0,0,0,0,0,0,0,0,0,0,0,0,0,0,0,0,0,0,0,0,0,0,0,0,0,0,0,0,0,0,0,0,0,0,0,0,0,-1,-1,-1,-1,-1,-1,-1,-1,-1,-1,-1,-1,-1,-1,-1,-1,-1,-1,-1,-1,-1,-1,-1,0,0,0,0,0,0.01,0,0.03,0,0.02,0,0,0.02,0.01,0.02,0.02,0.05,0.01,0.01,0.02,0.02,0.03,0.03,0.05,0.07,0.02,0.06,0.05,-1,-1,-1,-1,-1,0.07,0.06,0.14,0.13,0.1,-1,-1,-1,-1,-1,-1,-1,0.94,1,0.93,0.78,0.58,0.42,0.23,0.24,0.18,0.09,0.1,0.05,0.07,0.05,0.04,0.03,0.02,0.02,0.02,0.03,0,0,0,0,0,0,0,0,0,-1,-1,-1,-1,-1,-1,-1,0.01,0.01,0.01,0,0.01,0,0,0.01,0,0,0.01,0,0,0,0,0.01,0.01,0.02,0.02,0.04,0.01,0.01,0.01,0.02,0.01,0.02,0.02,0.03,0.02,0.04,0.02,0,0.09,0.07,0.06,0.06,0.08,-1,-1,-1,-1,-1,-1,-1,-1,-1,-1,-1,-1,-1,0.68,0.79,0.88,0.87,0.55,0.41
0,0,0,0,0,0,0,0,0,0,0,0,0,0,0,0,0,0,0,0,0,0,0,0,0,0,0,0,0,0,0,0,0,0,0,0,0,0,0,0.01,-1,-1,-1,-1,-1,-1,-1,-1,-1,-1,-1,-1,-1,-1,-1,-1,-1,-1,-1,-1,-1,-1,-1,0,0,0,0,0.01,0,0,0.02,0.02,0.02,0.01,0.01,0.03,0.02,0,0.04,0.01,0,0.02,0.03,0.04,0.06,0.05,0.05,0.06,0.07,0.06,0.04,-1,-1,-1,-1,-1,0.1,0.11,0.08,0.17,0.15,-1,-1,-1,-1,-1,-1,-1,0.86,1,0.89,0.75,0.5,0.42,0.3,0.2,0.12,0.09,0.09,0.1,0.06,0.01,0.04,0.03,0.02,0,0.01,0.02,0.01,0.02,0,0,0,0,0,0,0,-1,-1,-1,-1,-1,-1,-1,0,0,0.03,0,0.01,0,0,0.01,0,0,0,0.01,0.03,0,0,0.02,0,0.01,0.01,0.01,0.03,0,0,0,0.03,0.03,0.01,0.02,0.03,0.02,0.03,0.06,0.04,0.03,0.08,0.04,0.09,-1,-1,-1,-1,-1,-1,-1,-1,-1,-1,-1,-1,-1,0.66,-1,-1,-1,-1,-1
0,0,0,0,0,0,0,0,0,0,0,0,0,0,0,0,0,0,0,0,0,0,0,0,0,0,0,0,0,0,0,0,0,0,0,0,0,0,0,0,-1,-1,-1,-1,-1,-1,-1,-1,-1,-1,-1,-1,-1,-1,-1,-1,-1,-1,-1,-1,-1,-1,-1,0,0,0,0,0,0,0,0,0.02,0.03,0.02,0.01,0.02,0.02,0.01,0.01,0.05,0.01,-1,-1,-1,-1,-1,-1,-1,-1,0.08,0.03,0.05,0.08,0.06,0.09,0.05,0.07,0.11,0.1,0.09,0.2,-1,-1,-1,-1,-1,-1,-1,0.71,0.81,0.699999999999999,0.53,0.48,0.41,0.27,0.14,0.13,0.15,0.05,0.09,0.02,0.04,0.03,0.02,0.03,0.01,0.01,0,0.02,0,0,0,0,0,0,0,0,-1,-1,-1,-1,-1,-1,-1,0,0,0,-1,0.01,0.01,0.01,0,0,0,0.01,0,0,0,0.03,0,0.01,0.01,0.02,0,0,0.02,0.01,0.05,0.03,0.02,0.03,0.05,0.04,0.01,0.06,0.05,0.06,0.04,0.06,0.04,0.1,0.07,0.12,0.17,-1,-1,-1,-1,-1,-1,-1,-1,-1,-1,0.57,-1,-1,-1,-1,-1
0,0,0,0,0,0,0,0,0,0,0,0,0,0,0,0,0,0,0,0,0,0,0,0,0,0,0,0,0,0,0,0,0,0,0,0,0,0,0,0,-1,-1,-1,-1,-1,-1,-1,-1,-1,-1,-1,-1,-1,-1,-1,-1,-1,-1,-1,-1,-1,-1,-1,0,0,0,0,0,0,0,0,0.01,0.02,0.03,0.01,0.03,0.05,0.01,0.03,0.02,0.03,-1,-1,-1,-1,-1,-1,-1,-1,0.05,0.06,0.03,0.06,0.08,0.09,0.11,0.04,0.1,0.12,0.18,0.13,0.16,0.16,0.16,0.21,0.33,0.37,0.36,0.46,0.53,0.48,0.45,0.35,0.32,0.16,0.2,0.1,0.11,0.08,0.04,0,0.04,0.03,0.04,0.04,0.01,0.01,0.01,0,0,0,0,0,0,0,0,0,-1,-1,-1,-1,-1,-1,-1,0.01,0,0.02,-1,-1,-1,0,0,0,0,0,0,0,0.01,0,0,0.01,0.01,0,0.01,0.02,0.01,0.01,0.01,0.03,0.01,0.05,0.04,0.01,0.03,0.1,0.09,0.04,0.04,0.04,0.13,0.1,0.13,0.14,0.1,0.17,0.14,0.11,0.18,0.28,0.26,0.25,0.38,0.31,0.41,0.43,-1,-1,-1,-1,-1
0,0,0,0,0,0,0,0,0,0,0,0,0,0,0,0,0,0,0,0,0,0,0,0,0,0,0,0,0,0,0,0,0,0,0,0,0,0,0,0,-1,-1,-1,-1,-1,-1,-1,-1,-1,-1,-1,-1,-1,-1,-1,-1,-1,-1,-1,-1,-1,-1,-1,0,0,0,0,0,0,0,0.01,0,0,0,0.04,0.02,0,0.02,0.01,0.05,0.04,-1,-1,-1,-1,-1,-1,-1,-1,0.05,0.04,0.04,0.09,0.06,0.05,0.08,0.14,0.11,0.13,0.13,0.13,0.14,0.17,0.18,0.23,0.28,0.3,0.36,0.39,0.31,0.3,0.34,0.26,0.17,0.2,0.18,0.08,0.03,0.08,0.08,0.02,0.01,0.04,0.02,0.02,0,0,0,0,0,0,0,0,0,0,0,0,-1,-1,-1,-1,-1,-1,-1,0.02,0.01,0.01,-1,-1,-1,0.01,0,0,0,0,0,0,0.02,0,0.01,0,0.01,0.03,0.02,0.01,0.01,0.03,0.01,0.05,0.04,0.02,0.03,0.02,0.02,0.05,0.02,0.04,0.03,0.05,0.13,0.05,0.11,0.08,-1,-1,-1,-1,-1,-1,-1,-1,-1,0.32,-1,-1,-1,-1,-1,-1,-1
0,0,0,0,0,0,0,0,0,0,0,0,0,0,0,0,0,0,0,0,0,0,0,0,0,0,0,0,0,0,0,0,0,0,0,0,0,0,0,0,-1,-1,-1,-1,-1,-1,-1,-1,-1,-1,-1,-1,-1,-1,-1,-1,-1,-1,-1,-1,-1,-1,-1,0,0,0,0,0,0,0.01,0.01,0.01,0,0.01,0,0.03,0.02,0.02,0.01,0.03,0.02,-1,-1,-1,-1,-1,-1,-1,-1,0.04,0.02,0.09,0.09,0.06,0.07,0.1,0.11,0.11,0.13,0.1,0.14,0.11,0.15,0.18,0.2,0.17,0.19,0.2,0.29,0.2,0.31,0.16,0.15,0.16,0.15,0.14,0.08,0.08,0.02,0.03,0.01,0.03,0.04,0,0.01,0,0,0,0,0.01,0,0,0,0,0,0,0,-1,-1,-1,-1,-1,-1,-1,0.01,0,0,-1,-1,-1,0.04,0,0,0,0,0.02,0,0.01,0.02,0.02,0.02,0.01,0.02,0,0,0,0.01,0.01,0.01,0.02,0.02,0,0.04,0.01,0.05,0.06,0.01,0.03,0.06,0.12,0.08,-1,-1,-1,-1,-1,-1,-1,-1,-1,-1,-1,0.25,-1,-1,-1,-1,-1,-1,-1
0,0,0,0,0,0,0,0,0,0,0,0,0,0,0,0,0,0,0,0,0,0,0,0,0,0,0,0,0,0,0,0,0,0,0,0,0,0,0,0,-1,-1,-1,-1,-1,-1,-1,-1,-1,-1,-1,-1,-1,-1,-1,-1,-1,-1,-1,-1,-1,-1,-1,0,0,0,0,0,0,0,0,0,0,0,0,0,0.01,0,0.03,0.02,0.01,-1,-1,-1,-1,-1,-1,-1,-1,0.04,0.04,0.07,0.02,0.1,0.06,0.05,0.1,0.09,0.07,0.11,0.05,0.18,0.12,0.06,0.1,0.09,0.11,0.11,0.15,0.17,0.16,0.1,0.06,0.09,0.09,0.03,0.08,0.04,0.03,0.04,0.05,0.03,0.02,0,0,0,0,0,0,0,0,0,0,0,0,0,0,-1,-1,-1,-1,-1,-1,-1,0.02,0.01,0.02,-1,-1,-1,0,0,0,0,0,0.01,0.01,0.01,0.02,0.01,0,0.03,0.03,0.01,0,0.02,0.01,0.04,0.02,0.01,0.07,0.01,0.03,0.01,0.07,0.07,0.06,0.07,0.03,0.04,0.11,-1,-1,-1,-1,-1,-1,-1,-1,-1,-1,-1,0.24,-1,-1,-1,-1,-1,-1,-1
0,0,0,0,0,0,0,0,0,0,0,0,0,0,0,0,0,0,0,0,0,0,0,0,0,0,0,0,0,0,0,0,0,0,0,0,0,0,0,0,-1,-1,-1,-1,-1,-1,-1,-1,-1,-1,-1,-1,-1,-1,-1,-1,-1,-1,-1,-1,-1,-1,-1,0,0,0,0,0,0,0,0,0.01,0.01,0,0,0.01,0,0.01,0,0.04,0.02,-1,-1,-1,-1,-1,-1,-1,-1,0.02,0.02,0.03,0.05,0.03,0.08,0.06,0.09,0.14,0.08,0.13,0.08,0.15,0.13,0.17,0.13,0.12,0.22,0.23,0.16,0.24,0.16,0.15,0.21,0.16,0.1,0.11,0.09,0.07,0.1,0.04,0.1,0.05,0.02,0.01,0,0,0,0,0,0,0,0,0,0,0,0,0,-1,-1,-1,-1,-1,-1,-1,0.01,0,0.03,-1,-1,-1,0,0,0,0,0,0,0.02,0,0,0,0,0,0.01,0,0.01,0,0,0.02,0.03,0.09,0.02,0.04,0.04,0.03,0.04,0.05,0.05,0.08,0.06,0.06,0.05,0.05,0.09,0.11,-1,-1,-1,-1,-1,-1,-1,-1,0.16,0.23,-1,-1,-1,-1,-1,-1
0,0,0,-1,0,0,0,-1,-1,-1,-1,0,0,0,0,0,0,0,0,0,0,0,0,0,0,0,0,0,0,0,0,0,0,0,0,0,0,0,0,0,-1,-1,-1,-1,-1,-1,-1,-1,-1,-1,-1,-1,-1,-1,-1,-1,-1,-1,-1,-1,-1,-1,-1,0,0,0,0,0,0,0,0,0,0,0.01,0,0,0,0,0.01,0,0.04,0.02,0.01,0.04,0.04,0.03,0.03,0.03,0.05,0.05,-1,-1,-1,-1,-1,-1,-1,-1,-1,-1,-1,-1,-1,-1,-1,-1,-1,-1,-1,-1,-1,-1,-1,-1,-1,-1,-1,-1,-1,-1,-1,-1,-1,-1,-1,0.03,0,0,0,0,0,0,0,0,0,0,0.01,-1,-1,-1,-1,-1,-1,-1,0.01,0.02,0,-1,-1,-1,0,0,0,0,0,0.01,0,0.01,0.01,0.01,0,0,0.02,0,0.01,0.02,0.01,0.04,0.03,0.03,0.02,0.04,0.03,0.04,0.05,0.03,0.02,0.05,0.05,0.05,0.07,-1,-1,-1,-1,-1,-1,-1,-1,-1,-1,-1,0.17,-1,-1,-1,-1,-1,-1,-1
0,0,0,0,0,0,0,-1,-1,-1,-1,0,0,0,0,0,0,0,0,0,0,0,0,0,0,0,0,0,0,0,0,0,0,0,0,0,0,0,0,0,-1,-1,-1,-1,-1,-1,-1,-1,-1,-1,-1,-1,-1,-1,-1,-1,-1,-1,-1,-1,-1,-1,-1,0,0,0,-1,-1,-1,-1,-1,-1,-1,-1,-1,-1,-1,-1,-1,-1,-1,-1,-1,-1,-1,-1,-1,-1,0.06,0.01,-1,-1,-1,-1,-1,-1,-1,-1,-1,-1,-1,-1,-1,-1,-1,-1,-1,-1,-1,-1,-1,-1,-1,-1,-1,-1,-1,-1,-1,-1,-1,-1,-1,-1,-1,0.03,0.03,0,0.04,0,0,0,0,0,0,0,0,-1,-1,-1,-1,-1,-1,-1,0.01,0.02,0.02,-1,0.01,0.01,0,0,0,0,0,0,0.01,0,0,0,0,0.01,0.04,0.02,0.01,0,0.03,0.04,0.02,0.05,0.04,0.01,0.02,0.06,0.04,0.04,0.05,0.06,0.09,0.1,0.12,-1,-1,-1,-1,-1,-1,-1,-1,-1,-1,-1,0.26,-1,-1,-1,-1,-1,-1,-1
0,0,0,-1,0,0,0,-1,-1,-1,-1,0,0,0,0,0,0,0,0,0,0,0,0,0,0,0,0,0,0,0,0,0,0,0,0,0,0,0,0,0,-1,-1,-1,-1,-1,-1,-1,-1,-1,-1,-1,-1,-1,-1,-1,-1,-1,-1,-1,-1,-1,-1,-1,0,0,0,-1,-1,-1,-1,-1,-1,-1,-1,-1,-1,-1,-1,-1,-1,-1,-1,-1,-1,-1,-1,-1,-1,0.02,0.03,-1,-1,-1,-1,-1,-1,-1,-1,-1,-1,-1,-1,-1,-1,-1,-1,-1,-1,-1,-1,-1,-1,-1,-1,-1,-1,-1,-1,-1,-1,-1,-1,-1,-1,-1,0.01,0.02,0.01,0,0,0.03,0,0,0,0,0,0,-1,-1,-1,-1,-1,-1,-1,0.02,0.01,0.02,-1,0.01,0,0.01,0,0,0,0,0,0,0,0,0,0.01,0,0.01,0.01,0,0,0.01,0,0.05,0.02,0.03,0.01,0.03,0.05,0.02,0.03,0.07,0.04,0.04,0.02,0.09,-1,-1,-1,-1,-1,-1,-1,-1,-1,-1,-1,0.09,-1,-1,-1,-1,-1,-1,-1
0,0,0,-1,0,0,0,-1,-1,-1,-1,0,0,0,0,0,0,0,0,0,0,0,0,0,0,0,0,0,0,0,0,0,0,0,0,0,0,0,0,0,-1,-1,-1,-1,-1,-1,-1,-1,-1,-1,-1,-1,-1,-1,-1,-1,-1,-1,-1,-1,-1,-1,-1,0,0,0,-1,-1,-1,-1,-1,-1,-1,-1,-1,-1,-1,-1,-1,-1,-1,-1,-1,-1,-1,-1,-1,-1,0.01,0.03,-1,-1,-1,-1,-1,-1,-1,-1,-1,-1,-1,-1,-1,-1,-1,-1,-1,-1,-1,-1,-1,-1,-1,-1,-1,-1,-1,-1,-1,-1,-1,-1,-1,-1,-1,0,0.01,0.02,0.04,0.03,0.02,0.01,0,0,0,0,0.02,-1,-1,-1,-1,-1,-1,-1,0.03,0.01,0.01,0,0,0,0,0,0,0,0,0,0.01,0,0.02,0,0.01,0.04,0,0.01,0.03,0.02,0.02,0.03,0.03,0.03,0.03,0.02,0.06,0.02,0.03,0.04,0.03,0.03,0.02,0.05,0.15,-1,-1,-1,-1,-1,-1,-1,-1,-1,-1,-1,0.16,-1,-1,-1,-1,-1,-1,-1
-1,0,0,0,0,0,0,-1,-1,-1,-1,-1,-1,0,0,0,0,0,0,0,0,0,0,0,0,0,0,0,0,0,0,0,0,0,0,0,0,0,0,0,0,-1,-1,-1,-1,-1,-1,-1,-1,-1,-1,-1,-1,-1,-1,-1,-1,-1,-1,-1,-1,-1,-1,0,0,0,-1,-1,-1,-1,-1,-1,-1,-1,-1,-1,-1,-1,-1,-1,-1,-1,-1,-1,-1,-1,-1,-1,0.01,0,-1,-1,-1,-1,-1,-1,-1,-1,-1,-1,-1,-1,-1,-1,-1,-1,-1,-1,-1,-1,-1,-1,-1,-1,-1,-1,-1,-1,-1,-1,-1,-1,-1,-1,-1,0.01,0.01,0,0.02,0.02,0.02,0,0,0.02,0,0,0.01,-1,-1,-1,-1,-1,-1,-1,0.01,0,0,0.01,0,0.01,0,0,0,0,0,0,0,0.01,0.02,0.02,0.01,0.03,0.02,0.04,0.03,0.03,0.02,0.03,0.01,0.01,0.05,0.03,0.03,0.08,0.04,0.06,0.03,0.08,0.08,0.06,0.12,-1,-1,-1,-1,-1,-1,-1,-1,-1,-1,-1,0.14,0.1,0.1,0.16,0.17,0.15,0.05,0.15
0,0,0,0,0,0,0,-1,-1,-1,-1,-1,-1,0,0,0,0,0,0,0,0,0,0,0,0,0,0,0,0,0,0,0,0,0,0,0,0,0,0,0,0,0,-1,-1,-1,-1,-1,-1,-1,-1,-1,-1,-1,-1,-1,-1,-1,-1,-1,-1,-1,-1,-1,0,0,0,-1,-1,-1,-1,-1,-1,-1,-1,-1,-1,-1,-1,-1,-1,-1,-1,-1,-1,-1,-1,-1,-1,0,0.03,-1,-1,-1,-1,-1,-1,-1,-1,-1,-1,-1,-1,-1,-1,-1,-1,-1,-1,-1,-1,-1,-1,-1,-1,-1,-1,-1,-1,-1,-1,-1,-1,-1,-1,-1,0.03,0,0,0,0.01,0,0,0.01,0.02,0,0,0.02,-1,-1,-1,-1,-1,-1,-1,0.02,0.01,0,0.01,0,0.02,0,0,0,0,0,0,0,0.02,0.01,0.01,0.01,0.01,0,0.02,0.02,0.03,0.02,0.02,0.02,0.05,0.04,0.08,0.03,0.03,0.05,0.02,0.07,0.05,0.08,0.09,0.12,-1,-1,-1,-1,-1,-1,-1,-1,-1,-1,-1,0.16,0.09,0.15,0.18,0.17,0.17,0.16,0.08
0,0,0,-1,0,0,0,0,0,0,0,0,0,0,0,0,0,0,0,0,0,0,0,0,0,0,0,0,0,0,0,0,0,0,0,0,0,0,0,0,0,0,0,-1,-1,-1,-1,-1,-1,-1,-1,-1,-1,-1,-1,-1,-1,-1,-1,-1,-1,-1,-1,0,0,0,0,0,0,0,0,0,0.01,0,0,0.01,0,0,0.01,0.01,0,0,0,0,0.01,0.02,0.02,0.01,0.01,0,-1,-1,-1,-1,-1,-1,-1,-1,-1,-1,-1,-1,-1,-1,-1,-1,-1,-1,-1,-1,-1,-1,-1,-1,-1,-1,-1,-1,-1,-1,-1,-1,-1,-1,-1,0,0.02,0.01,0.02,0,0,0.01,0.02,0.05,0.02,0.02,0.02,-1,-1,-1,-1,-1,-1,-1,0,0.03,0.02,0.03,0.01,0,0,0,0,0,0,0,0,0,0.02,0.01,0.02,0,0,0.05,0.01,0.04,0.04,0.01,0.05,0.02,0.04,0.05,0.07,0.08,0.06,0.02,0.06,0.08,0.09,0.04,0.14,-1,-1,-1,-1,-1,-1,-1,-1,-1,-1,-1,0.16,0.1,0.14,-1,-1,-1,-1,-1
0,0,0,-1,0,0,0,-1,-1,-1,-1,-1,0,0,0,0,0,0,0,0,0,0,0,0,0,0,0,0,0,0,0,0,0,0,0,0,0,0,0,0,0,0,-1,-1,-1,-1,-1,-1,-1,-1,-1,-1,-1,-1,-1,-1,-1,-1,-1,-1,-1,-1,-1,0,0,0,0,0,0,0,0,0,0,0,0.01,0,0.01,0,0,0.01,0.01,0,0.01,0.01,0,0.01,0,0,0,0.01,-1,-1,-1,-1,-1,-1,-1,-1,-1,-1,-1,-1,-1,-1,-1,-1,-1,-1,-1,-1,-1,-1,-1,-1,-1,-1,-1,-1,-1,-1,-1,-1,-1,-1,-1,0.01,0.01,0.02,0.01,0.01,0.01,0.03,0.01,0.01,0.02,0.02,0.01,-1,-1,-1,-1,-1,-1,-1,0.01,0.05,-1,-1,0,0,0,0,0,0,0,0,0,0,0.01,0,0.01,0.01,0.02,0.01,0.05,0.04,0.02,0.05,0.03,0.02,0.05,0.05,0.07,0.1,0.08,0.05,0.06,0.03,0.02,0.07,0.08,0.05,-1,-1,-1,-1,-1,-1,-1,-1,-1,-1,0.14,0.13,0.15,-1,-1,-1,-1,-1
-1,-1,0,-1,0,0,0,0,0,0,0,0,0,0,0,0,0,0,0,0,0,0,0,0,0,0,0,0,0,0,0,0,0,0,0,0,0,0,0,0,0,0,-1,-1,0,-1,-1,-1,-1,-1,-1,-1,-1,-1,-1,-1,-1,-1,-1,-1,-1,-1,-1,0,0,0,0,0,0,0,0,0,0,0,0,0,0,0,0,0,0.01,0,0,0.01,0,0.01,0.03,0,0.02,0,-1,-1,-1,-1,-1,-1,-1,-1,-1,-1,-1,-1,-1,-1,-1,-1,-1,-1,-1,-1,-1,-1,-1,-1,-1,-1,-1,-1,-1,-1,-1,-1,-1,-1,-1,0.01,0,0.01,0,0,0,0.02,0.01,0.01,0.01,0.02,0.04,-1,-1,-1,-1,-1,-1,-1,0,0,-1,-1,0,0,0,0,0,0,0,0,0,0,0.03,0,0.01,0.02,0.02,0.04,0.02,0.03,0.07,0.02,0.02,0.05,0.05,0.04,0.07,0.03,0.07,0.03,0.07,0.06,0.06,0.07,0.09,0.06,-1,-1,-1,-1,-1,-1,-1,-1,-1,-1,0.1,0.07,0.12,0.16,0.09,0.13,0.11,0.09
-1,-1,0,-1,0,0,0,-1,-1,-1,-1,-1,0,0,0,0,0,0,0,0,0,0,0,0,0,0,0,0,0,0,0,0,0,0,0,0,0,0,0,0,0,0,0,0,0,0,-1,-1,-1,-1,-1,-1,-1,-1,-1,-1,-1,-1,-1,-1,-1,0,0,0,0,0,0,0,0,0,0,0,0,0,0,0,0,0,0.01,0,0,0,0,0,0,0,0,0,0,0,-1,-1,-1,-1,-1,-1,-1,-1,-1,-1,-1,-1,-1,-1,-1,-1,-1,-1,-1,-1,-1,-1,-1,-1,-1,-1,-1,-1,-1,-1,-1,-1,-1,-1,-1,0.03,0.02,0,0,0,0.01,0.01,0.01,0.01,0.02,0.03,0.02,0,0,0.02,0.01,0.02,0,0,0.01,0,0.01,0,0,0,0,0,0,0,0,0,0,0,0,0.03,0,0.01,0,0.02,0.04,0.01,0.06,0.06,0.06,0.06,0.08,0.11,0.03,0.06,0.06,0.08,0.06,0.09,0.06,0.06,0.11,0.08,-1,-1,-1,-1,-1,-1,-1,-1,-1,-1,0.11,0.17,0.11,0.11,0.09,0.11,0.09,0.07
-1,-1,0,-1,0,0,0,-1,-1,-1,-1,-1,0,0,0,0,0,0,0,0,0,0,0,0,0,0,0,0,0,0,0,0,0,0,0,0,0,0,0,0,0,0,0,0,0,0,0,0,0,0,0,0,0,0,0,0,0,0,0,0,0,0,0,0,0,0,0,0,0,0,0,0,0,0,0.01,0.01,0.01,0,0,0.03,0,0.02,0,0,0.02,0,0,0,0.01,0,-1,-1,-1,-1,-1,-1,-1,-1,-1,-1,-1,-1,-1,-1,-1,-1,-1,-1,-1,-1,-1,-1,-1,-1,-1,-1,-1,-1,-1,-1,-1,-1,-1,-1,-1,0.01,0,0.01,0.01,0.01,0,0.01,0,0.01,0.02,0,0.04,0.01,0,0.01,0.01,0,0,0,0.01,0,0.01,0,0,0,0,0,0,0,0,0,0,0,0,0.02,0.01,0.01,0.04,0.03,0.03,0.04,0.09,0.06,0.15,0.12,0.04,0.06,0.07,0.07,0.05,0.1,0.07,0.06,0.14,0.06,0.09,-1,-1,-1,-1,-1,-1,-1,-1,-1,-1,-1,0.16,0.07,0.07,0.13,-1,-1,-1,0.12
-1,-1,0,-1,0,0,0,-1,-1,-1,-1,-1,0,0,0,0,0,0,0,0,0,0,0,0,0,0,0,0,0,0,0,0,0,0,0,0,0,0,0,0,0,0,0,0,0,0,0,0,0,0,0,0,0,0,0,0,0,0,0,0,0,0,0,0,0,0,0,0,0,0,0,0,0,0,0,0.01,0,0,0,0,0,0.02,0.01,0,0.01,0,0.02,0.01,0,0,-1,-1,-1,-1,-1,-1,-1,-1,-1,-1,-1,-1,-1,-1,-1,-1,-1,-1,-1,-1,-1,-1,-1,-1,-1,-1,-1,-1,-1,-1,-1,-1,-1,-1,-1,0,0.03,0.01,0.02,0,0,0,0.01,0.01,0.01,0,0.03,0,0,0,0.01,0,0.01,0.01,0.01,0,0,0,0,0,0,0,0,0,0,0,0,0,0,0,0.04,0.02,0.04,0.05,0.12,0.05,0.1,0.04,0.08,0.08,0.11,0.1,0.16,0.0799999999999999,0.1,0.13,0.08,0.06,0.14,0.14,0.1,-1,-1,-1,-1,-1,-1,-1,-1,-1,-1,-1,0.09,-1,-1,-1,-1,-1,-1,-1
-1,-1,0,-1,0,0,0,-1,-1,-1,-1,-1,0,0,0,0,0,0,0,0,0,0,0,0,0,0,0,0,0,0,0,0,0,0,0,0,0,0,0,0,0,0,0,0,0,0,0,0,0,0,0,0,0,0,0,0,0,0,0,0,0,0,0,0,0,0,0,0,0,0,0,0,0,0,0,0,0,0.01,0.02,0,0.01,0,0,0,0,0,0,0,0.01,0.01,-1,-1,-1,-1,-1,-1,-1,-1,-1,-1,-1,-1,-1,-1,-1,-1,-1,-1,-1,-1,-1,-1,-1,-1,-1,-1,-1,-1,-1,-1,-1,-1,-1,-1,-1,0,0.01,0.01,0,0,0,0.01,0.03,0.01,0,0.02,0.01,0.02,0.01,0,0.03,0.01,0,0,0.01,0,0,0,0,0,0,0,0,0,0,0,0,0,0,0,0,0.01,0.08,0.06,0.07,0.08,0.12,0.12,0.06,0.13,0.13,0.1,0.11,0.1,0.15,0.09,0.07,0.11,0.08,0.13,0.1,-1,-1,-1,-1,-1,-1,-1,-1,-1,-1,-1,0.14,-1,-1,-1,-1,-1,-1,-1
-1,-1,0,-1,0,0,0,0,0,0,0,0,0,0,0,0,0,0,0,0,0,0,0,0,0,0,0,0,0,0,0,0,0,0,0,0,0,0,0,0,0,0,0,0,0,0,0,0,0,0,0,0,0,0,-1,-1,0,0,0,0,0,0,0,0,0,0,0,0,0,0,0,0,0,0,0,0,0,0,0.01,0,0.01,0,0,0,0,0,0.01,0,0,0,-1,-1,-1,-1,-1,-1,-1,-1,-1,-1,-1,-1,-1,-1,-1,-1,-1,-1,-1,-1,-1,-1,-1,-1,-1,-1,-1,-1,-1,-1,-1,-1,-1,-1,-1,0.01,0.01,0,0,0.04,0.01,0,0.01,0.01,0,0.02,0,0,0,0.01,0,0.03,0,0.01,0,0,0,0,0,0,0,0,0,0,0.01,0,0.01,0,0,0,0,0.01,0.08,0.07,0.08,0.14,0.11,0.11,0.12,0.18,0.17,0.2,0.2,0.19,0.18,0.16,0.14,0.17,0.12,0.14,0.17,-1,-1,-1,-1,-1,-1,-1,-1,-1,-1,-1,0.09,0.12,0.05,0.07,0.12,0.1,0.1,0.06
-1,-1,0,0,0,0,0,0,0,0,-1,-1,0,0,0,0,0,0,0,0,0,0,0,0,0,0,0,0,0,0,0,0,0,0,0,0,0,0,0,0,0,0,0,0,0,0,0,0,0,0,0,0,0,0,0,0,0,0,0,0,0,0,0,0,0,0,0,0,0,0,0,0,0,0,0,0,0,0,0,0.02,0.01,0,0,0,0.02,0.01,0.01,0.01,0.02,0,-1,-1,-1,-1,-1,-1,-1,-1,-1,-1,-1,-1,-1,-1,-1,-1,-1,-1,-1,-1,-1,-1,-1,-1,-1,-1,-1,-1,-1,-1,-1,-1,-1,-1,-1,0.01,0.01,0,0,0.02,0.01,0.01,0.02,0.01,0.02,0,0,0.03,0.01,0.02,0,0,0.02,0,0,0,0,0,0,0,0,0,0,0,0,0,0,0,0,0.01,0.01,0,0.12,0.12,0.07,0.11,0.2,0.13,0.16,0.19,0.24,0.23,0.21,0.33,0.25,0.19,0.16,0.16,0.16,0.16,0.11,-1,-1,-1,-1,-1,-1,-1,-1,-1,-1,-1,0.12,0.06,0.01,0.09,0.09,0.11,0.02,0.09
-1,-1,-1,0,0,0,0,0,-1,-1,-1,-1,-1,0,0,0,0,0,0,0,0,0,0,0,0,0,0,0,0,0,0,0,0,0,0,0,0,0,0,0,0,0,0,0,0,0,0,0,0,0,0,0,0,0,0,0,0,0,0,0,0,0,0,0,0,0,0,0,0,0,0,0,0,0,0,0,0,0,0,0,0.01,0,0,0,0,0,0,0.01,0,0,-1,-1,-1,-1,-1,-1,-1,-1,-1,-1,-1,-1,-1,-1,-1,-1,-1,-1,-1,-1,-1,-1,-1,-1,-1,-1,-1,-1,-1,-1,-1,-1,-1,-1,-1,0,0,0,0,0.02,0.02,0.01,0.01,0.01,0.01,0.02,0.01,0.01,0,0,0,0.03,0.01,0,0,0,0,0,0,0,0,0,0,0,0,0,0.01,0,0,0,0.02,0,0.01,0.08,0.16,0.19,0.16,0.26,0.32,0.38,0.41,0.39,0.3,0.37,0.4,0.25,0.24,0.2,0.19,0.16,0.18,-1,-1,-1,-1,-1,-1,-1,-1,-1,-1,-1,-1,-1,0.05,-1,-1,0.1,0.02,0.09
-1,-1,-1,-1,0,0,0,0,-1,-1,-1,-1,-1,0,0,0,0,0,0,0,0,0,0,0,0,0,0,0,0,0,0,0,0,0,0,0,0,0,0,0,0,0,0,0,0,0,0,0,0,0,0,0,0,0,0,0,0,0,0,0,0,0,0,0,0,0,0,0,0,0,0,0,0,0,0,0,0,0,0,0,0,0,0,0,0,0.01,0.02,0,0,0,-1,-1,-1,-1,-1,-1,-1,-1,-1,-1,-1,-1,-1,-1,-1,-1,-1,-1,-1,-1,-1,-1,-1,-1,-1,-1,-1,-1,-1,-1,-1,-1,-1,-1,-1,0,0,0,0,0.01,0.01,0.06,0.01,0.03,0.02,0.03,0.04,0.01,0.02,0.01,0,0,0,0,0,0,0,0,0,0,0,0,0,0,0,0,0,0,0,0,0.01,0,0.04,0.1,0.1,0.18,0.22,0.32,0.38,0.41,0.55,0.51,0.5,0.44,0.31,0.35,0.24,0.18,0.23,0.16,0.21,-1,-1,-1,-1,-1,-1,-1,-1,-1,0.07,0.06,0.1,0.08,0.09,0.06,0.04,0.06,0.01,0.03
-1,-1,-1,0,0,0,0,0,-1,-1,-1,-1,-1,0,0,0,0,0,0,0,0,0,0,0,0,0,0,0,0,0,0,0,0,0,0,0,0,0,0,0,0,0,0,0,0,0,0,0,0,0,0,0,0,0,0,0,0,0,0,0,0,0,0,0,0,0,0,0,0,0,0,0,0,0,0,0,0,0,0,0.01,0,0,0.02,0,0,0,0.01,0,0.01,0.01,0,0.01,0,0,0,0.02,0.01,0.01,0,0.02,-1,-1,-1,-1,-1,-1,-1,-1,-1,0,0.01,0.03,0,0.02,0,0,0.01,0.01,0.01,0,0.01,0.01,0,0,0,0,0.01,0,0.01,0.01,0.02,0.03,0.01,0.03,0.03,0,0.04,0,0.03,0.03,0.02,0,0.01,0,0,0.01,0.01,0.01,0.01,0,0.02,0.01,0.02,0.02,0.02,0.02,0.07,0.04,0,0,0.02,0,0.01,0.02,0.04,0.29,0.36,0.54,0.52,0.59,0.6,0.68,0.65,0.57,0.49,0.39,0.32,0.23,0.16,-1,-1,-1,-1,-1,-1,-1,0.15,0.16,0.08,0.09,0.12,0.01,0.05,0.01,0.07,0.06,0.02,0.02,0.04,0.05
-1,-1,-1,0,0,0,0,0,-1,-1,-1,-1,0,0,0,0,0,0,0,0,0,0,0,0,0,0,0,0,0,0,0,0,0,0,0,0,0,0,0,0,0,0,0,0,0,0,0,0,0,0,0,0,0,0,0,0,0,0,0,0,0,0,0,0,0,0,0,0,0,0,0,0,0,0,0,0,0,0,0,0,0,0,0,0,0.01,0,0.03,0.01,0,0.01,0,0.02,0,0,0.02,0,0,0.01,0,0.02,0,0.02,0.01,0,0,0,0,0.02,0,0.01,0,0,0,0,0,0,0,0,0,0,0,0,0.02,0.01,0,0,0,0,0,0.03,0,0.01,0.01,0.02,0.04,0.01,0.01,0,0,0.01,0,0,0.02,0,0.01,0.03,0,0.01,0.01,0.02,0.02,0.01,-1,-1,0.04,-1,-1,0.02,0,0.01,0.01,0.01,0.02,0.04,0.08,0.08,0.36,0.46,0.73,0.71,0.76,0.91,0.83,0.7,0.61,0.49,0.33,0.23,0.17,0.26,0.26,0.21,0.15,0.19,0.17,0.16,0.1,0.05,0.05,0.08,0.03,0.08,0.09,0.05,0.04,0.01,0.06,0.05,0.02,0.04
-1,-1,-1,0,0,0,0,0,0,0,0,0,0,0,0,0,0,0,0,0,0,0,0,0,0,0,0,0,0,0,0,0,0,0,0,0,0,0,0,0,0,0,0,0,0,0,0,0,0,0,0,0,0,0,0,0,0,0,0,0,0,0,0,0,0,0,0,0,0,0,0,0,0,0,0,0,0,0,0,0,0,0,0.02,0,0,0,0.01,0,0,0,0.01,0.01,0,0.01,-1,-1,0,0,0.01,0.01,0,0.01,0.01,0,0,0.03,0,0,0.01,0.01,0,0,0,0,0.04,0,0,0.01,0.01,0,0.04,0,0.01,0,0,0.01,0.01,0.01,0.01,0.01,0.01,0.03,0,0,0,0.01,0.01,0,0,0,0,0,0,0,0,0,0,0,0.01,0,0,0,0.06,0.02,0.03,0.01,0.06,0.03,0,0.01,0.02,0.02,0.04,0.06,0.08,0.07,0.19,0.29,0.6,0.86,0.96,1,0.9,0.77,0.64,0.42,0.44,0.32,0.2,0.16,0.1,0.18,0.14,0.12,0.09,0.07,0.07,0.04,0.03,0.02,0.03,0.02,0.02,0.03,0.05,0.01,0.06,0.05,0.04,0.05
0,0,0,0,0,0,0,0,0,0,0,0,0,0,0,0,0,0,0,0,0,0,0,0,0,0,0,0,0,0,0,0,0,0,0,0,0,0,0,0,0,0,0,0,0,0,0,0,0,0,0,0,0,0,0,0,0,0,0,0,0,0,0,0,0,0,0,0,0,0,0,0,0,0,0,0,0,0,0,0,0,0,0,0,0.01,0,0,0,0.01,0,0,0,0,0.01,-1,-1,0.01,0,0,0,0,0,0,0,0.01,0.01,0.02,0,0,0,0,0,0,0.01,0,0.01,0,0,0,0,0,0.01,0,0,0.01,0,0,0,0,0.03,0,0.02,0.01,0,0.03,0.01,0.01,0,0,0,0,0,0,0,0,0,0,0,0,0,0,0,0,0,0,0,0,0,0,0,0.01,0.02,0.03,0.05,0.1,0.11,0.19,0.3,0.39,0.81,0.97,0.97,0.84,0.81,0.57,0.49,0.43,0.26,0.32,0.2,0.17,0.13,0.15,0.11,0.04,0.06,0.06,0.07,0.05,0.08,0.03,0.02,0.05,0.03,0.08,0.07,0.03,0.09,0.02,0.07
0,0,0,0,0,0,0,0,0,0,0,0,0,0,0,0,0,0,0,0,0,0,0,0,0,0,0,0,0,0,0,0,0,0,0,0,0,0,0,0,0,0,0,0,0,0,0,0,0,0,0,0,0,0,0,0,0,0,0,0,0,0,0,0,0,0,0,0,0,0,0,0,0,0,0,0,0,0,0,0,0,0,0,0,0,0,0,0,0,0.01,0,0,0,0,-1,-1,0,0.03,0.01,0,0,0,0.01,0,0,0.02,0,0,0,0,0,0,0,0,0.01,0.03,0,0,0.01,0,0.01,0,0,0,0,0,0,0.01,0,0,0,0,0.01,0,0.01,0,0,0,0,0,0,0,0,0,0,0,0,0,0,0,0,0,0,0,0.01,0.01,0.02,0.04,0.05,0.07,0.08,0.01,0.02,0.1,0.03,0.12,0.19,0.3,0.27,0.54,0.66,0.79,0.63,0.72,0.45,0.37,0.34,0.27,0.18,0.15,0.18,0.1,0.1,0.08,0.02,0.07,0.06,0.02,0.05,0.06,0.04,0.03,0.01,0.01,0.02,0.03,0.06,0.02,0.04,0.02
0,0,0,0,0,0,0,0,0,0,0,0,0,0,0,0,0,0,0,0,0,0,0,0,0,0,0,0,0,0,0,0,0,0,0,0,0,0,0,0,0,0,0,0,0,0,0,0,0,0,0,0,0,0,0,0,0,0,0,0,0,0,0,0,0,0,0,0,0,0,0,0,0,0,0,0,0,0,0,0,0,0,0,0,0,0,0.01,0,0,0,0,0,0,0.01,0.01,0,0.01,0,0,0.02,0.01,0.01,0,0,0.01,0,0,0,0,0,0,0.01,0,0,0,0.01,0,0,0.01,0,0,0,0,0,0.01,0.01,0,0.01,0.01,0,0,0.01,0.01,0,0,0,0,0,0,0,0,0,0,0,0,0,0,0,0,0.03,0,0.03,0.03,0.02,0.01,-1,-1,-1,-1,-1,0.06,0.02,0.02,0.05,0.1,0.11,0.18,0.14,0.21,0.3,0.29,0.32,0.69,0.52,0.41,0.42,0.31,0.28,0.22,0.18,0.14,0.12,0.1,0.06,0.03,0.04,0.07,0.06,0.05,0.04,0.04,0.02,0.04,0.01,0.02,0.06,0.01,0.06,0.01,0.03
-1,-1,0,0,0,0,0,0,0,0,0,0,0,0,0,0,0,0,0,0,0,0,0,0,0,0,0,0,0,0,0,0,0,0,0,0,0,0,0,0,0,0,0,0,0,0,0,0,0,0,0,0,0,0,0,0,0,0,0,0,0,0,0,0,0,0,0,0,0,0,0,0,0,0,0,0,0,0,0,0,0,0,0,0,0,0,0,0,0,0.01,0.01,0,0,0.01,-1,-1,-1,-1,-1,0,0.01,0,0,0,0.02,0,0,0,0,0,0.01,0,0.01,0,0,0,0.01,0,0,0,0,0,0,0,0,0,0.01,0,0,0.02,0.01,0,0,0,0,0.01,0,0.01,0,0,0.01,0.01,0.01,-1,-1,-1,-1,-1,-1,-1,-1,-1,-1,-1,-1,-1,-1,-1,-1,-1,0.06,0.07,0.05,0.04,0.06,0.08,0.06,0.11,0.12,0.3,0.21,0.28,0.23,0.14,0.34,0.39,0.27,0.22,0.19,0.08,0.09,0.1,0.08,0.08,0.07,0.08,0.08,0.07,0.06,0.04,0.04,0.03,0.02,0.03,0.02,0.08,0.04,0.04,0.03,0.03
0,0,0,0,0,0,0,0,0,0,0,0,0,0,0,0,0,0,0,0,0,0,0,0,0,0,0,0,0,0,0,0,0,0,0,0,0,0,0,0,0,0,0,0,0,0,0,0,0,0,0,0,0,0,0,0,0,0,0,0,0,0,0,0,0,0,0,0,0,0,0,0,0,0,0,0,0,0,0,0,0,0,0,0,0,0,0,0,0,0,0,0,0,0,0,0,0,0.01,0,0,0,0,0.01,0.01,0,0,0,0,0,0,0,0.01,0,0.01,0,0,0,0,0.01,0.01,0,0,0,0.01,0,0,0.01,0.01,0,0,0,0,0.01,0,0,0,0,0,0.01,0,-1,-1,-1,-1,-1,-1,-1,-1,-1,-1,-1,-1,-1,-1,-1,-1,-1,-1,-1,-1,-1,-1,-1,0.05,0.02,0.03,0.06,0.08,0.17,-1,-1,-1,-1,-1,0.15,0.08,0.23,0.14,0.12,0.12,0.06,0.06,0.06,0.1,0.03,0.08,0.05,0.05,0.03,0.04,0.05,0.04,0.04,0.02,0.02,0.03,0.02,0,0.02,0.03
0,0,0,0,0,0,0,0,0,0,0,0,0,0,0,0,0,0,0,0,0,0,0,0,0,0,0,0,0,0,0,0,0,0,0,0,0,0,0,0,0,0,0,0,0,0,0,0,0,0,-1,-1,0,0,0,0,0,0,0,0,0,0,0,0,0,0,0,0,0,0,0,0,0,0,0,0,0,0,0,0,0,0,0,0,0,0,0,0,0,0,0,0,0,0,0,0,0.01,0.01,0,0,0,0,0.01,0.01,0.02,0,0,0,0.01,0,0,0,0.01,0,0,0,0.01,0,0,0,0,0,0,0,0,0.02,0,0,0,0,0,0.01,0,0,0.04,0,0,0,-1,-1,-1,-1,-1,-1,-1,-1,-1,-1,-1,-1,-1,-1,-1,-1,-1,-1,-1,-1,-1,-1,-1,-1,-1,0.02,0.05,0.03,0.08,0.04,0.16,-1,-1,-1,-1,-1,0.19,0.06,0.02,0.02,0.13,0.13,0.13,0.05,0.04,0.06,0.05,0.04,0.02,0.03,0.02,0.04,0.03,0.02,0.03,0.02,0.02,0.02,0.02,0.03,0.02,0.03
0,0,0,0,0,0,0,0,0,0,0,0,0,0,0,0,0,0,0,0,0,0,0,0,0,0,0,0,0,0,0,0,0,0,0,0,0,0,0,0,0,0,0,0,0,0,0,0,0,0,-1,-1,0,0,0,0,0,0,0,0,0,0,0,0,0,0,0,0,0,0,0,0,0,0,0,0,0,0,0,0,0,0,0,0,0,0,0,0,0,0,0,0,0,0,0,0,0,0,0,0,0,0,0,0.02,0,0,0,0,0,0,0.02,0.02,0,0,0.01,0.01,0,0.01,0,0,0.01,0,0,0.01,0,0,0,0,0,0,0,0,0.01,0,0,0.01,0,0.01,-1,-1,-1,-1,-1,-1,-1,-1,-1,-1,-1,-1,-1,-1,-1,-1,-1,-1,-1,-1,-1,-1,-1,-1,-1,0.02,0.01,0.03,0.02,0.15,0.15,-1,-1,-1,-1,-1,0.09,0.12,0.01,0.01,0.01,0.01,0,0.11,0.08,0.06,0.07,0.06,0.02,0.05,0.02,0.02,0.04,0.06,0,0.03,0.04,0.03,0,0.02,0.02,0.02
