0.03,-1,-1,-1,0.01,0.02,0,0,0.03,0.03,0,0.02,0,0.02,0,0.01,0,0,0.03,0.01,0.01,0,0.01,0,0.01,0.01,0,0.01,0.01,0,0.01,0,0,0.01,0.02,0.01,0,0,0,0,0,0,0,0,0,0,0,0,0,0,0,0,0,0,0,0,0,0,0,0,0,0,0.01,0,0.01,0,0.02,-1,-1,-1,0,0,0,0,0,0,0,-1,-1,-1,-1,-1,-1,-1,-1,-1,-1,-1,-1,0,0,0,0.01,0,0.01,0.01,-1,-1,-1,-1,0,-1,0,0,-1,-1,-1,-1,-1,-1,-1,-1,-1,-1,0,0.01,0.02,0.01,0,0,0.01,0,0.01,0.01,0.02,0.01,0.01,0,0.01,0.01,0.01,0.03,0.02,0.03,0.01,0.02,0.01,0.03,0.02,0.02,0.02,0,0,0.03,-1,-1,-1,-1,-1,-1,-1,-1,-1,-1,0.01,0,0.03,0,0.02,0,0.01,-1,-1,-1,0.01,0.01,0,0,0.01,0.02,0,0.01,0.01,0.02,0.02,0,0,0,0,0,0,0,0,0,0,0,0,0,0,0,0,0,0,0,0,0,0,0,0,0
-1,0.01,-1,-1,-1,0.01,0.01,0.02,0,0.01,0.01,0.01,0.01,0.02,0,0,0,0.02,0.01,0,0.01,0.01,0.01,0.02,0,0.01,0.01,0.01,0,-1,-1,0,0.01,0,0.02,0,0.01,0,0,0,-1,-1,0,0,0,0,0,0,0,0,0,0,0,0,0,0,0,0,0,0,0.01,-1,0,0.01,0,0.01,0,-1,-1,-1,0.01,0.02,0,0,0,0,0,-1,-1,-1,-1,-1,-1,-1,-1,-1,-1,-1,-1,0,0,0,0,0.01,0.01,0.01,-1,-1,-1,-1,0,-1,0,0,-1,-1,-1,-1,-1,-1,-1,-1,-1,-1,0.01,0,0.01,0.01,0,0.02,0.01,0.01,0.03,0.02,0.04,0.02,0.03,0,0.01,0.01,0.01,-1,-1,-1,-1,-1,-1,-1,-1,-1,0.01,0,0.01,0.02,-1,-1,-1,-1,-1,-1,-1,-1,-1,-1,0.04,0.01,0.02,0.03,0.02,0.06,0,-1,-1,-1,0.02,0,0,0.04,-1,-1,-1,-1,-1,-1,-1,0.02,0,0,0,-1,-1,-1,-1,-1,-1,-1,-1,-1,-1,-1,-1,-1,0,0,0,0,0,0,0,0
0.04,0.01,-1,-1,-1,-1,-1,-1,-1,-1,-1,0.04,0.01,0,0,0.02,0,0.01,0.02,-1,-1,-1,-1,0.01,0,-1,-1,-1,-1,-1,0.01,0,0.02,-1,0,0.03,0,0,0.01,0,-1,-1,0,0,0,-1,0,0,0,0,0,0,0,0,0,-1,-1,-1,-1,-1,0.01,-1,0,0.01,0.01,0.01,-1,-1,-1,-1,0.01,0,0.01,0,0,0,0.01,0,0.01,0.01,0.02,0.01,0.02,0.01,0,0,-1,-1,-1,0.01,0,0,0,0.01,0.01,0,-1,-1,-1,-1,0,-1,0,0,-1,-1,-1,-1,-1,-1,-1,-1,-1,-1,-1,-1,-1,-1,-1,-1,-1,-1,0,0,0.01,0.04,0.01,0.01,0.01,-1,-1,-1,-1,-1,-1,-1,-1,-1,-1,-1,0.01,0,0.02,0.03,0.02,0.01,0.01,0.02,0.01,0.01,0.02,0.01,0.04,0.01,0.05,0.03,0.02,0.01,0.02,0,0.02,-1,-1,-1,0.02,0,0,0.03,0.01,-1,-1,-1,-1,-1,-1,0,0.01,0,0,-1,-1,-1,-1,-1,-1,-1,-1,-1,-1,-1,-1,-1,0,0,0,0,0,0,-1,-1
-1,0.02,0.01,0.01,-1,-1,-1,-1,-1,-1,-1,-1,0.04,-1,-1,-1,-1,-1,-1,-1,-1,-1,-1,0,0,-1,-1,-1,-1,-1,0.01,0,-1,-1,0.01,0,0,0,0,0,0,0,0,0,0,0,0,0,0,0,0,0,0,0,0,0,0.02,0,0,0,0.03,-1,0,0,0,0.02,0.01,-1,-1,-1,0,0,0,0,0,0.01,0,0,0,0,0.01,0.01,0.01,0,0.01,0,0,0,0.01,0,0,0,0,0.01,0,-1,-1,-1,-1,-1,0,-1,0.05,0.05,-1,-1,-1,-1,-1,-1,-1,-1,-1,-1,-1,-1,-1,-1,-1,-1,-1,-1,0.03,0.01,0.01,0.02,0.03,0.04,0,-1,-1,0.02,0.01,0.02,0.02,0.04,-1,-1,-1,-1,0,0,0.02,0.02,0.01,0.05,0.04,0.02,0.03,0.04,0.05,0.04,0.01,0.01,0.03,0.02,0.02,0.01,0.01,0.01,0.02,-1,-1,-1,0,0.03,0.01,0.03,0,-1,-1,-1,-1,-1,-1,0,0,0,0,-1,-1,-1,-1,-1,-1,-1,-1,-1,-1,-1,0,0,0,0,0,0,0,0,-1,-1
-1,0.01,0,-1,0.02,0.01,0.04,0.01,-1,-1,-1,-1,0.03,0,-1,-1,0.02,0.01,0,0.02,0,0,0,0,0.01,0.02,0,-1,0.01,0,0.04,0,-1,-1,0,0.03,0,0,0.01,0.02,0,0,0,0,0,0,0,0,0,0,0,0,0,0,0,0,0,0,0,0.02,-1,-1,0.01,0,0.01,0.01,0,-1,-1,-1,0,0.02,0.02,0.01,0.01,-1,-1,-1,0.01,0.04,-1,-1,-1,-1,-1,-1,-1,-1,0.01,0,0.03,0.02,0,0.01,0.01,0,0,0.01,0,0,0.01,-1,0.02,0.03,-1,-1,-1,-1,-1,-1,-1,-1,-1,-1,-1,-1,-1,-1,-1,-1,-1,-1,0.01,0.03,0,0.04,0.03,0.02,0.01,0.03,0.02,0.04,0.02,0.02,0.02,0.05,0.06,0.03,0.02,0.03,0.03,0.05,0.02,0.03,0.01,0.02,0.04,0.01,0.04,0.03,0.05,0.04,0.01,0.03,0.02,0.02,0.01,0.03,0.01,0,0.01,-1,-1,-1,0.02,0,0,0,0,-1,-1,-1,-1,-1,0.02,0.01,0,0,0,0,0,0,0,0,0,0,0,0,0,0,0,0,0,0,0,0,0,0,-1,-1
0.03,0.01,0,0,0.01,0,-1,-1,0.01,0.02,-1,-1,-1,0.01,-1,-1,0.01,0.02,0.01,-1,-1,-1,0.01,0,0.01,0,-1,-1,0.01,0,0,0,0.01,0.01,0,0.01,0,0,0.02,0.01,0,0,0,0,0,0,0,0,0,0,0,0,0,0,0,0,0,0,0,0,0.02,0.01,0.03,0,0,0.02,0.03,0,-1,-1,-1,-1,0,0.01,0.02,0,0,0.02,0.01,0.01,-1,-1,-1,-1,-1,-1,-1,-1,0,0,0,0.01,0,0.01,0.01,0,0,0,0,0,0,-1,0.03,0,-1,-1,-1,-1,-1,-1,-1,-1,-1,-1,-1,-1,-1,-1,-1,-1,-1,-1,0.02,0.03,0.01,0.01,0.01,0.01,0.03,0.05,0.05,0.02,0.04,0.02,0.04,0.04,0.03,0,0.04,0.01,0.01,0.04,0.05,0.02,0.01,0.03,0.07,0.04,0.02,0.02,0.04,0.02,0.02,0.03,0.04,0.01,0.02,0.02,0.05,0.03,0.02,-1,-1,-1,0,0.01,0.01,0.01,0,-1,-1,-1,-1,-1,0,0.01,0,0,0.03,0,0,0,0,0,0,0,0,0,0,0,0,0,0,0,0,0,0,0,0,0
-1,0.01,0.03,-1,-1,0.01,0.02,0.01,0,0,0.01,0.02,0.03,-1,-1,0,0.01,0.02,0.02,0.02,0.02,-1,-1,-1,-1,-1,-1,0,0.01,-1,-1,-1,-1,-1,0,0.03,0.01,0,0,0,0,0,0,0,0,0,0,0,0,0,0,0,0,0,0,0,0,0,0,0,0,0,0,0,0,0,0,0.01,0.01,0,0,0.01,0,0.01,0.01,0.01,0.01,0.01,0.01,0.01,0,0,0,0,0.02,0.01,0,0.01,0,0,0,0.01,0.01,0.01,0,0.01,0.01,0,0,-1,0,-1,0.01,0,-1,-1,-1,-1,-1,-1,-1,-1,-1,-1,-1,-1,-1,-1,-1,-1,-1,-1,0.01,0.01,0.01,0.02,0.01,0.03,0,-1,-1,-1,-1,-1,-1,-1,-1,-1,-1,-1,0.04,0.1,0.04,0.01,-1,-1,-1,-1,-1,-1,-1,-1,-1,0.01,0.01,0.04,0.01,0.01,0.01,0.04,0.03,0.01,0.01,0.01,0,0,0.02,0.02,0.01,-1,0.01,0,0.02,0.02,0.01,0.03,0.01,0,0,0,0,0,0,0,0,0,0,0,0,0,0,0,0,0,0,0,0,0,0,0
-1,0.03,0.01,-1,-1,0.03,-1,-1,-1,-1,-1,-1,-1,-1,-1,-1,-1,-1,-1,0.03,0.02,-1,-1,-1,-1,-1,-1,0.01,0.01,-1,-1,-1,-1,-1,0.01,0.01,0,0,0.02,-1,-1,-1,-1,-1,-1,-1,-1,-1,-1,-1,-1,-1,0.01,-1,0,0,0,0,0,0,0,0,0,0,0.01,0.01,0,0,0.02,0.03,0.02,0.01,0,0.01,0.02,0.01,0.01,0,0,0.02,0.01,0,0.01,0,-1,-1,0,0.02,0.01,0.01,0,0,0.02,0,0.01,0,0,0,0.02,-1,0.01,-1,0,0.03,-1,-1,-1,-1,-1,-1,-1,-1,-1,-1,-1,-1,-1,-1,-1,-1,-1,-1,0,0.02,0.05,0.03,0,0.04,0.01,-1,-1,-1,-1,-1,-1,-1,-1,-1,-1,-1,0.11,0.06,0.03,0.02,0.03,0.06,0.04,0.05,0.03,0.02,0.02,0.02,0.04,0.01,0.04,0.03,0.02,0.01,0.02,0.02,0,0.01,0.02,0.01,0.01,0.01,0.01,0.02,0.01,0,0.01,0.01,0.02,0.01,0,0,0.02,0,0.01,0.01,0,0,0,0,0,0,0,0,0,0,0,0,0,0,0,0,0,0,0,0
-1,0.03,0.01,-1,-1,0.01,-1,-1,-1,-1,-1,-1,-1,-1,-1,-1,-1,-1,-1,0.01,0.02,-1,-1,0.02,0.01,0.03,0.03,-1,-1,-1,-1,0.01,-1,-1,0,0,0,0,0,-1,0,-1,-1,-1,-1,-1,-1,-1,-1,-1,-1,-1,-1,-1,-1,0,0,0,0,0,0,0,0,0,0,0,0.01,0.01,0.02,0.01,0,0.01,0.03,0.03,0.02,0.01,0.01,0,0.04,0,0,0.01,0,0.02,0.01,0.03,0.01,0,0.01,0,0,0,0.02,0.01,0,0,0,0,0.01,-1,0.03,0.03,0.04,0.03,-1,-1,-1,-1,-1,-1,-1,-1,-1,-1,-1,-1,-1,-1,-1,-1,-1,-1,0,0.01,0.01,0.01,0.04,0.07,0.04,0.03,0.06,-1,0.05,0.09,-1,-1,0.04,0.05,0.01,0,0.02,0.04,0.05,0.04,0.03,0.06,0.05,0.05,0.04,0.03,0.03,0.07,0.06,0.07,0.06,0.03,0.01,0.02,0.02,0.04,0.03,0.02,0.01,0,0.02,0.06,0.01,0.02,0.03,0,0,0.02,0.01,0,0.01,0.01,0.02,0.01,0.01,-1,-1,-1,-1,0,0,0,0,0,0,0,0,0,0,0,0,0,0,0,0,0
-1,0.03,0.03,0.06,0.03,0.05,0.01,0.02,0.03,0.02,0.02,0.05,0.01,-1,-1,-1,-1,-1,-1,0.06,0,-1,-1,0.03,-1,-1,-1,-1,-1,-1,-1,0,-1,-1,0,0,0.01,0,0,0,0.01,0.01,0,0.01,0,0,0,0,0,0.01,0,0,0,0.01,0,0,0,0,0,0,0,0,0,0,0.01,0,0,-1,-1,-1,-1,-1,-1,-1,-1,-1,-1,-1,-1,-1,-1,0.01,0.01,0.02,0.01,0,-1,-1,-1,-1,-1,-1,-1,-1,-1,-1,-1,-1,-1,-1,0.07,0.03,0.04,0.03,-1,-1,-1,-1,-1,-1,-1,-1,-1,-1,-1,-1,-1,-1,-1,-1,-1,-1,0.01,0.02,0.04,0.02,0.03,0.02,0.02,0.03,0.02,0.07,0.02,0.06,0.05,0.05,0.06,0.04,0,0.02,0,0.1,0.09,0.0900000000000001,0.11,0.04,0.04,0.08,0.03,0.03,0.06,0.03,0.03,0.01,0.04,0.03,0.05,0.06,0.02,0,0.03,0.01,-1,-1,-1,-1,-1,-1,-1,-1,-1,-1,-1,-1,0,0,0.01,0,0,0.01,-1,-1,0,0,0,0,0,0,0,0,0,0,0,0,0,0,0,0,0,0
0.04,0.02,0.01,0.04,0.03,0.01,0.01,0.03,0,0.05,0.07,0.03,0.03,0.01,0.03,0.02,0.01,0.01,0.01,0.04,0.02,-1,-1,0.02,0.02,0,0.02,0.01,0.01,0,-1,0.01,-1,-1,0.01,0,0,0.03,0,0,0.01,0,0,0,0,0,0,0,0,0,0,0,0,0,0,0,0,0,0,0,0,0,0,0,0,0,0.02,-1,-1,-1,-1,-1,-1,-1,-1,-1,-1,-1,-1,-1,-1,-1,-1,0.02,0.01,0.01,-1,-1,-1,-1,-1,-1,-1,-1,-1,-1,-1,-1,-1,-1,0.03,-1,-1,0.08,0.04,0.02,0.03,0.04,0.09,0.02,0.04,0.04,0,0.02,0.03,0.02,0.02,0,0.02,0.02,0,0.01,0.01,0,0.02,0.02,0.05,0.05,0.05,0.02,0.04,0.03,0.07,0.1,0.06,0.12,0.06,0.06,0.01,0,0.03,0.05,0.06,0.05,0.1,0.05,0.04,0.05,0.04,0.01,0.04,0.04,0.03,0.05,0.01,0.01,0.05,0.04,0.02,0.01,0.05,0.01,-1,-1,-1,-1,-1,-1,-1,-1,-1,-1,-1,-1,0,0,0,0,0,-1,-1,-1,-1,0,0,0,0,0,0,0,0,0,0,0,0,0,0,0,0,0
-1,-1,-1,-1,-1,-1,-1,-1,-1,0.03,0.02,0.03,0.01,0.02,0.01,0,0.03,0.02,0.02,0.03,0.01,0,0.02,0.01,0.03,0,0.01,0,0,0.01,0,0.01,0,0.01,0.01,0.01,0,0,0,0,0,0,0,0,0.01,0.01,0,0.01,0,0,0,0,0,0,0,0,0,0,0,0,0,0,0,0,0,0.02,0,-1,-1,-1,-1,-1,-1,-1,-1,-1,-1,-1,-1,-1,-1,-1,-1,-1,-1,0.01,0.01,0,0,0,0.01,0.01,0,0,0.01,0.01,0,0.01,0,0.05,0.04,-1,-1,0.06,0.07,0.02,0.02,0.01,0.02,0.03,0.03,0.04,0.09,0.03,0.01,0,0.02,0.03,0,0.04,0.01,0.02,0.03,0.03,0.03,0.01,0.06,0.05,0.06,0.03,-1,-1,-1,-1,-1,-1,-1,-1,0.02,0.05,0.02,0.09,-1,-1,-1,-1,-1,-1,-1,-1,-1,-1,-1,-1,0.03,0.02,0.02,0.04,0.02,0.02,0.02,0.02,-1,0.02,0.01,0.03,0,0.03,0,0,0,0,0.01,0,0.01,0,0,0.01,0.01,0,0,0,0,0,0,0,0,0,0,0,0,0,0,0,0,0,0,0,0,0
-1,-1,-1,-1,-1,-1,-1,-1,-1,-1,-1,-1,-1,-1,-1,-1,-1,-1,-1,-1,-1,-1,-1,-1,-1,-1,-1,-1,-1,-1,-1,-1,-1,-1,0,0,0.01,0.01,0.01,0,0.02,0,0,0,0,0.02,0.02,0,0,0,0,0.01,0,0,0,0,0,0,0,0,0,0,0,0,0,0,0,-1,-1,-1,0,0.01,0.02,0,0.01,0.01,0.01,0.02,0.01,-1,-1,-1,-1,0.02,-1,0,0,0,0,0,0,0.01,0,0,0.01,0,0,0,0,0.02,0.04,0.01,0.04,0.02,0.04,0.02,0.06,0.03,0.04,0.03,0.02,0,0.03,0.02,0.01,0,0.01,0.02,0,0.03,0.03,0.02,0.01,0.04,0.02,0.04,0.04,0.01,0.1,0.04,-1,-1,-1,-1,-1,-1,-1,-1,0.03,0.03,0.04,-1,-1,0.07,-1,-1,-1,-1,-1,-1,-1,-1,-1,-1,0.06,0.04,0.03,0.05,0.01,0.02,0.01,0.02,0.03,0.04,0,0.02,0.04,0.02,0.01,0.01,0.03,0.01,0.01,0.03,0.01,0.01,0.01,0.01,0,0,0,0,0,0,0,0,0,0,0,0,0,0,0,0,0,0,0,0,0,0
-1,-1,-1,-1,-1,-1,-1,-1,-1,-1,-1,-1,-1,-1,-1,-1,-1,-1,-1,-1,-1,-1,-1,-1,-1,-1,-1,-1,-1,-1,-1,-1,-1,-1,0,0,0,0,0.01,0,0,0.01,0,0,0.03,0.01,0.01,0,0.01,0,0,0,0.01,0,0,0,0,0,0,0,0,0,0,0,0,0,0,0.02,0.01,-1,0.01,0.02,0.01,0.01,0.02,0,0.01,0,0.03,-1,-1,-1,-1,0.01,-1,0.02,0,0,0,0,0.02,0.01,0,0.01,0.01,0,0.01,0,0.02,0.05,0.03,0.04,0.03,0.02,0,0.02,0.01,0.03,0,0.05,0.02,0.03,0.04,0.04,0.02,0.05,0.01,0.03,0.02,0.02,0.01,0,0.03,0.03,0.02,0.03,0.03,0.06,0.1,0.05,-1,0.06,0.13,0.06,0.11,0.2,0.16,0.14,0.09,0.06,0.06,-1,-1,0.14,0.13,0.08,0.16,0.09,0.09,0.05,0.08,0.01,0.06,0.03,0.03,0.02,0.01,0.03,0.04,0.03,0.03,0,0,0.03,0.01,0.04,0.01,0.01,0.02,0.02,0.02,0,0.01,0.01,0.01,0.04,0.02,0,0,0.01,0.01,0.01,-1,-1,-1,-1,-1,0,0,0,0,0,0,0,0,0,0,0,0,0
0.08,0.01,0.07,0.06,-1,-1,-1,-1,-1,-1,-1,-1,-1,-1,-1,-1,-1,-1,-1,-1,-1,-1,-1,-1,-1,-1,-1,-1,-1,-1,-1,-1,-1,-1,0.01,0.02,0,0.04,0.01,0,0,0,0.01,0.01,0.01,0,0.02,0.01,0.01,0,0,0.01,0,0.01,0,0,0,0,0,0,0,0,0,0,0,0,0,0.01,0,-1,-1,-1,0,0.01,0.01,0.02,0.02,0.01,0.01,-1,-1,-1,-1,0.02,-1,0.02,0,0,0,0.02,0,0,0.01,0.01,0,0.01,0,0,0.02,0.01,0.03,0.02,0.03,0,0.01,0.04,0.01,0.03,0.02,0.06,0.02,0.04,0.04,0.03,0.07,0.02,0.04,0.03,0,0.02,0.01,0.04,0.04,0.06,0.04,0.01,0.03,0.06,0.04,0.11,0.08,0.12,0.07,0.15,0.14,0.15,0.14,0.18,0.12,0.13,0.06,0.18,0.15,0.17,0.13,0.1,0.12,0.08,0.07,0.13,0.06,0.06,0.06,0.04,0.05,0.05,0.03,0.02,0.01,0.05,0.06,0.03,0.02,0.01,0.02,0.07,0.03,0.04,0.02,0.01,0.01,0.01,0,0.01,0.01,0,0,0,0.01,0,0,0,0,0,-1,-1,0,-1,0,0,0,0,0,0,0,0,0,0,0,0
-1,-1,-1,0.08,0.06,0.07,0.07,0.02,0.04,0.1,0.1,0.06,0.04,0.03,0.08,0.04,0.03,0.01,0.06,0.07,0.02,-1,-1,-1,-1,-1,-1,-1,-1,-1,-1,-1,-1,-1,0.02,0,0,0,0,0.01,0,0,0.01,0.01,0.03,0.01,0.02,0.02,0,0.01,0,0,0,0.01,0.01,0.01,0,0,0,0,0,0,0,0,0,0,0,0,0.01,-1,-1,-1,-1,-1,-1,-1,-1,-1,-1,-1,-1,0.02,0,0.01,-1,0.04,0,0,0.01,-1,-1,-1,-1,-1,-1,-1,-1,-1,-1,0.04,0,-1,-1,-1,-1,-1,-1,-1,-1,-1,-1,0.05,0.03,0.02,-1,-1,-1,-1,-1,-1,-1,-1,-1,-1,-1,0.05,0.02,0.05,0.1,0.07,0.02,0.09,0.13,0.17,0.14,0.16,0.16,0.15,0.16,0.13,0.13,0.23,0.3,0.2,0.13,0.11,0.16,0.18,0.1,0.12,0.04,0.01,0.07,0.03,0.05,0.06,0.06,0.06,0.03,0.04,0.04,0.04,-1,-1,-1,-1,-1,-1,-1,-1,-1,-1,0,-1,-1,0.01,0.01,0.02,0,0,0.01,0,0,-1,-1,-1,0,0,0,0,0,0,0,0,-1,-1,0,0,0,0
0.06,0.07,0.03,0.04,0.05,0.06,0.03,0.04,0.05,0.06,0.06,0.03,0.06,0.07,0.07,0.05,0.01,0.02,0.05,0.02,0.03,0.01,0.03,0,0.01,0.02,0.02,0.01,0.04,0,0.03,-1,-1,-1,0,0.01,0,0.01,0,0.01,0,0,0,0.02,0.02,0.04,0.01,0.03,0.03,0,0.01,0.01,0.01,0,0.01,0.02,0,0.01,0,0,0,0,0,0,0,0,0,0,0,0.01,0.05,0.01,0.03,0.02,0.01,-1,-1,-1,-1,-1,-1,0.01,0,0.02,0.03,0,0,0,0,-1,-1,-1,-1,-1,-1,-1,-1,-1,-1,0,0.02,-1,-1,-1,-1,-1,-1,-1,-1,-1,-1,0.03,0.01,0.04,-1,-1,-1,-1,-1,-1,-1,-1,-1,-1,-1,0.03,0.09,0.03,0.07,0.06,0.15,0.07,0.11,0.13,0.16,0.17,0.19,-1,0.24,0.22,0.23,-1,-1,-1,-1,-1,-1,-1,-1,-1,-1,-1,0.08,-1,0.04,0.02,0.03,0.03,0.02,0.03,0.02,-1,-1,-1,-1,-1,-1,-1,-1,-1,-1,-1,-1,-1,-1,0,0,0.03,0.02,-1,-1,0,0,-1,-1,-1,0,0,0,0,0,0,-1,-1,-1,-1,-1,0,0,0
0.08,0.06,0.06,0.09,0.1,0.04,0.08,0.07,0.06,-1,-1,-1,-1,-1,-1,-1,-1,-1,-1,-1,-1,-1,0.03,0.01,0.01,-1,-1,0,0.02,0.01,0,0.02,0.01,0,0,0.02,0.01,0,-1,-1,0.01,0,0.01,0.02,0,0.01,0.03,0.02,0.03,0,0,0.01,0,0.01,0,0,0.01,0.01,0.01,0,0,0,0,0,0,0,0,0,0,0,0,0,0,0,0,0.02,0.02,0.03,0.01,-1,-1,0.03,0,0,0,0,0,0,0,0.03,0.02,0.02,0.02,0.01,0.02,0.01,0,0.01,0.06,0.05,0.03,0.03,0.02,0.03,0.04,0.07,0.04,0.06,0.03,0.02,0.03,0.03,0.03,0,0.02,0.02,0.03,0.08,0.06,0.01,0.02,0,0.03,0.01,0.04,0.05,0.03,0.06,0.05,0.1,-1,-1,-1,-1,-1,-1,-1,-1,0.45,0.37,0.48,-1,-1,-1,-1,-1,-1,-1,-1,-1,-1,-1,-1,-1,0.05,0.08,0.01,0.05,0.02,0.01,0.05,0.04,0.03,-1,-1,-1,-1,-1,-1,-1,-1,-1,-1,-1,0.01,0,0,0.02,0,-1,-1,0.01,0,0,0,0,0,0,0,0,0,0,-1,-1,0,0,0,0,0,0
0.05,0.04,0.08,0.1,-1,-1,-1,-1,0.11,-1,-1,-1,-1,-1,-1,-1,-1,-1,-1,-1,-1,-1,-1,-1,-1,-1,-1,0.04,0.01,0.03,0.02,0,0.02,0.02,0.01,0.01,0.01,0.04,-1,-1,0,0.01,0.01,0,0.02,0.02,0.02,0.02,0.03,0.01,0,0,0.01,0.02,0,0,0.01,0.01,0.01,0.01,0.01,0,0,0,0,0,0,0,0.01,0,0,0,0,0,0,0,0,0,0,0,0,0,0,0,0,0,0,0,0.01,0.06,0.04,0.01,0.01,0.03,0,0.01,0.02,0.01,0.04,0.02,0.02,0.03,0.02,0.02,0.05,0.05,0,0.02,0,0,0.01,0.02,0.01,0.02,0.01,0.03,0.01,0.01,0.01,0,0,0,0,0.04,0.04,0.03,0.05,0.06,0.05,0.1,-1,-1,-1,-1,-1,-1,-1,0.43,0.54,0.68,0.67,-1,-1,-1,-1,-1,-1,-1,-1,-1,-1,-1,-1,0.06,0.09,0.09,0.06,0.03,0.07,0.02,0.01,0.05,0.01,0,0.02,0,0.02,-1,-1,0.02,0.01,0,0.02,0,0,0.01,0.01,0,0,0,0.02,0,0,0,0,0,0,-1,-1,-1,-1,-1,0,0,0,0,0,0,0,0
0.08,0.15,0.11,0.07,-1,-1,-1,0.1,0.12,-1,-1,-1,-1,-1,-1,-1,-1,-1,-1,-1,-1,-1,-1,-1,-1,-1,-1,0.03,0.02,-1,-1,-1,0.02,0.03,0.01,0.01,0.01,0,-1,0.02,0.02,0.04,0.03,0.01,0.06,0.01,0.01,0,0,0.01,0,0,0.01,0,0,-1,-1,-1,0.01,0.01,0.01,0.01,0.01,0,0,0,0,0,0,0.01,0,0,0,0,0,0,0.01,0,0,0,0,0,0,0,0,0.01,0,0,0.03,0.03,0,0.01,0.01,0.02,0.01,0.02,0,0.05,0.05,0.02,0.03,0.02,0.05,0.04,0.04,0.04,0.05,0.02,0.02,0.04,0.03,0.04,0.03,0.09,0.08,0.02,0.07,0.01,0.05,0.08,0.03,0,0.05,0.06,0,0.05,0,0.06,0.0900000000000001,0.01,0.08,0.16,0.09,0.23,0.19,0.28,0.3,0.36,0.809999999999999,0.98,0.87,0.61,0.4,0.29,0.25,0.22,0.22,0.13,0.12,0.1,0.11,0.07,0.04,0.11,0.09,0.04,0.04,0.06,0.04,0.01,0.01,0.02,0,0.01,0.01,0,0.02,0.02,0.01,0.02,0.02,0.02,0,0,0.02,0.01,0.01,0,0,0,0,0,0,0,0,0,0,-1,-1,-1,-1,-1,0,0,0,0,0,0,0,0
0.11,0.11,0.15,0.11,-1,-1,-1,0.17,0.17,-1,-1,-1,-1,-1,-1,-1,-1,-1,-1,-1,-1,-1,-1,-1,-1,-1,-1,0.02,0,-1,-1,-1,-1,0,0,0.01,0.02,0,-1,0,0.03,0.02,0.02,0.01,0.02,0.02,0.03,0.01,0,0,0,0,0.01,0,0,-1,-1,-1,-1,-1,-1,-1,-1,0,0,0,0,0,0,0.01,0,0,0.01,0.01,0.01,0,0,0,0.01,0.01,0,0,0,0,0,0.01,0,0.05,-1,-1,-1,-1,-1,-1,-1,-1,-1,-1,-1,0.03,0.03,0.02,0.01,0.02,0.03,0.03,0.01,0.05,0.06,0.05,0.05,0.04,0.02,0.03,0.06,-1,-1,-1,-1,-1,-1,-1,-1,-1,0.03,0.04,0.04,0.07,0.07,0.07,-1,0.02,0.07,0.1,0.15,0.3,0.41,0.56,0.82,0.98,0.99,0.78,0.62,0.46,-1,-1,0.27,0.17,0.08,0.14,0.08,0.07,0.07,0.11,-1,0.03,0.03,0.03,0.01,0,0.02,0.02,0.03,0.01,0.03,0.02,0,0,0.01,0.02,0.03,0,0,0.01,0,0.01,0.02,0,0,0,0.01,0.01,0,0,0,0,0,0,-1,-1,-1,0,0,0,0,0,0,0,0,0
0.15,0.12,0.07,0.16,-1,-1,-1,-1,-1,-1,-1,-1,-1,-1,-1,0.05,0.1,0.06,0.03,0.01,0.02,0.04,-1,-1,-1,-1,-1,-1,0,-1,-1,-1,-1,0.01,0.01,0.03,0.01,0,0,0.01,0.01,0,0.01,0.01,0,0.02,0.02,0.02,0.01,0.01,0,0,0,0,0,-1,-1,-1,-1,-1,-1,-1,-1,0,0,0,0,0.01,0,0,0,0,0,0,0,0.01,0.01,0,0,0,0.01,0,0.01,0,0.02,0.01,0,0.04,-1,-1,-1,-1,-1,-1,-1,-1,-1,-1,-1,0.07,0.02,0.03,0,0.02,-1,-1,-1,-1,-1,-1,-1,-1,0.04,0.04,0.05,-1,-1,-1,-1,-1,-1,-1,-1,-1,0.02,0,0.03,0.04,0.07,0.12,-1,-1,0.2,0.15,0.18,0.29,0.3,0.4,0.6,0.9,0.84,0.559999999999999,0.44,0.33,0.25,0.22,0.14,0.19,0.13,0.11,0.07,0.09,0.07,0.07,0.07,0.07,0.04,0.02,0.04,0.04,0,0.02,0.03,0.01,0,0.01,0.01,0,0.03,0,0.01,0.01,0,0.01,0,0.01,0,0.01,0,0,0.01,0,0,0,0,0,0,0,-1,-1,-1,0,0,0,0,0,0,0,0,0
0.12,0.15,0.13,0.11,0.18,0.19,0.21,-1,-1,-1,-1,-1,-1,-1,-1,0.09,0.1,0.05,0.08,0.06,0.05,0.05,-1,-1,-1,-1,-1,0.02,0.03,-1,-1,-1,0,0.01,0,0,0.01,0.01,0.02,0,0.03,0.01,0.01,0.01,0.03,0,0.03,0.01,0.02,0.01,0,0.01,0,0.01,0.01,-1,-1,-1,-1,-1,-1,-1,-1,0,0,0,0,0,0,0,0.01,0,0,0,0,0,0.01,0.01,0,0.01,0,0.02,0.01,0,0,0,0.04,0.05,-1,-1,-1,-1,-1,-1,-1,-1,-1,-1,-1,0.03,0.02,0.04,0.05,0.03,-1,-1,-1,-1,-1,-1,-1,-1,0.04,-1,-1,-1,-1,-1,-1,-1,-1,-1,-1,0.02,0.04,0.06,0.04,0.04,0.09,0.07,-1,-1,-1,-1,-1,-1,-1,-1,0.46,0.58,0.52,-1,-1,-1,-1,-1,-1,-1,-1,-1,-1,-1,-1,-1,-1,0.03,0.04,0.05,0.02,0.03,0.06,0,-1,-1,-1,-1,-1,-1,-1,-1,-1,-1,-1,0,0.01,-1,-1,-1,-1,-1,-1,-1,0,0,0,0,0,0,0,0,0,0,0,0,0,0,0,0,0,0
0.08,0.11,0.16,0.22,0.19,0.23,0.3,-1,0.3,0.24,0.28,0.3,0.16,0.08,0.16,0.09,0.08,0.1,0.03,0.07,0.03,0.05,-1,-1,-1,-1,-1,0.02,0.01,-1,-1,-1,0.01,0.03,0.02,0.01,0,0,-1,0.02,0.01,0.03,0.03,0.04,0.01,0,0.04,0.02,0.02,0,0.02,0,0,0.01,0.01,-1,-1,-1,-1,-1,-1,-1,-1,0,0,0.01,0,0,0,0,0,0,0,0.01,0.01,0.01,0.01,0.01,0.05,0.01,0.01,0.02,0.01,0,0.01,0,0.04,0.07,0.09,0.04,0.01,0.05,0.03,0.02,0.01,0.02,0.01,0.02,0.06,0.04,0.02,0.07,0.02,0.04,0.04,0.04,0.05,0.04,0.04,0.02,0.05,0.04,0.03,-1,-1,-1,-1,-1,-1,-1,-1,-1,-1,0.01,0.02,0.04,0.06,0.04,0.04,0.12,-1,-1,-1,-1,-1,-1,-1,-1,0.28,0.3,0.32,-1,-1,0.21,-1,-1,-1,-1,-1,-1,-1,-1,-1,-1,-1,0.04,0.04,0.06,0.02,0.03,0.02,0.02,-1,-1,-1,-1,-1,-1,-1,-1,-1,0.01,-1,0.01,0,-1,0,-1,-1,-1,-1,-1,0,0,0,0,0,0,0,0,0,0,0,0,0,0,0,0,0,0
-1,-1,-1,-1,-1,-1,0.29,0.39,0.26,-1,-1,-1,-1,-1,-1,-1,-1,0.04,0.09,0.06,0.04,0.03,0.04,0.03,0.05,0.03,0.02,0,0.02,-1,-1,-1,0,0.01,0.02,0.01,0.01,0.01,-1,0.05,0.02,0.02,0.03,0.03,0.01,0.01,0,0.02,0.06,0.01,0,0.01,0,0.01,0,-1,-1,-1,-1,-1,-1,-1,-1,0.01,0,0,0,0,0.01,0,0,0.01,0,0.01,0.01,0,0.01,0.02,0.04,0.05,0.01,0.04,0.02,0.01,0.02,0.05,0.12,0.04,0.04,0.06,0.05,0.04,0.04,0.04,0,0.02,0.05,0.02,0.03,0.04,0.05,0.02,0.02,0.02,0.03,0.04,0.03,0.02,0.03,0.03,0.06,0.04,0.01,-1,-1,-1,-1,-1,-1,-1,-1,-1,0,0.02,0.06,0.04,0.03,0.08,0.06,0.03,0.08,0.05,0.08,0.07,0.14,0.18,0.21,-1,0.12,0.18,0.23,-1,-1,0.27,0.13,0.21,0.16,0.07,0.04,0.08,0.15,0.04,0.06,0.05,0.04,0.03,0,0.02,0.06,0.05,0.05,0.02,0.02,0,0.02,0,0.01,0.03,0.04,0.01,0.01,0,0,0,0,0,0.01,0.01,0.01,0,0,0.02,0,0,0,0,0,0,0,0,0,0,0,0,0,0,0,0,0,0
-1,-1,-1,-1,-1,-1,-1,0.63,0.5,-1,-1,-1,-1,-1,-1,-1,-1,-1,0.02,0.08,0.08,0.02,0.02,0.05,0.04,0.02,0.01,0,0.03,0.02,0.01,0,0.01,0,0,0.01,0,-1,-1,0.07,0.05,0.04,0.03,0,0.03,0,0.03,0.03,0,0.05,0,0.01,0.01,0,0.02,0,-1,-1,-1,-1,-1,-1,-1,0,0,0,0,0,0,0,0.01,0.01,0.01,0,0.02,0.03,0.04,0.01,0.01,0.01,0.05,0.06,0.05,0.15,0.07,0.1,0.11,0.06,0.04,0.05,0.05,0.1,0.02,0.05,0.04,0.03,0.02,0.01,0.04,0.02,0.03,0.03,0.03,0.07,0.03,0.04,0.05,0.04,0.04,0.03,0,0.04,0.04,0.05,0.04,0.07,0.03,0.06,0.02,0.04,-1,-1,0,0.02,0.04,0.06,0.02,0.03,0.06,0.06,0.16,0.09,0.06,0.12,0.14,0.16,0.12,0.18,0.12,0.12,0.11,0.28,0.23,0.19,0.19,0.12,0.09,0.16,0.12,0.06,0.05,0.02,0.06,0.04,0.01,0.04,0,0.01,0.02,0.04,0.04,0.01,0.02,0.02,0.02,0.01,0.03,0.02,0.03,0.01,0.01,0,0.03,0.02,0,0,0.03,0.02,0.01,0,0.01,0.01,0,0,0,0,0,0,0,0,0,0,0,0,0,0,0,0,0,0
-1,-1,0.26,0.23,0.29,0.41,0.6,0.92,0.74,0.52,0.38,0.35,-1,-1,0.19,0.14,0.13,-1,0.08,0.08,0.08,0.03,0.07,0.01,0.03,0.03,0.06,0,0,0.03,0,0,0,0,0,0,0,-1,-1,-1,-1,-1,-1,-1,0,0.02,0,0.01,0.02,0.05,0,0.01,0.01,0,0,0.01,0.01,0,0,0.02,0,0,0.01,0.01,0,0,0.01,0,0.02,0,0,0.02,0.01,0.03,0,0.05,0.06,0.04,0.1,0.04,0.05,0.03,0.03,0.11,-1,-1,0.08,0.07,0.04,0.04,0.07,0.08,0.06,0.03,0.01,0.01,0.03,0.01,0.05,0.04,0.03,0.01,0.06,0.02,0.03,0.02,0.03,0.02,0.04,0.06,0.06,0.03,0.03,0.05,0.07,0.03,0.05,0.05,0.01,0.06,-1,-1,0.02,0.01,0.01,0.03,0.03,0.04,0.06,0.03,0.05,0.03,0.03,0.12,0.1,0.13,0.18,0.17,0.04,0.03,0.09,0.14,0.21,0.13,0.12,0.1,0.15,0.12,0.08,0.09,0.03,0.08,0.04,0.07,0.03,0.04,0.03,0.02,0.02,0.02,0.01,0.02,0.02,0,0.03,0.03,0.02,0.03,0,0,0,0.01,0.02,0.01,0,0,0.04,0,0.02,0,0.01,0,0,0,0,0,0,0,0,-1,-1,-1,-1,0,0,0,0,0,0,0
-1,-1,-1,-1,-1,-1,0.61,0.99,0.98,0.76,0.59,0.39,0.22,0.16,0.08,0.04,0.04,0.09,0.03,0,0.01,0.07,-1,-1,-1,-1,-1,-1,-1,-1,-1,-1,0.02,0.02,0.01,0,0,-1,-1,-1,-1,-1,-1,-1,-1,-1,-1,-1,-1,-1,-1,-1,-1,-1,-1,-1,-1,-1,-1,-1,-1,0.01,0,0,0.01,0,0,0,0.01,0.01,0,0.02,0,0.04,0.01,0.03,0.06,0.05,0.11,0.18,0.11,0.09,0.06,0.2,-1,-1,0.11,0.12,-1,-1,-1,-1,-1,-1,-1,-1,-1,-1,-1,-1,-1,-1,0.08,0.05,0.04,-1,-1,-1,-1,-1,-1,-1,-1,-1,0.02,0.05,0.01,0.07,0.04,0.04,-1,-1,0.05,0.03,0.03,0.04,0.05,0.03,0,0.06,-1,0.06,0.05,0.06,0.08,0.1,0.1,0.07,0,0.02,0.06,-1,-1,-1,-1,-1,-1,-1,-1,-1,0.07,0.1,0.06,0.05,-1,-1,0.06,0.01,0.02,0.02,0.03,0.02,0.02,-1,-1,0.02,0,0,0.01,0.02,0,0.01,0.01,0.01,0,0,0,0,0,0.02,0,0,0,0,-1,0,0,0,0,-1,-1,-1,-1,0,0,0,0,-1,0,0
0.09,-1,-1,-1,-1,-1,0.51,0.77,0.79,0.63,0.39,0.34,0.18,0.08,0.05,0.01,0.03,0.02,0.04,0.01,-1,-1,-1,-1,0.05,0.04,0.02,0.01,0.04,0.01,0.03,0.01,0,0,0,0,0.01,0.02,0.02,0.05,0,0.07,0.04,0.03,0.01,-1,0.03,0.01,0.04,-1,-1,-1,-1,-1,-1,-1,-1,-1,-1,-1,-1,0.01,0.01,0,0,0,0,0.01,0,0,0.01,0.01,0.04,0.02,0.04,0.06,0.08,0.17,0.11,0.11,0.17,0.13,0.12,0.16,-1,-1,0.04,0.08,-1,-1,-1,-1,-1,-1,-1,-1,-1,-1,-1,-1,-1,-1,0.04,0.07,0.02,-1,-1,-1,-1,-1,-1,-1,-1,-1,0.01,0,0.05,0.03,0.01,0.03,-1,-1,0.01,0.02,0.01,0.03,0.05,0.06,0.03,0.03,-1,-1,-1,-1,-1,-1,-1,-1,0.01,0.06,0.1,-1,-1,-1,-1,-1,-1,-1,-1,-1,-1,-1,-1,-1,-1,-1,0.05,0.04,0.05,0.02,0,0.01,0.01,-1,-1,-1,-1,-1,-1,-1,-1,-1,-1,-1,0.01,-1,-1,-1,-1,-1,-1,-1,-1,-1,-1,0,0,0,0,-1,-1,-1,0,0,0,0,0,0,-1,0
0.1,0.1,0.2,0.21,0.27,0.35,0.42,0.52,0.46,0.39,0.29,0.24,0.15,0.15,0.06,0.03,0.06,0.01,0.03,0.04,-1,-1,0.05,0.02,0.01,0.03,0.04,0.01,0.02,0.04,0.03,0.02,0.02,0.01,0.01,0.02,0,0,0.02,0,0.01,0,0.02,0.01,0.01,0.01,-1,-1,-1,-1,-1,-1,0.03,0.01,0,0,0.01,0.03,-1,-1,-1,0.01,0.01,0,0,0,0,0,0.01,0.01,0.01,0.04,0.04,0.03,0.06,0.12,0.12,0.28,0.23,0.26,0.31,0.27,0.23,0.23,-1,-1,0.12,0.05,0.02,0.02,0.01,0,0,0,0,0,0,0,0.01,0.03,0.01,0.01,0,0.01,0.01,0.03,0.01,0,0,0.01,0,0.01,0.03,0,0.03,0.02,0.01,0,0.02,0.02,-1,-1,0.03,0.01,0.02,0.04,0.04,0.02,0.03,0.07,-1,-1,-1,-1,-1,-1,-1,-1,0,0.07,-1,-1,-1,-1,-1,-1,-1,-1,-1,-1,-1,-1,-1,-1,0.04,-1,0.02,0.03,0.04,0.03,0.03,0,0,-1,-1,-1,-1,-1,-1,-1,-1,-1,-1,-1,0.01,-1,-1,-1,-1,-1,-1,-1,-1,-1,-1,0,0,0,0,-1,-1,-1,0,0,0,0,0,0,0,0
0.11,0.13,0.2,0.2,0.21,0.19,0.33,0.25,0.31,0.22,0.29,0.12,0.12,0.07,0.06,0.04,0.03,0.03,0.02,0,-1,-1,0.02,0.02,0.01,0.03,0.01,0.01,0.02,0.02,0.01,0.01,0.01,0.01,0.01,0.01,0,0.01,0.02,0.03,0.03,0.02,0.03,0.04,0.03,0.05,-1,-1,-1,-1,-1,-1,-1,-1,-1,-1,0.01,0.02,-1,-1,-1,0.04,0,0,0,0,0.01,0.01,0.01,0,0.02,0.03,0.05,0.1,0.06,0.13,0.2,0.27,0.41,0.56,0.5,0.37,0.28,0.27,0.19,0.15,0.02,0.02,0.01,0.01,0,0.01,0,0,0.02,0,0.01,0,0,0,0,0.01,0.01,0.04,0,0,0.01,0.01,0.01,0.01,0.02,0.03,0.02,0,0.01,0.01,0.06,0.07,0.04,0.05,0.02,0.08,0.1,0,0,0.03,0,0.03,0.05,0.02,0.05,0.03,0.04,0.08,0.05,0.09,0.01,0.03,0.01,0.06,-1,0.03,0.01,0.05,0.07,0.12,0.06,0.03,0.04,0.03,0.07,0.06,0,0,0.04,0.04,0.03,0.01,0.03,0.02,0.02,0,0.03,0.04,0,0.02,0,0.01,0.02,0,0.01,0.02,0.01,0.01,0.02,0,0,0,0,0,0.02,0,0,0,0,0,0,0,0,0,0,0,0,0,0,0,-1,-1,-1,0
-1,-1,-1,0.07,0.08,0.12,0.14,0.18,0.13,0.16,0.15,0.08,0.06,0.05,0.03,0,0.02,0.05,0.01,0,0.02,0.03,0.02,0.04,0.04,0.03,0,0,0.03,0.03,0.01,0,0,0,0,0,0,-1,-1,0.05,0,-1,-1,-1,-1,-1,-1,-1,-1,-1,-1,-1,-1,-1,-1,-1,0.01,0.02,-1,-1,-1,0.03,0,0,0.01,0.01,0,0,0,0,0.05,0.01,0.01,0.05,0.05,0.22,0.21,0.41,0.6,0.8,0.82,0.61,0.41,0.3,0.17,0.17,0.06,0.03,0.05,0.02,0.02,0,0.03,0,0,0,0,0,0.01,0,0.02,0,0,0,0.01,0.02,0.02,0,0,0.03,0.03,0,0.02,0.01,0.01,0.01,0.04,0.05,0.03,0.02,0.03,0.02,0.01,0,0.02,0.01,0.04,0.01,0.02,-1,-1,-1,-1,-1,-1,-1,-1,-1,0,0.06,-1,0.05,-1,-1,-1,-1,-1,-1,-1,-1,-1,-1,-1,-1,-1,0.03,0.02,0,0,0.01,0.01,0.03,0.01,0.01,0.02,0,0,0.01,0,0.01,0.02,0.01,0.01,0.01,0.01,0,0,0,0,0.01,0,0,0,0,0,0,0,0,0,0,0,0,0,0,0,0,0,0,0,0
-1,-1,-1,-1,-1,-1,0.19,0.06,0.05,0.08,0.08,0.06,0.06,0.18,0.09,0.06,0.08,0.06,0.01,0.01,0,0,0.01,0,0.02,0.02,0.01,0.02,0,0.01,0.02,0.02,0.01,0.01,0,0.02,0.01,0,0.01,0,0.01,-1,-1,-1,-1,-1,-1,-1,-1,-1,-1,-1,-1,-1,-1,-1,0.01,0,-1,-1,-1,0.03,0,0,0,0,0,0.02,0.01,0,0.02,0.04,0.01,0.06,0.09,0.17,0.36,0.49,0.699999999999999,0.97,0.99,0.78,0.5,0.28,0.29,0.25,0.09,0.08,0.06,0.06,0.03,0.01,0,0,0,0,0.01,0,0,0,0.03,0,0.01,0.01,0.01,0.02,0.01,0.02,0,0.01,0.01,0,0.01,0.01,0.01,0,0.02,0.05,0.03,0.03,0.01,0.04,0.05,0.01,0,0.03,0.01,0.03,0.02,0.01,-1,-1,-1,0.02,-1,-1,-1,0.01,0.01,0.04,-1,0.06,0.03,0.03,0.05,0.05,0.04,0.01,0.05,0.08,0.01,0.01,0.02,0.01,0.01,0,0.03,0.01,0.01,0.03,0.02,0.01,0.02,0.05,0.02,0,0.02,0.02,0,0,0.03,0.01,0,0,0,0,0,0,0,0.01,0,0,0,0,0,0,0,0,0,0,0,0,0,0,0,0,0,0,0,0
0.05,-1,-1,-1,-1,-1,0.1,0.1,0.01,0.03,0.08,0.05,0.04,-1,-1,-1,-1,-1,0.07,0.05,0,0,0,0,0.01,0,0,0,0,0.01,0.01,0,0,0.02,0,0,0,0,0.01,0.04,0.01,0,0,0.01,0.04,0,0.01,0.02,0.02,0.01,0,0,0,0,0,0.03,0.03,0,-1,-1,-1,0.01,0,0,0,0,0,0,0.01,0.01,0.02,0.05,0.08,0.08,0.13,0.15,0.25,0.46,0.6,0.86,0.86,0.66,0.45,-1,-1,0.25,0.12,0.13,0.09,0.03,0.07,0.01,0,0.01,0,0,0,0,0,0,0.02,0,0.03,0.04,0,0.04,0.01,0,0.03,0.01,0.01,0.02,0.01,0,0.01,0.02,0.01,0,0.05,0.04,0.01,0.06,0.01,0.01,0.04,0.01,0.01,0.02,0.02,-1,0.04,0.02,0.04,0.03,0.03,0.04,0.03,0.07,0,0.03,0.04,0.04,0.04,0.02,0.01,0.05,0.04,0.04,0.07,0.03,0.02,0.01,0.02,0.02,0.01,0.03,0.02,0.01,0.01,0.01,0.01,0.01,0.01,0,0.03,0,0.02,0.01,0.02,0.01,0,0,0.01,0,0.01,0.01,0,0.01,0.01,0,0,0,0,0,0,0,0,0,0,0,0,0,0,0,0,0,0,0,0,0
0.05,0.03,0.1,0.11,0.07,0.13,0.07,0.05,0.01,0.05,0.03,0.01,0.03,0.07,-1,-1,-1,-1,-1,0.05,0.06,0,0,0,-1,-1,0.01,0,0,0,0,0,0,0.01,0,0.01,0.02,-1,-1,0.04,0.01,-1,-1,-1,-1,-1,-1,-1,-1,-1,-1,-1,0,0,0,0.01,0.04,0.01,-1,-1,-1,-1,0,0,0,0,0,0,0.02,0,0.01,0.02,0.04,0.05,0.09,0.11,0.17,0.36,0.44,0.51,0.52,0.46,0.32,-1,-1,0.25,0.22,0.12,0.12,0.09,0.11,0.01,0.08,0.06,0.02,0.02,0.02,0,0,0,0,0.01,0.02,0,0,0.01,0.01,0.01,0.04,0,0.02,0.01,0.01,0.01,0.01,0.02,0,0.02,0.02,-1,-1,-1,0.03,0.01,0.01,0,0.01,0.01,0.02,0.01,0.04,0.02,0.03,0.04,0.04,0.03,0.04,0.04,0,0,0.06,0.04,0.03,0.05,0.07,0.07,0.02,0.05,0.04,0.01,0.02,0.02,0.05,0.03,0,0.02,0.01,0.02,0.01,0.01,0.03,0.01,0,0.01,0,0,0.01,0,0,0.02,0.01,0,0,0,0.01,0.02,0.01,0,0,0,0,0,0,0,0,0,0,0,0,0,0,0,0,0,0,0,0,0,0,0
0.04,0.05,0.1,0.17,0.19,0.15,0.13,0.09,0.14,0.07,0.1,0.13,0.09,0.07,0.14,0.1,0.05,0.05,0.04,0.03,0.01,0.04,0.04,0,0.02,0,0.01,-1,-1,-1,-1,0.02,0.01,0.03,0,0,0,-1,-1,0.02,0.03,-1,-1,-1,-1,-1,-1,-1,-1,-1,-1,-1,-1,-1,-1,0.01,0.01,0.01,-1,-1,-1,-1,0.01,0,0,0,0,0.01,0,0.01,0.01,0,0.08,0.06,0.04,0.1,0.12,0.17,0.3,0.31,0.35,0.27,-1,-1,-1,0.18,0.14,-1,-1,-1,-1,-1,-1,-1,-1,-1,-1,-1,-1,-1,-1,0.03,0.03,0.04,0.01,-1,-1,-1,-1,-1,-1,-1,-1,-1,0.02,0.03,0.03,0.05,0.03,-1,-1,-1,0,0.02,0.01,0.01,0.01,0.01,0.02,0.04,0,0.02,0,0.04,0,0.04,0.03,0.01,0.02,0.03,0,0.04,0.04,0.04,0.01,0.01,0.02,0.02,0.08,0.05,0.04,0.04,0.05,0.02,0.01,0,0.04,0.03,0.01,0,0.01,0.01,0.01,0.02,-1,-1,-1,-1,-1,-1,-1,-1,-1,-1,-1,-1,0,0,0,-1,-1,-1,-1,-1,-1,-1,-1,-1,-1,-1,0,0,0,0,0,0,0,0,0,0
-1,-1,-1,0.14,0.15,0.18,0.17,0.0900000000000001,0.14,0.12,0.2,0.15,0.12,0.13,0.12,0.05,0.12,0.1,0.07,0.11,0.08,0.03,0.01,0.02,0.02,0,0.01,0,0.01,0,0.01,0,0,0,0,0,0,-1,-1,0.03,0,-1,-1,-1,-1,-1,-1,-1,-1,-1,-1,-1,-1,-1,-1,0,0,0,-1,-1,-1,-1,0,0,0,0,0,0,0.01,0.03,0,0,0.01,0.02,0.03,0.11,0.11,0.12,0.16,0.2,0.19,0.12,-1,-1,-1,0.1,0.09,-1,-1,-1,-1,-1,-1,-1,-1,-1,-1,-1,-1,-1,-1,0,0.04,0.02,0.03,-1,-1,-1,-1,-1,-1,-1,-1,-1,0.03,0.01,0.03,0.05,0.04,-1,-1,-1,0.01,0.01,0,0.03,0.02,0.01,0.01,-1,-1,-1,-1,-1,-1,-1,-1,-1,-1,-1,-1,0.04,0,0.01,0.02,-1,-1,-1,-1,-1,0.04,0.03,0.01,0.02,0.02,0,0.01,0,0,0.01,0,0,0.01,0,-1,-1,-1,-1,-1,-1,-1,-1,-1,-1,0,-1,0,0.01,0,-1,-1,-1,-1,-1,-1,-1,-1,-1,-1,-1,0,0,0,0,0,-1,-1,-1,-1,-1
-1,-1,-1,-1,-1,-1,-1,-1,-1,-1,-1,-1,-1,-1,-1,-1,-1,-1,-1,0.04,0.06,0.05,0.04,0.07,0.08,0,0,0,0,0.01,0.02,0,0,0.03,0.01,0,0.01,-1,-1,0.01,0.01,0,0.01,0.01,0.03,0.02,0.02,0.02,0.01,0.01,0.01,0.01,0,0.01,0,0,0.02,0,-1,-1,-1,-1,0,0,0,0,0,0.01,0,0,0,0,0.02,0.01,0.02,0.04,0.07,0.05,0.12,0.1,0.08,0.07,-1,-1,-1,0.14,0.13,0.06,0.06,0.08,0.05,0.02,0.02,0.02,0.03,0.03,0.02,0.02,0.02,0,0.03,0.02,0.02,0.03,0.03,0.03,0.03,0.03,0.02,0.04,0.03,0.03,0.03,0.04,0.02,0.04,0.01,0,0.02,-1,-1,-1,0.01,0,0.02,0.01,0.02,0.02,0.02,-1,-1,-1,-1,-1,-1,-1,-1,-1,-1,-1,-1,0.02,0.05,0.02,0,0.04,0.03,-1,-1,0.01,0,0.04,0.03,0.01,0,0.02,0.02,0.02,0,0,0.02,0.02,0.03,0.02,0.01,0.01,0.01,0,0.01,0,0.01,0,0,0.02,0,-1,0.02,0,0,0,0,0,0,0,0,0,0,0,0,0,0,0,0,0,0,-1,-1,-1,-1,-1
-1,-1,-1,-1,-1,-1,-1,-1,-1,-1,-1,-1,-1,-1,-1,-1,-1,-1,-1,-1,-1,-1,-1,-1,-1,-1,-1,-1,-1,0.02,0,0.02,0.01,0,0.01,0.01,0.01,-1,-1,0.02,0.01,0.01,0.04,0.01,0.03,0.02,0.02,0,0.01,0,0,0,0.01,0,0.02,0,0.02,0.03,-1,-1,-1,0.01,0,0,0,0,0,0,0,0,0,0.01,0.01,0.03,0.02,0.01,0.06,0.06,0.04,0.05,0.06,0.05,0.08,0.12,0.08,0.08,0.12,0.09,0.03,0.04,0.02,0.02,0.02,0.02,0.03,0.01,0.03,0.01,0.01,0.01,0.02,0.01,0.03,0.04,0.02,0.06,0.08,0.03,0.01,0.02,0.03,0.04,0.02,0.01,0.02,0.02,0.02,0.02,0.02,-1,-1,-1,0.01,0.01,0.01,0.01,0,0.01,0,-1,-1,-1,-1,-1,-1,-1,-1,-1,-1,-1,-1,0.02,0.03,0,0.05,0.02,-1,-1,-1,-1,0.01,0.02,-1,-1,-1,-1,-1,0,0.01,0.02,0,0.01,0.01,0,0,0,0.02,0.02,0,0.01,0.01,0.01,0,0,0,0,0,0,0,0,0,0,0,0,0,0,0,0,0,0,0,0,0,0,0,0,0,0,0,0
-1,-1,-1,-1,-1,-1,-1,-1,-1,-1,-1,-1,-1,-1,-1,-1,-1,-1,-1,-1,-1,-1,-1,-1,-1,-1,-1,-1,-1,0.04,0,0.01,0,0,0,0,0.01,-1,-1,0.02,0.01,0,0.01,0.02,0.03,0.02,0.01,0.03,0,0.01,0,0,0,0,0,0.01,0.01,0.02,-1,-1,-1,0.03,0,0,0,0.01,0,0.01,0,0.01,0,0,0,0,0,0,0.04,0.03,0.03,0.02,0.05,0.01,0.08,-1,-1,0.08,0.05,0.06,0.07,0.03,0.03,0.04,0.03,0.03,0.01,0.03,0.01,0.02,0.02,0,0,0.01,0,0.01,0.02,0.02,0,0.02,0.02,0.02,0.04,0.04,0.01,0.02,0.01,0.03,0.02,0.03,0.04,-1,-1,-1,0.02,0.01,0.01,0,0,0.01,0,0.01,0.01,0,0.02,0.01,0.02,0.01,0.01,0.02,0.01,0.03,0.02,0,0.01,0.01,0,0.02,0,0.01,0.01,0.01,0.02,0.01,0.02,-1,-1,-1,0,0.01,0,0.01,0,0,0,0.01,0,0.01,0.03,0,0,0,0,0,0,0.01,0.01,-1,-1,0,0,0,0,0,0,0,0,0,0,0,0,0,0,0,0,0,0,0,0,0,0,0
0.06,0.06,0.07,0.05,0.11,0.11,0.08,0.15,0.08,0.08,-1,-1,-1,-1,-1,-1,-1,-1,-1,-1,-1,-1,-1,-1,-1,-1,-1,-1,-1,0.04,0.04,0.01,0.01,0,0,0,0,-1,-1,0.01,0.01,0.01,0,0.01,0.01,0,-1,-1,-1,-1,-1,-1,-1,-1,-1,0.02,0.01,0,-1,-1,-1,0,0,0,0,0,0,0,0,0.01,0,0,0,0,0.01,0,0.02,0,0.04,0.02,0.03,0.01,0.01,0.09,-1,0.09,0.05,0.05,0.01,0.06,0.03,0.05,0.02,0.03,0.02,0.03,0.02,0,0.01,0.01,0.02,0.01,0.02,0.01,0,0.02,0.03,0.02,0.03,0.05,0.02,0.04,0.02,0.01,0.01,0.01,0.04,0.05,0.03,-1,-1,-1,0,0.01,0,0,0.01,0,0.01,0.02,0,0,0,0.01,0.03,0.01,0.01,0.01,0.01,0.01,0.01,0.01,0.02,0.01,0,0,0.01,0,0.01,0.03,0,0.01,0.01,-1,-1,-1,0.01,0,0.01,0.01,0,0.01,0.02,0.02,0,-1,-1,-1,-1,-1,-1,-1,-1,-1,-1,-1,0,0,0,0,0,0,0,0,0,0,0,0,0,0,0,0,0,0,0,0,0,0,0,0
0.05,0.13,0.06,0.05,0.14,0.09,0.09,0.11,0.09,0.07,0.05,0.06,0.02,0.03,0.08,0.05,0.02,0.07,0.05,0.07,0.03,0.02,0.03,0.05,0.06,0.02,0.06,-1,-1,0.03,0.01,0.03,0.02,0.04,0,0,-1,-1,-1,0.01,0.01,0,0.02,0.02,0.02,0.02,-1,-1,-1,-1,-1,-1,-1,-1,-1,-1,0,0.01,-1,-1,-1,0.03,0,0,0,0,0,0,0,0,0,0.02,0,0,0.01,0,0.01,0.03,0,0.01,0.01,0,0.02,-1,-1,0.03,0.04,0.06,0.05,0.05,0.05,0,0.03,0.04,0.01,0.03,0.02,0.02,0,0.02,0.01,0.02,0.01,0,0.01,0.02,0.03,0.04,0.01,0,0.02,0.02,0.06,0.03,0.03,0.05,0.03,0.03,0,0,0.01,0,0.01,0,0.02,0.03,0.02,0.02,0.02,0.01,0.01,0.03,0.01,0,0.01,0.02,0.02,0,0,0.01,0.02,0.01,0,0.01,0.01,0,0.03,0.02,0.02,0.01,0,0,0,0.01,0,0.01,0.03,0.01,0.01,0.01,0,0.02,0.01,0.01,0,-1,-1,-1,-1,-1,-1,-1,-1,-1,-1,0,0,0,-1,-1,-1,-1,-1,-1,-1,0,0,-1,-1,0,0,0,0,0,0,0,0,0,0,0
0.1,0.09,0.08,0.0900000000000001,0.07,0.07,0.12,0.15,0.07,0.05,0.13,0.05,0.03,0.03,0.05,0.04,0.06,0.05,0.06,0.11,0.06,0.07,0.02,0.07,0.01,0.02,0.03,0.03,0.02,0.05,0.05,0.02,0.05,0,0.04,0,-1,-1,-1,0.02,0.02,0.01,0,0,0.02,0.01,0,0,0.01,-1,-1,-1,-1,-1,-1,-1,0.01,0.01,-1,-1,-1,0.03,0.02,0.03,0.03,0,0.02,0,0,0,0,0,0,0.01,0.01,0,0.02,0,0.01,0.02,0,0.01,0,-1,-1,0.07,0.04,0.03,0.05,0.04,0.07,0.02,0.02,0.03,0.03,0.02,0.01,0,0.03,0,-1,-1,-1,-1,-1,-1,-1,-1,-1,-1,0,0,0,0.04,0.05,0.01,0.04,0.02,0.01,0.04,0.03,0,0.02,0,0,0,0.01,0,0.02,-1,-1,-1,-1,-1,-1,-1,-1,-1,-1,-1,-1,0.02,0.01,0,0.01,0.01,0.02,0,0.02,0.02,0.02,0,0.03,0,0.01,0.01,0.01,0,0.01,0,0,0,0,0,0.02,0,0.02,-1,-1,-1,-1,-1,-1,-1,-1,0,0,0,-1,-1,-1,-1,-1,-1,-1,-1,-1,-1,-1,0,0,0,0,-1,-1,-1,-1,-1,-1,-1
0.08,0.04,0.06,0.04,0.08,0.12,0.07,0.07,0.09,0.05,0.1,0.07,0.08,0.09,0.08,0.09,0.05,0.03,0.09,0.06,0.08,0.07,0.06,0.05,0.07,0.03,0.04,0.03,0.02,0.05,0.01,0.03,0.04,0.02,0,0.02,-1,-1,-1,-1,-1,-1,-1,-1,-1,-1,0,0.01,0,0,0,0,0,0,0,0.01,0,0.01,-1,-1,-1,0.02,0,-1,0,0,0.01,0,0,0,0,0,0,0.01,0,0,0.01,0.01,0,0,0,0,0,-1,-1,0.07,0.02,0.02,-1,-1,-1,-1,-1,-1,-1,-1,-1,0.01,0.02,0.02,-1,-1,-1,-1,-1,-1,-1,-1,-1,-1,0.02,0.04,0.04,0.01,0.02,0.02,0.03,0.04,0.03,0,0.03,0.01,0,0,0,0,0.01,0,0,-1,-1,-1,-1,-1,-1,-1,-1,-1,-1,-1,-1,0,0.01,0.01,0,0.02,0.01,0.02,0,0.01,0,0,0.01,0.01,0,0,0.01,0.02,0,0,0.01,0,0.01,0.01,0,0.01,0,0,0.01,0,0,0.02,0,0,0,0,0,0,-1,-1,-1,-1,-1,-1,-1,-1,-1,-1,-1,0,0,0,0,-1,-1,-1,-1,-1,-1,-1
-1,-1,-1,-1,-1,-1,-1,-1,-1,-1,-1,0.06,0.05,0.07,0.05,0.08,0.03,0.06,0.09,0.05,0.03,0.03,0.03,0.02,0.06,0.02,0.02,0.01,0.03,0.02,0.05,0.01,0.01,0,0,0.02,-1,-1,-1,-1,-1,-1,-1,-1,-1,-1,0,0,0,0,0.01,0,0,0,-1,-1,-1,0.01,-1,-1,-1,0.02,0.03,0,0,0,0,0,0,0,0,0,0,0,0.01,0,0,0,0,0,0,0,0,-1,-1,0.04,0.02,0.02,-1,-1,-1,-1,-1,-1,-1,-1,-1,0.02,0,0.02,0,0.01,0.01,0,0,0,0,0,0.03,-1,0.02,0.01,-1,-1,-1,-1,-1,-1,-1,-1,-1,-1,-1,0,0.01,0.01,0,0.01,0.02,0.01,0.01,0.01,0.02,0,0,0.01,0.01,0,0,0,0,0.01,0.04,0,0,0,0,0.04,0,0,0.01,0.02,0,0.01,0.02,0.02,0,0.01,0,0,0.02,0.02,0,0,0,0,0.02,0.01,0,0,0.01,0,0,0,0,0,0,0,0,0,0,0,0,0,0,0,0,0,0,0,0,0,0,0,-1,-1,-1,0,-1,-1
-1,-1,-1,-1,-1,-1,-1,-1,-1,-1,-1,-1,-1,-1,-1,-1,-1,-1,-1,-1,-1,-1,-1,-1,-1,-1,-1,-1,0.03,0.03,0,0.01,0.01,0.01,0,0.01,-1,-1,-1,-1,-1,-1,-1,-1,-1,-1,0,0,0,0,0.01,0,0,0.01,-1,-1,-1,0.01,-1,-1,-1,0.02,0,0,0,0,0,0.01,0,0,0.01,0,0,0,0,0,0,0,0,0,0,0,0,-1,-1,0.02,0.05,0.04,0.03,0.03,0.02,0.01,0.01,0.01,0.01,0.01,0.02,0.01,0.01,-1,-1,-1,-1,-1,-1,-1,-1,-1,-1,-1,0.01,0.01,-1,-1,-1,-1,-1,-1,-1,-1,-1,-1,-1,0,0,0.02,0,0,0,0,0,0.02,0.03,0,0,0,0,0.01,0,0,0.02,0,0.02,0,0.01,0.03,-1,-1,-1,-1,-1,-1,-1,-1,-1,-1,-1,-1,0,0,0,0,0,0,0.01,0.01,-1,-1,-1,-1,-1,0,0,0,0,0,0,0,0,0,0,0,0,0,0,0,0,0,0,0,0,0,0,0,0,0,0,0,0,0
-1,-1,-1,-1,-1,-1,-1,-1,-1,-1,-1,-1,-1,-1,-1,-1,-1,-1,-1,-1,-1,-1,-1,-1,-1,-1,-1,-1,0.06,0.01,0.02,0.02,0.02,0,0,0,0,0.01,0.02,0,0,0.01,0.01,0.01,0,0,0,0,-1,-1,-1,0.01,0,0,0,0,0.01,0,0.01,0,0.01,0,0,0,0,0,0,0,0,0,0,0,0.01,0,0,0,0,0.01,0,0.01,0.01,0,-1,-1,0.04,0,0.01,0.01,0.01,0.01,0.02,0.02,0.02,0,0.03,0.02,0,0.02,0,-1,-1,-1,-1,-1,-1,-1,-1,-1,-1,-1,0,0.02,0.04,0.01,0.02,0.02,0.03,0.05,0.01,0,0,0,0,0,0.01,0,0.01,0.02,0.01,0,0,0,0.03,0,0,0,0.01,0,0,0.01,0.01,0,0,0,0.01,0.01,-1,-1,-1,-1,-1,-1,-1,-1,-1,-1,-1,-1,0,0,0,0,0,0,0.01,0,-1,-1,-1,-1,-1,-1,-1,-1,-1,-1,0,0,0,0,0,0,0,0,0,0,0,0,0,0,0,0,0,0,0,0,0,0,0,0
-1,-1,-1,-1,-1,-1,-1,-1,-1,-1,-1,-1,-1,-1,-1,-1,-1,-1,-1,-1,-1,-1,-1,-1,-1,-1,-1,-1,0.01,0.05,0.03,0.02,0,0.03,0.02,0.03,0.01,0.01,0.04,0.01,0,0,0.01,0,0,0.01,0,0,-1,-1,-1,-1,-1,0.01,0.02,0,0,-1,-1,0,0,0,0,0,0,0,0,0,0,0,0.01,0,0,0,0,0,0,0,0,0,0,0,-1,-1,0.01,0.01,0.03,0.02,0.02,0.02,0.01,0.02,0.01,0.02,0,0.01,0,0,0,0,0.01,0,0.02,0,0.02,0,0.01,0.02,0,0,0,0,0,0.01,0.03,0.01,0.01,0.01,0.01,0,0,0.01,0,0,0,0,0.01,0.01,-1,-1,-1,-1,-1,-1,-1,-1,-1,-1,-1,-1,-1,0,0,0.02,0,0.03,0,0.02,0.02,0.01,0,0.01,0,0.01,0,0,0,0.01,0.01,0.01,0.01,0,0,0,0,0.01,-1,-1,-1,-1,-1,-1,-1,-1,-1,-1,0,0,-1,-1,-1,-1,-1,-1,-1,-1,-1,-1,0,0,0,0,0,0,0,0,0,0,0,0
0.07,0.08,0.06,0,0.05,0.06,0.06,0.06,0.04,0.08,0.07,0.1,0.04,0.04,0.05,-1,-1,-1,-1,-1,-1,-1,-1,-1,-1,-1,-1,-1,0.02,0.01,0.04,0.02,0.02,0.02,0.01,0.01,-1,-1,-1,-1,-1,0.04,0,0,0,0.01,0,0,-1,-1,-1,-1,-1,-1,-1,0.01,-1,-1,-1,-1,-1,-1,0,0,0,0,0,0,0,0,0,0,0,0,0,0,0,0,0,0,0,0,0,0.02,0.02,0.02,0.03,0.02,0.02,0,0.01,0.01,0,0.01,0.04,0,0,0.02,0,0,0,0.01,0,0.01,0.02,0.01,0,0,0.01,0.01,0,0.01,0,0,0.04,0,0.02,0,0,0,0,0,0,0,0,0.01,0,0,-1,-1,-1,-1,-1,-1,-1,-1,-1,-1,-1,-1,-1,0,0,0.01,0,0,0,0.02,0.01,0,0,0.01,0,0,0.01,0.01,0.02,0,0,0,0,0.01,0,0,0,0,0,0,0,0,0,0,0,0,0,0,0,0,-1,-1,-1,-1,-1,-1,-1,-1,-1,-1,0,0,0,0,0,0,0,0,0,0,0,0
-1,-1,-1,-1,-1,-1,0.03,0.12,0.11,0.03,0.04,0.08,0.05,0.05,0.06,0.06,0.06,0.04,0.06,0.03,0.02,0.06,0.02,0.04,0.04,0.05,0.03,0.04,0.04,0.07,0.02,0.01,0.01,0,0.01,0,-1,-1,-1,-1,-1,-1,-1,-1,-1,-1,0,0,0,0,-1,-1,-1,-1,-1,0,-1,-1,-1,-1,-1,-1,0,0,0,0,0,0,0,0,0,0,0,0,0,0,0,0,0,0,0,0,0,0.02,0.03,0,0.01,0,0,-1,-1,0.01,0.01,0.01,0.01,0,0,0,0.01,0,0,0,0,0,0,0.01,0,0,0.01,0,0,0,0.01,0.01,0,0.02,0.01,0,0,0,0.01,0.01,0,0,0.01,0.01,0,0,-1,-1,0,0,0,0.01,0,0,0,0,0.01,0,0,0,0.01,0,0.02,0.02,0.02,0,0.01,0.02,0.01,0,0,0,0.01,0.01,0,0,0,0.01,0,0,0.01,0,0.01,0,0,0,0,0,0,0,0,0,0,0,0,0,0,0,0,0,0,0,0,0,0,0,0,0,0,0,0,0,0,0,0,0,0,0
-1,-1,-1,-1,-1,-1,0.04,0.01,0.07,0.04,0.06,0.07,0.04,0.06,0.04,0.04,0.04,0.05,0.04,0.03,0.03,0.06,0.05,0.01,0.03,0.04,0,0.06,0,0.02,0,0.03,0.01,0.01,0.01,0,-1,-1,-1,-1,-1,-1,-1,-1,-1,-1,0,0,0,0,0,0.01,-1,-1,0.01,0.01,0,-1,-1,-1,-1,-1,0,0,0,0,0,0,0,0,0,0,0,0,0,0,0,0,0,0,0,0,0.02,0,0.02,0,0,0.02,-1,-1,-1,-1,-1,0.01,0.02,0,0.01,0,0.01,0,0,-1,-1,-1,-1,-1,-1,-1,-1,-1,0,0,-1,-1,-1,-1,-1,-1,-1,-1,-1,-1,0,0,0.01,0,0,0,0,0,0,0,0,0.01,0,0.01,0.02,0.01,0.01,0.02,0,0.01,0,0.01,0.02,0,0,0.01,0,0,0,0.01,0,0,0,0,0.01,0.01,0,0.01,0.03,0.01,0,0,0,0,0,0,0,0,0,0,0,0,0,0,0,0,-1,-1,0,0,0,0,0,0,0,0,0,0,0,0,0,-1,-1,0,0,0,0,0
-1,-1,-1,-1,-1,-1,-1,-1,0.07,0.05,0.06,0.02,0.02,0.03,0.08,0.04,0.04,0.03,0.02,0.08,0.05,-1,-1,-1,-1,0.03,0.02,0.02,0.02,0.01,0,0,0.04,0.01,0.01,0.01,0.02,0.02,0,0,0,0.01,0,0,0.01,0,0,0,0.01,0,0,0.01,0.01,0,0,0,0,0,0,0.01,-1,-1,0,0,0,0,0,0,0,0,0,0,0,0,0,0,0,0,0,0,0,0,0.03,0.01,0.01,0.03,0.03,0.02,-1,-1,-1,-1,0,0,-1,-1,-1,0.01,-1,0,0.01,-1,-1,-1,-1,-1,-1,-1,-1,-1,0.01,0,-1,-1,-1,-1,-1,-1,-1,-1,-1,-1,0,0,0,0,0,0,0,0,0,0,0,0,0.01,0,0.01,0,0,0.01,0.01,0,0,0,0.02,0,-1,-1,-1,-1,-1,-1,-1,-1,-1,-1,-1,-1,-1,0,0,0,0,0,0,0,-1,-1,-1,-1,-1,-1,-1,-1,-1,-1,0,0,0,0,0,0,0,0,0,0,0,0,0,0,0,0,0,-1,-1,-1,-1,-1,-1,-1
-1,-1,-1,-1,-1,-1,-1,-1,0.05,0.03,0.07,0.03,-1,-1,-1,-1,-1,-1,-1,-1,-1,-1,-1,-1,-1,0.02,0.06,0.08,0.02,0.04,0.05,0.03,0.02,0.03,0.01,0.01,0.04,0.02,0,0,0,0.02,0,0.01,0,0.05,0,0,0,0,0,0,0,0,0,0,0,0,0,0.01,0,0,-1,-1,-1,-1,-1,-1,-1,0,0,0,0,0,0,-1,-1,-1,-1,-1,-1,0.01,0.01,0,0.01,0,-1,-1,-1,0.01,0,0,0,-1,0,0.01,0,0.02,0,0,0,0,0.01,0,0,0.01,0.02,0,0,0.01,0,0,0,0,0,0,0,0,0,0,0,0,0,0,0,0,0,0,-1,-1,-1,-1,-1,-1,-1,-1,-1,-1,-1,-1,-1,-1,0.01,0,0,0.01,-1,-1,-1,-1,-1,-1,-1,-1,-1,-1,-1,-1,-1,0,0,0,0,0,0,0,-1,-1,-1,-1,-1,-1,-1,0,-1,-1,0,0,0,0,0,0,0,0,0,0,0,0,0,0,0,0,0,-1,-1,-1,-1,-1,-1,-1
-1,-1,-1,-1,-1,-1,-1,-1,0.11,0.1,0.07,0.07,-1,-1,-1,-1,-1,-1,-1,-1,-1,-1,-1,-1,-1,0.02,0.02,0.01,0.04,0.05,0.01,0.02,0.02,0.01,0.01,-1,-1,-1,-1,-1,0.01,0.01,0,-1,-1,-1,-1,-1,-1,-1,0,0,0,0,-1,-1,-1,-1,-1,0,0.01,0,-1,-1,-1,-1,-1,-1,-1,0,-1,-1,-1,-1,-1,-1,-1,-1,-1,-1,-1,0,0,0,0.01,0.01,-1,-1,-1,-1,-1,-1,-1,-1,-1,-1,-1,-1,-1,0.01,0,0.01,0.02,0,0,0.01,0,0.01,0,0,0,0,0,0,0.01,0,0,0,0,0,0,0,0,0,0,0,0,0,-1,-1,-1,-1,-1,-1,-1,-1,-1,-1,-1,-1,-1,-1,0,0.01,0,0.01,-1,-1,-1,-1,-1,-1,-1,-1,-1,-1,-1,-1,0,0,0,0,0,0,0,0,0,0,0,0,0,0,0,0,-1,-1,0,-1,-1,-1,-1,-1,-1,-1,-1,-1,-1,-1,0,0,0,0,0,0,0,0,0,0,0,0
-1,-1,-1,-1,-1,-1,0.06,0.11,0.05,0.05,0.05,0.06,0.07,0.05,0.03,-1,-1,-1,-1,-1,-1,-1,-1,0.03,0.05,0.01,0.04,0.05,0.03,0.02,0.04,0.02,0.02,0,0.01,-1,-1,0,0,0,0,0,0,0,-1,-1,0,0,-1,-1,-1,-1,-1,-1,-1,-1,-1,-1,-1,0,0,0.01,0,0,0.01,-1,-1,-1,-1,0,-1,-1,-1,-1,-1,-1,-1,-1,-1,-1,-1,0.01,0,0.02,0.01,0.01,-1,-1,-1,-1,-1,-1,-1,-1,-1,-1,-1,-1,-1,0,0,0,0.01,0.01,0.01,0,0,0,0,0,0,0,0,0,0,0,0,0,0,0,0,0,0,0,0,0,0,0,-1,-1,-1,-1,-1,-1,-1,-1,-1,-1,-1,-1,-1,0,0.01,0,0,0,-1,-1,0,0.01,0,0,0,0,0,0,0,0,0,0,0,0,0,0,0,0,0,0,0,0,0,0,0,0,0,0,0,-1,-1,0,-1,-1,-1,-1,-1,-1,-1,-1,0,0,0,0,0,0,0,0,0,0,0,0
-1,-1,-1,-1,-1,0.09,0.14,0.04,0.03,0.1,0.07,0.04,0.11,0.03,0.03,0.05,0.06,0.02,0.05,0.04,0.07,0.04,0.04,0.02,0.05,0.01,0.02,0.01,0.01,0.02,0.02,0.01,0.01,0.01,0.01,0.01,0.01,0,0.01,0.02,-1,-1,0.01,0,0,0,0,0.02,-1,-1,0,-1,-1,0,-1,-1,0,0,0.02,0,-1,-1,-1,-1,0,0.02,0.02,0,0.01,0,0,0,0,0.01,0.01,0,0,0,0.01,0.01,0,0.01,0,0.01,0.02,0,-1,-1,-1,-1,-1,-1,-1,-1,-1,-1,-1,-1,-1,0.01,0,0,0.01,0,0,0,0,0,0,0.01,0,0,0.01,0,0,0,0,0,0,0,0,0,0,-1,-1,0,0,0,0,0,0,0,0.01,0.01,0,0,0,0,0,0,0,0,0,0.01,0.01,0,-1,-1,0,0,0,0,0,0,0,0,0,0,0,0,0,0,0,0,0,0,0,0,0,0,0,0,0,0,0,0,0,-1,-1,0,0,0,0,0,0,0,0,0,0,0,0,0,0,0,0,0,0,0,0,0
-1,-1,-1,-1,-1,0.09,0.09,0.03,0.09,0.08,0.05,0.06,0.06,0.09,0.11,0.08,0.06,0.07,0.05,0.04,0.06,0.01,0.03,0.06,0.05,0.06,0.02,0.02,0.03,0.02,0.03,0.01,0,0,0,0,0,0.02,0,-1,-1,-1,0,0,0.01,-1,-1,-1,-1,-1,-1,-1,0,0,-1,-1,-1,-1,-1,0,-1,-1,-1,0,0,0,0,0.01,0.01,0,0,0,0,0,0.01,0.01,0.02,0.01,0,0.01,0.01,0,0,0.03,0.01,0.03,-1,-1,-1,-1,-1,0,0.01,0,-1,-1,0,0,0,0.01,0,0,-1,-1,-1,-1,-1,-1,-1,0,0.01,0,0,0,0,0,0,0,0,0,0,0,0,-1,-1,0,0,0,0,0,0,0,0,0,0,0,0,0,0,0,0,0,0,0,0,0,0,0,0,0,0,0,0,0,0,0,0,0,0,0,0,0,0,0,0,0,0,-1,-1,0,-1,-1,-1,-1,-1,-1,0,0,0,0,0,0,0,0,0,0,0,0,0,0,0,0,0,0,0,0,0,0,0,0
-1,-1,-1,-1,-1,0.1,0.05,0.1,0.08,0.1,0.05,0.09,0.15,0.09,0.08,0.04,0.07,0.06,0.06,0.11,0.05,0.01,0.06,0.03,0.06,0.02,0.01,0.04,0.04,0,0.02,0.02,0,0,0.01,-1,-1,-1,-1,-1,-1,-1,0,0.01,0,-1,-1,-1,-1,-1,-1,-1,0,0,-1,0.01,0,-1,-1,0.02,-1,-1,-1,-1,0.01,0,0,0,0,0,0.01,0,0.01,0.01,0,0.02,0,0,0.02,0.01,0,0.01,0,0,0.01,-1,-1,-1,-1,-1,-1,0,0,0,0,0,0.01,0,0.01,0,0,0.01,-1,-1,-1,-1,-1,-1,-1,0,-1,-1,-1,-1,-1,-1,-1,-1,-1,-1,-1,-1,-1,0,0,0,0,0,0,0,0,0,0,0,0,0,0,0,0,0,0,0,0,0,0,0,0,0,0,0,0,0,0,0,0,0,0,0,0,0,0,0,0,0,0,0,0,-1,-1,-1,-1,-1,-1,-1,-1,-1,0,0,0,0,0,0,0,0,0,0,0,0,0,0,0,0,0,-1,-1,-1,-1,-1,-1,-1
0.06,0.06,0.06,0.07,0.07,0.14,0.12,0.07,0.07,0.08,0.1,0.06,0.07,0.1,0.07,0.08,0.05,0.08,0.01,0.04,0.07,0.07,0.06,0.05,0.03,0.02,0.02,0.06,0.05,0.02,0.02,0,0.01,0,0.01,-1,-1,-1,-1,-1,0,0,0,0,0,-1,-1,-1,-1,-1,-1,0,0,0,-1,-1,-1,0,0,-1,-1,-1,-1,0,0.01,0.01,0.01,0,0,0,0,0,0.01,0,0,0.02,0,0,0,0.01,0,0,0,0,-1,-1,-1,-1,-1,0,0,0,0,0.01,0,0,0,0,0,0,0,0,0,0.01,0,0,0,0,0,0.01,-1,-1,-1,-1,-1,-1,-1,-1,-1,-1,-1,-1,-1,0,0,0,0,0,0,-1,-1,-1,-1,-1,-1,-1,-1,-1,-1,-1,-1,-1,0,0,0,-1,-1,-1,-1,-1,-1,-1,-1,-1,-1,-1,-1,-1,-1,-1,0,0,0,0,0,0,0,0,0,0,0,-1,-1,-1,-1,-1,0,0,0,0,0,0,0,0,0,0,0,0,0,0,0,0,0,-1,-1,-1,-1,-1,-1,-1
0.09,0.03,0.09,0.07,0.13,0.12,-1,-1,0.06,0.11,0.09,0.1,-1,-1,-1,-1,-1,-1,-1,-1,0.06,0.09,0.05,0.05,0,0.02,0.07,0,0.01,0,0.01,0.01,0.02,0.01,0.01,0,0,0,0,0,0,-1,-1,0,-1,-1,-1,-1,-1,-1,0,-1,-1,-1,-1,-1,-1,0.01,-1,-1,-1,-1,-1,0,0,0,0,-1,-1,-1,-1,-1,-1,-1,-1,-1,-1,-1,-1,-1,0.02,0.01,0,0,0.01,0.01,0,0,0,0,0,0,0.01,0,0.02,0,0,0,0,0.01,0,0,0,0,0,0,0,0.01,0,0,0,0,0,0,0,0,0,0,0,0,0,0,0,0,-1,0,0,0,0,-1,-1,-1,-1,-1,-1,-1,-1,-1,-1,-1,-1,-1,0,0,0,-1,-1,0,-1,-1,-1,-1,-1,-1,-1,-1,-1,-1,-1,-1,0,0,0,0,0,0,0,0,0,0,0,0,0,0,0,0,0,0,-1,-1,-1,-1,-1,-1,-1,0,-1,-1,0,0,0,0,0,0,0,0,0,0,0,0
0.1,0.18,0.14,0.15,0.11,0.17,-1,-1,0.16,0.12,0.08,0.09,-1,-1,-1,-1,-1,-1,-1,-1,-1,-1,-1,-1,0.02,0.01,0.02,0.01,0.04,0.02,0.01,0.01,0,0,0,0,0,0,0,0,0,0.01,0,0.01,0,0.01,0,0,0,-1,0,-1,-1,-1,-1,-1,-1,0.01,-1,-1,-1,-1,0,0,0,0,0,-1,-1,-1,-1,-1,-1,-1,-1,-1,-1,-1,-1,-1,0,0,0,0,-1,-1,-1,0,0,0,0.01,0,0,0,0.01,0.01,0,0,0,0,0,0,0.01,0,0,0,0,0,0,0,0,0,0,0,0,0,0,0,0,0,0,0,0,0,-1,0,0,0,0,0,0,0,0,0,0,0,0,0,0,0,0,0,0,0,0,-1,-1,0,0,0,0,0,0,0,0,0,0,0,0,0,0,0,0,0,0,0,0,0,0,0,0,0,0,0,0,0,0,0,-1,-1,-1,-1,-1,-1,-1,-1,-1,-1,0,0,0,0,0,0,0,0,0,0,0,0
-1,-1,0.1,0.08,0.16,0.04,-1,-1,0.12,0.09,0.15,0.13,-1,-1,-1,-1,-1,-1,-1,-1,-1,-1,-1,-1,0.02,0,0,0,-1,0,0,0,0.02,0,0,0,0,0,0.01,0,0,0.02,0,0,0,0,0,0.01,0.01,0,0,0,0,-1,0,0,0.01,-1,-1,-1,-1,-1,-1,0,0,0,0,0,0,0,0,0,0,0,0.01,0,0.01,0,0.01,0.01,0,0,0,-1,-1,-1,-1,-1,-1,-1,-1,-1,-1,-1,-1,-1,-1,0,-1,0,0,0,0,0,0,0,0,0,0,0,0,0,0,0,0,0,0,0,0,0,0,0,-1,-1,-1,0,0,0,0,0,0,0,0,0,0,0,0,0,0,0,0,0,0,0,0,0,0,0,0,0,0,0,0,0,0,0,0,0,0,0,0,0,0,0,0,0,0,0,-1,-1,-1,-1,-1,-1,-1,-1,0,0,0,0,0,0,0,0,0,0,0,0,0,0,0,0,0,0,0,0,0,0,0,0
-1,-1,-1,-1,-1,-1,-1,-1,0.18,0.15,0.19,0.2,0.14,0.21,0.15,-1,-1,-1,-1,-1,-1,-1,-1,-1,0.02,0.02,0.01,0,-1,0,0.02,0,0,0,0,0.01,0,0.01,0,0,0,0.01,0,0,0.01,0.01,0,0,0,0,0,0,0,0,0,0,0,0,0,0,0,0,0,0,0,0,0,0,0,0,0,0,0,0,0,0,0,0,0.01,0,0.01,0,0,-1,-1,-1,-1,-1,-1,-1,-1,-1,-1,-1,-1,-1,-1,0,0,0.01,0,0.01,0,0,0,0,0,0,0,0,0,0,0,0,0,0,0,0,0,0,0,0,0,0,0,0,0,0,0,0,0,0,0,0,0,0,0,0,0,0,0,0,0,0,0,0,0,0,0,0,0,0,0,0,0,0,0,0,0,0,0,0,0,0,0,0,0,0,-1,-1,-1,-1,-1,-1,-1,-1,0,0,0,0,0,0,0,0,0,0,0,0,0,0,0,0,0,0,0,0,0,0,0,0
0.02,0.1,-1,-1,-1,-1,-1,-1,-1,0.12,0.07,0.08,0.06,0.06,0.07,0.04,0.05,0.07,0.06,0.03,0.02,0.05,0.03,0.02,0.03,0,0,0,0,0,0,0,0,0,-1,-1,-1,-1,-1,-1,-1,-1,0.01,0,0,0,0,0,0,0,0,0,0,0,0,0,0,0,0,0,0,-1,-1,-1,0,0.01,0.01,0,0,0,0.01,0,0,0,0.01,0,0.01,0.01,0,0.01,0,0,0,0,0,0.01,0,-1,-1,-1,-1,-1,-1,-1,-1,-1,-1,0,0,0,0,0,0,-1,-1,-1,-1,-1,-1,-1,-1,0,0,0,0,-1,-1,-1,-1,-1,0,-1,-1,-1,-1,0,0,0,0,0,-1,-1,-1,-1,-1,-1,0,0,0,0,0,0,0,0,0,0,0,0,0,0,0,0,0,0,0,0,0,0,-1,-1,0,0,0,0,0,0,0,0,0,0,0,0,0,0,0,0,0,0,0,0,0,0,0,0,0,0,0,0,0,0,0,0,0,0,0,0,0,0,0,0
0.02,0.01,0,0.03,0.04,0.06,0.18,-1,-1,-1,-1,-1,-1,0.06,0.07,0.11,0.06,0.02,0.03,0.04,0.04,0.05,0.02,0.01,0.01,0.02,0,0,0,0,0,0,0,0.01,-1,-1,-1,-1,-1,-1,-1,-1,-1,-1,-1,-1,-1,-1,-1,0,0,0,0,0,0,0,0,0,0,0,0,-1,-1,-1,-1,0,0,0,0,0,0.01,-1,0.01,0,0,0,0.01,0,0.01,0.01,0,0,0,0,0,0,0,0,0,0,0,0,0,0,0,0,0,0,0,0,0,0,0,0,0,0,0,0,0,0,0,0,0,0,0,-1,-1,-1,-1,-1,0,-1,-1,-1,-1,0,0,-1,-1,-1,-1,-1,0,0,0,0,0,0,0,0,0,0,0,0,0,0,-1,-1,-1,-1,-1,-1,-1,-1,-1,-1,-1,-1,-1,-1,0,0,0,0,0,0,0,0,0,0,0,0,0,0,0,0,0,0,0,0,0,0,0,0,0,0,0,0,0,0,0,0,0,0,0,0,0,0,0,0
0.02,0.01,0.02,0.06,0.01,0.04,0.07,0.11,0.14,0.16,0.24,-1,-1,-1,-1,-1,-1,0.05,-1,0.04,0.04,0.04,0.04,0.03,0.02,0,0,0,0.01,0.01,0.01,0.02,0,0.01,-1,-1,-1,-1,-1,-1,-1,-1,-1,-1,-1,-1,-1,-1,-1,0,0.01,0,0,-1,-1,-1,-1,-1,-1,0,0,-1,-1,-1,-1,-1,0,0.01,0,0,0,0,0.01,0,0,0,0,0,0.01,0,0,0.01,0,0,0,0,0,0.01,0,0,0,0.01,0.01,0,0.02,0,0.01,0,-1,-1,-1,0,0,0,0,0,0,0,0,0,0,0,0,0,0,0,0,0,0,0,0,0,0,0,0,0,0,-1,-1,-1,-1,-1,-1,-1,-1,-1,0,-1,-1,-1,-1,-1,0,0,0,0,-1,-1,-1,-1,-1,-1,-1,-1,-1,-1,-1,-1,-1,-1,0,0,0,0,0,0,0,0,0,0,0,0,0,0,0,0,0,0,0,0,0,0,0,0,0,0,0,0,0,0,0,0,0,0,-1,-1,-1,-1,-1,-1
0,0.01,0.03,0.02,0.06,0.09,0.1,0.13,0.18,0.18,0.18,0.19,0.15,0.12,-1,-1,-1,-1,-1,-1,0.09,0.04,0,0,0,0,0,0,-1,0.01,0.03,0,0.01,0.01,-1,-1,-1,-1,-1,-1,-1,-1,-1,-1,-1,-1,-1,-1,-1,0,0,0,0,-1,-1,-1,-1,-1,-1,0,0,-1,-1,-1,-1,-1,-1,-1,-1,0,0.01,0.02,0.01,0.02,0,0,0.01,0,0,0,0.01,0,0,0,0,0,0,0,0,0,0,0,0,0,0,0,0,0,-1,-1,-1,-1,-1,0,-1,-1,0,0,-1,-1,-1,-1,-1,-1,-1,-1,-1,-1,0,0,-1,-1,-1,-1,0,0,0,-1,-1,-1,-1,0,0,0,0,0,0,-1,-1,-1,-1,-1,0,0,0,0,0,0,0,0,0,0,0,0,0,0,0,0,0,0,0,0,0,0,0,0,0,0,0,0,0,0,0,0,0,0,0,0,0,0,0,0,0,0,0,0,0,-1,-1,-1,0,-1,-1,-1,-1,-1,0,0,-1,-1
0.01,0.01,0.09,0.03,0.08,0.15,0.12,0.2,0.23,0.23,0.22,0.17,0.07,0.11,0.09,0.05,0.04,0.08,-1,-1,0.08,0.04,0,0,0,0,0,0.01,-1,0.01,0.02,0.02,0,0.01,-1,-1,-1,-1,-1,-1,-1,-1,-1,-1,-1,-1,-1,-1,-1,0,0,0,-1,-1,-1,-1,-1,-1,-1,0,0,-1,-1,-1,-1,-1,-1,-1,-1,-1,0,0,0,0,0,0,0,0,0,0,-1,-1,-1,-1,-1,-1,-1,-1,-1,-1,-1,-1,-1,0,0,0,0,0,-1,-1,-1,-1,-1,-1,-1,-1,0,0,-1,-1,-1,-1,-1,-1,-1,-1,-1,-1,0,0,-1,-1,-1,-1,0,0,0,-1,-1,-1,-1,0,0,0,0,0,0,0,0,0,0,0,0,0,0,0,0,0,0,0,0,0,0,0,0,0,0,0,0,0,0,0,0,0,0,0,0,0,0,0,0,0,0,0,0,0,0,0,0,0,-1,-1,-1,-1,-1,-1,-1,-1,-1,-1,0,0,-1,0,-1,-1,-1,0,0,0
0.03,0.05,0.13,0.07,0.13,0.16,0.25,0.31,0.44,0.32,0.4,0.29,0.22,0.12,0.1,0.06,0.08,0.08,0.11,0.04,0.05,0,0,0,0,0,0,-1,-1,0.01,0.02,0.01,0.01,0.01,0,0,0,0.01,0,-1,-1,-1,-1,-1,-1,-1,-1,-1,-1,0,0,0,-1,-1,-1,-1,-1,-1,0,0,-1,-1,-1,-1,-1,-1,-1,-1,-1,-1,0,0,0,0,0,0,0,0,0,0,-1,-1,-1,-1,-1,-1,-1,-1,-1,-1,-1,-1,-1,0,0,0,0,0,0,0,0,0,0,-1,-1,-1,0,0,-1,-1,-1,-1,-1,-1,-1,-1,-1,-1,0,0,-1,-1,-1,-1,0,0,0,-1,0,-1,-1,0,-1,-1,-1,-1,-1,0,0,0,0,0,0,0,0,0,0,0,0,0,0,0,0,0,0,0,0,0,0,0,0,0,0,0,0,0,0,0,0,0,0,0,0,0,0,0,-1,-1,-1,0,-1,-1,-1,-1,-1,0,-1,-1,0,0,0,0,0,0,0,0,0,0,0,0
0.01,0.04,0.03,0.1,0.2,0.23,0.35,0.56,0.66,0.67,0.67,0.54,0.35,0.26,0.13,0.06,0.08,0.01,0,0.02,0.01,0,0,0,0,0,0,0.04,0.01,0.04,0,0,0,0,0.02,0.01,0,0.03,0,0,0,-1,0,0.02,0,0,-1,-1,0,0.01,0,0,-1,-1,-1,-1,-1,-1,0,0,-1,-1,-1,-1,-1,-1,-1,-1,-1,-1,0,0,0,0,0,0,0,0,0,0,0,0,0,0,0,0,0,0,0,0,0,0,0,0,0,0,0,0,0,0,0,0,0,0,0,0,0,0,0,0,0,0,0,0,0,0,0,0,0,0,0,0,0,0,0,0,0,0,0,0,0,0,0,0,0,0,-1,0,0,0,0,0,0,0,0,0,0,0,0,0,0,0,0,0,0,0,0,0,0,0,0,0,0,0,0,0,0,0,0,0,-1,-1,-1,-1,-1,-1,-1,-1,-1,0,-1,0,0,-1,0,0,0,0,0,0,0,0,0,0,0,0,0,0,0,0
0.04,0.06,0.05,0.11,0.15,0.22,0.46,0.67,0.88,0.99,0.84,0.53,0.37,0.24,0.12,0.12,0.03,0.03,0.01,0.03,0.01,0,0.01,0,0,0,0,0,0,0,0,0,0,0,-1,-1,-1,0,0,0.01,0.02,0,0,0.01,0,0,0,0,0,0,0,0,-1,-1,-1,-1,-1,-1,0,0,-1,-1,-1,-1,-1,-1,-1,-1,-1,-1,0,0,0,0,0,0,0,0,0,0,0,0,0,0,0,0,0,0,0,0,0,0,0,0,0,0,0,0,0,0,0,0,0,0,0,0,0,0,0,0,0,0,0,0,0,0,0,0,0,0,0,0,0,0,0,0,0,0,0,0,0,0,0,0,0,0,0,0,0,0,0,0,0,0,0,0,0,0,0,0,0,0,0,0,0,0,0,0,0,0,0,0,-1,-1,-1,-1,-1,-1,-1,-1,-1,-1,-1,-1,-1,-1,0,0,0,0,0,0,0,0,0,0,0,0,0,0,0,0,0,0,0,0,0,0,0,0
0.04,0.03,0.05,0.12,0.08,0.35,0.51,0.69,0.97,0.97,0.89,0.53,0.28,0.19,0.15,0.13,0.04,0.03,0.02,0.03,0,0.01,0,0,0,0,0,0,0,0,0,0,0,0,0,0.02,0,0.01,0.03,0.01,0,0,0,0,0,0,0,0,0,0,0,-1,-1,-1,-1,-1,-1,0,-1,-1,-1,-1,-1,-1,-1,-1,-1,0,0,0,-1,-1,-1,-1,-1,-1,-1,-1,-1,-1,0,0,-1,-1,-1,0,0,0,0,0,0,0,0,0,0,0,0,0,0,0,0,0,0,0,0,0,0,-1,-1,-1,-1,-1,-1,0,0,0,0,0,0,0,0,0,-1,0,0,0,0,0,0,0,0,0,0,0,0,0,0,0,0,0,0,0,0,0,0,0,0,0,0,0,0,0,0,0,0,0,0,0,-1,0,-1,-1,-1,-1,-1,-1,-1,-1,-1,-1,0,0,0,0,0,0,0,0,0,0,0,0,0,0,0,0,0,0,0,0,0,0,0,0,0,0,0,0,0,0
0.04,0,0.07,0.1,0.12,0.33,0.33,0.54,0.77,0.73,0.46,0.48,0.35,0.2,0.17,0.07,0.06,0.04,0,0,0.01,0,0,0,0,0.01,0,0,0,0,0,0,0,0,0,0,0,0,0,0,0,0,0,0,0,0,0,0,0,0,0,0,-1,-1,-1,-1,-1,0,-1,-1,-1,-1,-1,-1,-1,-1,-1,-1,0,0,-1,-1,-1,-1,-1,-1,-1,-1,-1,-1,0,0,-1,-1,-1,-1,-1,-1,-1,-1,-1,-1,0,0,0,0,0,0,0,0,0,0,0,0,0,0,0,-1,-1,-1,-1,-1,-1,-1,0,0,0,0,0,0,-1,-1,0,-1,0,0,0,0,-1,-1,-1,0,0,0,0,0,0,0,0,0,-1,0,0,0,0,0,0,0,0,-1,-1,-1,0,0,0,0,0,0,0,0,-1,-1,-1,-1,-1,-1,-1,0,0,0,0,0,0,0,0,0,0,0,0,0,0,0,0,0,0,0,0,0,0,0,0,0,0,0,0,0,0,0,0,0
0.04,0.04,0.04,0.05,0.15,-1,-1,-1,-1,-1,-1,-1,0.19,0.09,0.13,0.12,0.06,0.01,0.03,0.01,0,0.01,0.01,0.01,0,0,0.01,0,0,0,0,0,0,0,0,0,0,0,0,0,0,0,0,0,0,0,0,0,0,0,0,0,0,0,0,0,0,0,-1,0,0,0,0,0,0,0,0,0,0,0,0,0,0,0,0,0,-1,-1,-1,-1,0,0,-1,-1,-1,-1,-1,-1,-1,-1,-1,-1,0,0,0,0,0,0,0,0,0,0,0,0,0,0,0,-1,-1,-1,-1,-1,-1,-1,0,-1,-1,-1,-1,-1,0,0,0,0,0,0,0,0,0,0,0,0,0,0,0,0,0,0,0,0,0,0,-1,-1,-1,-1,-1,-1,0,-1,-1,0,0,0,0,0,0,0,0,0,0,0,0,0,0,0,0,0,0,0,0,0,0,0,0,0,0,0,0,0,0,0,0,0,0,0,0,0,0,0,0,0,0,0,0,0,0,0,0,0
0.02,0.01,0.06,0.1,0.2,-1,-1,-1,-1,-1,-1,-1,0.23,-1,0.1,-1,-1,-1,0.04,0.03,0.05,0.02,0.03,0.06,0.02,0,0,0,0,0,0,0,0,0,0,0,0,0,0,0,0,0,0,0,0,0,0,0,0,0,0,0,0,0,0,0,0,0,-1,-1,-1,0,0,0,0,0,0,0,0,0,0,0,0,0,0,0,0,0,0,0,0,0,0,0,0,0,-1,-1,-1,-1,-1,-1,0,0,0,0,0,0,0,0,0,0,0,0,0,0,0,0,0,0,0,0,0,0,0,0,0,0,0,-1,0,0,0,-1,-1,0,0,0,0,-1,-1,-1,-1,0,0,0,0,0,0,0,0,0,0,0,0,0,0,0,0,0,0,0,0,0,0,0,0,0,0,0,0,0,0,0,0,0,0,0,0,0,0,0,0,0,0,0,0,0,0,0,0,0,0,0,0,0,0,0,0,0,0,0,0,0,0,0,0,0,0,0
0.01,0.07,0.08,0.19,0.12,-1,-1,-1,-1,-1,-1,-1,0.17,-1,-1,-1,-1,-1,-1,-1,-1,-1,-1,0.05,0,0.02,0,0,0,0,0,0,0,0,0,0,0,0,0,0,0,0,0,0,0,0,0,0,0,0,0,0,0,0,0,0,0,0,-1,-1,-1,0,0,0,0,0,0,0,0,0,0,-1,-1,-1,-1,0,0,0,0,0,0,0,0,0,0,0,0,0,0,0,0,0,0,0,0,0,-1,-1,-1,-1,-1,-1,-1,-1,0,0,0,-1,-1,-1,-1,-1,-1,-1,-1,-1,-1,-1,-1,-1,-1,-1,0,-1,-1,0,0,0,0,-1,-1,-1,-1,0,0,0,0,0,0,0,0,0,0,0,0,0,0,0,0,0,0,0,0,0,0,0,0,0,0,0,0,0,0,0,0,0,0,0,0,0,0,0,0,0,0,0,0,0,0,0,0,0,0,0,0,0,0,0,0,0,0,0,0,0,0,0,0,0,0,0
0.09,0.07,0.11,0.1,0.08,0.1,0.11,0.16,0.21,0.2,0.14,0.21,0.12,0.05,-1,-1,-1,-1,-1,-1,-1,-1,-1,0.01,-1,-1,-1,0.02,0.01,0,0,0,0,0,0,0,0,0,0,0,0,0,0,0,0,0,0,0,0,0,0,0,0,0,0,0,0,0,-1,-1,-1,-1,-1,-1,-1,-1,-1,0,0,-1,-1,-1,-1,-1,-1,-1,-1,-1,-1,-1,0,0,0,0,0,0,0,0,0,0,0,-1,-1,0,0,0,0,0,0,0,0,0,0,0,0,0,0,0,0,0,0,0,0,0,0,0,0,0,0,0,0,0,0,0,0,0,-1,-1,-1,-1,-1,0,0,0,0,0,0,0,0,0,0,0,0,0,0,0,0,0,0,0,0,0,0,0,0,0,0,0,0,0,0,0,0,0,0,0,0,0,0,0,0,0,0,0,0,0,0,0,0,0,0,0,0,0,0,0,0,0,0,0,0,0,0,0,0,0,0,0,0,0
0.04,0.06,0.15,0.12,0.09,0.15,0.14,0.11,0.13,0.12,0.09,0.15,0.11,0.08,0.1,0.12,0.06,0.03,0.07,0.07,-1,-1,-1,-1,-1,-1,-1,0,0.03,0.01,0.01,0.02,0,0,0,0,0,0,0,0,0,0,0,0,0,0,0,0,0,0,0,0,0,0,0,0,0,0,0,0,0,0,0,-1,-1,-1,0,0,0,0,0,0,0,0,-1,-1,-1,-1,-1,-1,0,0,0,0,0,0,0,0,0,0,-1,-1,-1,0,0,0,0,0,0,0,0,0,0,0,0,0,0,0,0,0,0,0,0,0,0,0,0,0,0,0,0,0,0,0,0,0,0,0,0,0,-1,-1,-1,0,0,0,0,0,0,0,0,0,0,0,0,0,0,0,0,0,0,0,0,0,0,0,0,0,0,0,0,0,0,0,0,0,0,0,0,0,0,0,0,0,0,0,0,0,0,0,0,0,0,0,0,0,0,0,0,0,0,0,0,0,0,0,0,0,0,0
0.03,0.03,0.1,0.08,0.09,0.16,0.16,0.1,0.17,0.05,0.14,0.11,0.07,0.08,0.03,0.07,0.04,0.07,0.07,0.04,0.06,0.01,0.01,0.02,0.05,-1,0.06,0.02,0.01,0,0.01,0,0,0.02,0.01,0.01,0,0,0,0,0,0,0,0,0,0,0,0,0,0,0,0,0,0,0,0,0,0,0,0,0,0,0,0,0,0,0,0,0,0,0,0,0,0,0,0,0,0,0,0,0,0,0,0,0,0,0,0,0,-1,-1,-1,-1,-1,0,0,0,0,0,0,0,0,0,0,0,0,0,0,0,0,0,0,0,0,0,0,0,0,0,0,0,0,0,0,0,0,0,0,0,0,0,0,0,0,0,0,0,0,0,0,0,0,0,0,0,0,0,0,0,0,0,0,0,0,0,0,0,0,0,0,0,0,0,0,0,0,0,0,0,0,0,0,0,0,0,0,0,0,0,0,0,0,0,0,0,0,0,0,0,0,0,0,0,0,0,0,0,0,0,0
0.05,0.09,0.07,0.08,0.09,0.09,0.08,0.08,0.06,0.07,0.06,0.07,0.15,0.06,0.08,0.06,0.07,0.04,0.04,0.02,0.02,0.03,0.03,-1,-1,0.02,0.03,0,0.01,0,0.02,0.01,0.01,0.03,0,0,0,0,0,0,0,0,0,0,0,0,0,0,0,0,0,0,0,0,0,0,0,0,0,0,0,0,0,0,0,0,0,0,0,0,0,0,0,0,0,0,0,0,0,0,-1,-1,-1,-1,-1,-1,-1,0,0,0,-1,-1,-1,-1,0,0,0,0,0,0,0,0,0,0,0,0,0,0,0,0,0,0,0,0,0,0,0,0,0,0,0,0,0,0,0,0,0,0,0,0,0,0,0,0,0,0,0,0,0,0,0,0,0,0,0,0,0,0,0,0,0,0,0,0,0,0,0,0,0,0,0,0,0,0,0,0,0,0,0,0,0,0,0,0,0,0,0,0,0,0,0,0,0,0,0,0,0,0,0,0,0,0,0,0,0,0,0,0,0,0
0.05,0.05,0.05,0.09,0.07,0.07,0.07,0.08,0.09,0.06,0.06,0.06,0.07,0.05,0.08,0.03,0.05,0.06,0.04,0.02,0.04,0.01,0.03,-1,-1,0.01,0.02,0.02,0.02,0,0.01,0.01,0,0,0.02,0,0,0.01,0,0.01,0,0,0,0,0,0,0,0,0,0,0,0,0,0,0,0,0,0,0,0,0,0,0,0,0,0,0,0,0,0,0,0,0,0,0,0,0,0,0,0,-1,-1,-1,-1,-1,-1,-1,-1,0,0,-1,-1,-1,0,0,0,0,0,0,0,0,0,0,0,0,0,0,0,0,0,0,0,0,0,0,0,0,0,0,0,0,0,0,0,0,0,0,0,0,0,0,0,0,0,0,0,0,0,0,0,0,0,0,0,0,0,0,0,0,0,0,0,0,0,0,0,0,0,0,0,0,0,0,0,0,0,0,0,0,0,0,0,0,0,0,0,0,0,0,0,0,0,0,0,0,0,0,0,0,0,0,0,0,0,0,0,0,0,0,0
0.06,0.03,0.03,0.08,0.04,0.08,0.06,0.04,0.08,0.09,0.08,0.03,0.05,0.03,0.05,0.06,0.03,0.03,0.01,0.04,0.04,0.03,0.02,-1,-1,0.03,0.01,0,0,0.05,0.03,0.01,0.02,0,0.01,-1,0.02,0,0,0,0,0,0,0,0,0,0,0,0,0,0,0,0,0,0,0,0,0,0,0,0,0,0,0,0,0,0,0,0,0,0,0,0,0,0,0,0,0,0,0,0,0,0,0,0,0,0,0,0,0,-1,-1,-1,0,0,0,0,0,0,0,0,0,0,0,0,0,0,0,0,0,0,0,0,0,0,0,0,0,0,0,0,0,0,0,0,0,0,0,0,0,0,0,0,0,0,0,0,0,0,0,0,0,0,0,0,0,0,0,0,0,0,0,0,0,0,0,0,0,0,0,0,0,0,0,0,0,0,0,0,0,0,0,0,0,0,0,0,0,0,0,0,0,0,0,0,0,0,0,0,0,0,0,0,0,0,0,0,0,0,0
0.02,0.06,0.07,0.08,0.07,0.05,0.03,0.04,0.05,0.05,0.01,0.05,0.03,0.06,0.05,0.03,0.01,0.07,0.02,0.05,0.05,0.03,0.03,-1,-1,0.03,0,0,0.01,0.01,0,0,0.01,0.03,-1,-1,-1,-1,-1,-1,0,0.01,0,0,0,0,0,0,0,0,0,0,0,0,0,0,0,0,0,0,0,0,0,0,0,0,-1,0,0,0,0,0,0,0,0,0,0,0,0,0,0,0,0,0,0,0,0,0,0,0,0,0,0,0,0,0,0,0,0,0,0,0,0,0,0,0,0,0,0,0,0,0,0,0,0,0,0,0,0,0,0,0,0,0,0,0,0,0,0,0,0,0,0,0,0,0,0,0,0,0,0,0,0,0,0,0,0,0,0,0,0,0,0,0,0,0,0,0,0,0,0,0,0,0,0,0,0,0,0,0,0,0,0,0,0,0,0,0,0,0,0,0,0,0,0,0,0,0,0,0,0,0,0,0,0,0,0,0,0,0
0.05,0.04,0.02,0.03,0.02,0.05,0.03,0.03,0.05,0.03,0.05,0,0.04,0.06,0.03,0.02,0.02,0.01,0,0.02,0.02,0,-1,-1,-1,0.01,0.03,0.01,0,0,0,-1,-1,-1,-1,-1,-1,-1,-1,-1,-1,-1,-1,-1,-1,0.01,0,0.01,0,0,0,0,0,0,0,0,0,0,0,0,0,0,0,0,0,0,-1,-1,-1,-1,-1,-1,-1,0,0,0,0,0,0,0,0,0,0,0,0,0,0,0,0,0,0,0,0,0,0,0,0,0,0,0,0,0,0,0,0,0,0,0,0,0,0,0,0,0,0,0,0,0,0,0,0,0,0,0,0,0,0,0,0,0,0,0,0,0,0,0,0,0,0,0,0,0,0,0,0,0,0,0,0,0,0,0,0,0,0,0,0,0,0,0,0,0,0,0,0,0,0,0,0,0,0,0,0,0,0,0,0,0,0,0,0,0,0,0,0,0,0,0,0,0,0,0,0,0,0,0,0,0,0,0
0.02,0.02,0.01,0.03,0.07,0.05,0.05,0.01,0.03,0.04,0.02,0.01,0.03,0.03,0.05,0.03,0.01,0.03,0.03,0.04,0.01,0.03,-1,-1,0,0.02,0.01,0,0,0,0.01,-1,-1,-1,-1,-1,-1,-1,-1,-1,-1,-1,-1,-1,-1,-1,-1,-1,-1,0,0,0,-1,-1,0,0,-1,-1,-1,0,0,0,0,0,0,0,0,0,-1,-1,-1,-1,-1,-1,-1,0,0,0,0,0,0,0,0,0,0,0,0,0,0,0,0,0,0,0,0,0,0,0,0,0,0,0,0,-1,-1,0,0,0,0,0,0,0,0,0,0,0,0,0,0,0,0,0,0,0,0,0,0,0,0,0,0,0,0,0,0,0,0,0,0,0,0,0,0,0,0,0,0,0,0,0,0,0,0,0,0,0,0,0,0,0,0,0,0,0,0,0,0,0,0,0,0,0,0,0,0,0,0,0,0,0,0,0,0,0,0,0,0,0,0,0,0,0,0,0,0,0,0,0,0,0
0.03,0.02,0.01,0.01,0.03,0.01,0.01,0.02,0.03,0.06,0.01,0.03,0.02,0.03,0.02,0.03,0.01,0.01,0.02,-1,-1,0.01,-1,0.02,0,0,0.02,0,0.01,0.02,-1,-1,-1,-1,-1,-1,-1,-1,-1,-1,-1,-1,-1,-1,-1,-1,-1,-1,-1,0,0,-1,-1,-1,0,0,-1,-1,-1,-1,-1,-1,-1,0,0,0,0,0,0,-1,-1,-1,-1,-1,-1,-1,-1,-1,-1,-1,-1,-1,0,0,0,0,0,0,0,0,0,0,0,0,0,0,0,0,0,0,0,0,0,0,0,0,0,0,0,0,0,0,0,0,0,0,0,0,0,0,0,0,0,0,0,0,0,0,0,0,0,0,0,0,0,0,0,0,0,0,0,0,0,0,0,0,0,0,0,0,0,0,0,0,0,0,0,0,0,0,0,0,0,0,0,0,0,0,0,0,0,0,0,0,0,0,0,0,0,0,0,0,0,0,0,0,0,0,0,0,0,0,0,0,0,0,0,0,0,0
0.03,0.02,0.01,0.05,0.02,0.04,0.03,0.01,0.02,0.01,0.03,0.04,0.01,0.04,0.01,0.04,0.03,0.02,0.03,-1,-1,0.02,0.02,0.02,0,0.01,0,0,0,0,-1,-1,-1,-1,-1,-1,-1,-1,-1,-1,-1,-1,-1,-1,-1,-1,-1,-1,-1,-1,-1,-1,-1,-1,0,0,0,0,0,0,-1,-1,-1,-1,0,0,0,0,0,0,-1,-1,-1,-1,-1,-1,-1,-1,-1,-1,-1,-1,-1,-1,-1,-1,0,-1,0,0,0,0,0,0,0,0,0,0,0,0,0,0,0,0,0,0,0,0,0,0,0,0,0,0,0,0,0,0,0,0,0,0,0,0,0,0,0,0,0,0,0,0,0,0,0,0,0,0,0,0,0,0,0,0,0,0,0,0,0,0,0,0,0,0,0,0,0,0,0,0,0,0,0,0,0,0,0,0,0,0,0,0,0,0,0,0,0,0,0,0,0,0,0,0,0,0,0,0,0,0,0,0,0,0,0,0,0,0,0,0
0.02,0.01,0.03,0.03,0.01,0.05,0.02,0.04,0.02,0.04,0.04,0.02,0,0,0.02,0.06,0.02,0,0.02,0,0.02,0.02,0.02,0.02,0.02,0,0.01,0.01,0,0.01,-1,-1,-1,-1,-1,-1,-1,-1,-1,-1,-1,-1,-1,-1,-1,-1,-1,-1,-1,-1,-1,-1,-1,-1,0,0,0,0,0,0,0,0,0,-1,-1,0,0,0,0,0,0,0,0,0,0,0,0,-1,-1,-1,-1,-1,-1,-1,-1,-1,-1,-1,-1,-1,-1,0,0,0,0,0,0,0,0,0,0,0,0,0,0,0,0,0,0,0,0,0,0,0,0,0,0,0,0,0,0,0,0,0,0,0,0,0,0,0,0,0,0,0,0,0,0,0,0,0,0,0,0,0,0,0,0,0,0,0,0,0,0,0,0,0,0,0,0,0,0,0,0,0,0,0,0,0,0,0,0,0,0,0,0,0,0,0,0,0,0,0,0,0,0,0,0,0,0,0,0,0,0,0,0,0,0,-1,-1,-1
0.01,0.02,0.01,0.03,0.04,0.02,0.02,0,0.04,0.03,0.01,0,0.02,0.01,0.02,0.01,0.01,0,0,0.02,-1,-1,-1,0.04,0.02,0,0,0,0,-1,-1,-1,-1,-1,-1,-1,-1,-1,-1,-1,-1,-1,-1,-1,-1,-1,-1,-1,-1,0,-1,-1,-1,-1,0,0,0,0,0,0,0,0,0,0,-1,-1,0,0,0,0,-1,-1,0,0,0,0,0,0,0,0,0,0,0,0,-1,-1,-1,-1,-1,-1,0,-1,-1,-1,0,0,0,0,0,0,0,0,0,0,0,0,0,0,0,0,0,0,0,0,0,0,0,0,0,0,0,0,0,0,0,0,0,0,0,0,0,0,0,0,0,0,0,0,0,0,0,0,0,0,0,0,0,0,0,0,0,0,0,0,0,0,0,0,0,0,0,0,0,0,0,0,0,0,0,0,0,0,0,0,0,0,0,0,0,0,0,0,0,0,0,0,0,0,0,0,0,0,0,0,-1,-1,-1,-1,-1,-1
0.01,0.01,0.01,0.01,0.01,0.04,0.02,0.03,0.02,0,-1,-1,-1,-1,-1,-1,-1,-1,-1,0.02,-1,-1,-1,0.01,0.03,0.02,0,0.01,0,-1,-1,-1,-1,-1,-1,-1,-1,-1,-1,-1,-1,-1,-1,-1,-1,-1,-1,-1,-1,-1,-1,-1,-1,-1,0,0,0,0,0,0,0,0,0,-1,-1,-1,-1,0,0,0,0,-1,-1,0,0,0,0,0,0,0,-1,-1,0,0,-1,-1,-1,-1,0,-1,-1,-1,-1,0,0,0,0,0,0,0,0,0,0,0,0,0,0,0,0,0,0,0,0,0,0,0,0,0,0,0,0,0,0,0,0,0,0,0,0,0,0,0,0,0,0,0,0,0,0,0,0,0,0,0,0,0,0,0,0,0,0,0,0,0,0,0,0,0,0,0,0,0,0,0,0,0,0,0,0,0,0,0,0,0,0,0,0,0,0,0,0,0,0,0,0,0,0,0,-1,0,0,0,0,-1,-1,-1,-1,-1,0,0
-1,-1,-1,-1,-1,-1,-1,-1,0,0.03,-1,-1,-1,-1,-1,-1,-1,-1,-1,0.01,0,0,0,0.03,0.01,0.01,0.02,0,0.01,0.01,0.01,0,0.01,-1,-1,-1,-1,0.01,-1,-1,0,0,-1,-1,-1,-1,-1,-1,-1,-1,-1,-1,-1,-1,0,0,0,0,0,0,0,0,0,0,0,-1,-1,0,0,0,0,-1,-1,0,-1,-1,-1,-1,-1,0,-1,0,0,0,0,0,0,0,0,0,0,-1,-1,0,0,0,0,0,0,0,0,0,0,0,0,0,0,0,0,0,0,0,0,0,0,0,0,0,0,0,0,0,0,0,0,0,0,0,0,0,0,0,0,0,0,0,0,0,0,0,0,0,0,0,0,0,0,0,0,0,0,0,0,0,0,0,0,0,0,0,0,0,0,0,0,0,0,0,0,0,0,0,0,0,0,0,0,0,0,0,0,0,-1,-1,-1,-1,-1,-1,-1,0,0,0,0,0,0,0,0,0,0,0
-1,-1,-1,-1,-1,-1,-1,-1,0.02,0.01,-1,-1,-1,-1,-1,-1,-1,-1,-1,0,-1,-1,0,0.01,0.01,0,0.01,0.05,0,0,0,0,0.01,0,0.01,0,0,0.01,0,0.01,0.01,0,-1,-1,-1,-1,-1,-1,0,-1,-1,-1,-1,-1,0,0,-1,0,0,0,0,0,0,0,0,-1,-1,0,0,0,0,0,-1,-1,-1,-1,-1,-1,0,0,0,0,0,0,0,0,-1,-1,-1,-1,0,-1,-1,0,0,0,0,0,0,0,0,0,0,0,0,0,0,0,0,0,0,0,0,0,0,0,0,0,0,0,0,0,0,0,0,0,0,0,0,0,0,0,0,0,0,0,0,0,0,0,0,0,0,0,0,0,0,0,0,0,0,0,0,0,0,0,0,0,0,0,0,0,0,0,0,0,0,0,0,0,0,0,0,0,0,0,0,-1,-1,-1,-1,-1,-1,-1,-1,-1,-1,-1,0,0,0,0,0,0,0,0,0,0,0,0
-1,-1,-1,-1,-1,-1,-1,-1,0,0.01,-1,-1,-1,-1,-1,-1,-1,-1,-1,0.01,0.01,0.01,0,0,0.02,0,0,0.01,0.02,0,0,0,0,0,0.01,0,0,0,0,0,0,0,0,-1,0,0,-1,-1,0,0,-1,-1,0,0,0,0,-1,0,-1,-1,-1,-1,-1,-1,-1,-1,-1,0,0,0,0,0,0,0,0,0,0,0,0,0,0,0,0,0,0,0,0,0,0,0,0,0,0,0,0,0,0,0,0,0,0,0,0,0,0,0,0,0,0,0,0,0,0,0,0,0,0,0,0,0,0,0,0,0,0,0,0,0,0,0,0,0,0,0,0,0,0,0,0,0,0,0,0,0,0,0,0,0,0,0,0,0,0,0,0,0,0,0,0,0,0,0,0,0,0,0,0,0,0,0,0,0,0,-1,-1,-1,-1,-1,-1,-1,-1,0,0,0,0,0,0,0,0,0,0,0,0,0,0,0,0,0,0,0
-1,-1,-1,-1,-1,-1,-1,-1,0.02,0.02,-1,-1,-1,-1,-1,-1,-1,-1,-1,0.01,-1,-1,0,0.01,0.01,0,0.01,0,0.01,0,0,0,0.01,0,0,0,0,0,0,0,0,0,0,-1,0,0,0,0,0,0,-1,-1,-1,-1,-1,0,-1,-1,-1,-1,-1,-1,-1,-1,0,0,-1,-1,0,0,0,0,0,0,0,0,0,0,0,0,0,0,0,0,0,0,0,0,0,0,0,0,0,0,0,0,0,0,0,0,0,0,0,0,0,0,0,0,0,0,0,0,0,0,0,0,0,0,0,0,0,0,0,0,0,0,0,0,0,0,0,0,0,0,0,0,0,0,0,0,0,0,0,0,0,0,0,0,0,0,0,0,0,0,0,0,0,0,0,0,0,0,0,0,0,0,0,0,-1,-1,-1,-1,-1,-1,-1,-1,-1,0,0,0,0,0,0,0,0,0,0,0,0,0,0,0,0,0,0,0,0,0,0,0
-1,-1,-1,-1,-1,-1,-1,-1,0,0,-1,-1,-1,-1,-1,-1,-1,-1,-1,0.02,0.02,-1,0.01,0,0.02,0.01,0.02,0,0,0,0,0,0.02,0,0,0,0,0,0,0,0.01,0,0,0,0,0,0,0,0,0,-1,-1,-1,-1,-1,0,0,0,0,-1,-1,0,-1,-1,-1,-1,-1,0,0,0,0,0,0,0,0,0,0,0,0,0,0,0,0,0,0,0,0,0,0,0,0,0,0,0.01,0,0,0,0,0,0.01,0,0,0,0.01,0,0,0,0,0,0,0,0,0,0,0,0,0,0,0,0,0,0,0,0,0,0,0,0,0,0,0,0,0,0,0,0,0,0,0,0,0,0,0,0,0,0,0,0,0,0,0,0,0,0,0,0,0,0,0,0,0,0,0,-1,-1,-1,-1,-1,-1,-1,-1,-1,0,0,0,0,0,0,0,0,0,0,0,0,0,0,0,0,0,0,0,0,0,0,0,0,0,0,0,0
-1,-1,-1,-1,-1,-1,-1,-1,0.01,0,-1,-1,-1,-1,-1,-1,-1,-1,-1,0.01,0.01,0,0,0,0.03,0.01,0,-1,-1,0,0,0,0,0,0,0.01,0,0,0.01,0,0,0,0,0,0,0,0,0,0,0,-1,-1,0,-1,-1,-1,0,0,0,-1,-1,0,0,0,-1,-1,-1,-1,0,0,0,0,0,0,0,0,0,0,0,0,0,0,0,0,0,0,0,0,0.02,0,0,0,0,0,0.01,0,0,0,0.01,0,0,0,0,0,0,0.01,0,0,0,0,0,0.01,0,0,0,0,0,0,0,0,0,0,0,0,0,0,0,0,0,0,0,0,0,0,0,0,0,0,0,0,0,0,0,0,0,0,0,0,0,0,0,0,0,0,-1,-1,0,0,0,0,0,0,-1,-1,-1,-1,-1,-1,0,0,0,0,0,0,0,0,0,0,0,0,0,0,0,0,0,0,0,-1,-1,-1,0,0,0,0,-1,-1,-1,-1,-1,-1
-1,-1,-1,-1,-1,-1,-1,-1,0,0,-1,-1,-1,-1,-1,-1,-1,-1,-1,0.01,0.01,0.01,0,0,0,0,0.02,-1,-1,0.02,0,0,0,0,0,0,0,0,0,0,0,0,0,0,0,0,0,0,0,0,0,-1,0,0,0,0,0,0,0,0,0,0,-1,-1,-1,-1,-1,-1,0,0,0,0,0,0,0,0,0,0,0,0,0,0,0,0,0,0,0,0,0,0,0,0,0,0,0,0,0,0,0,0,0,0,0.01,0,0,0,0,0,0,0,0,0,0,0,0.02,0,0,0,0,0,0,0,0,0,0,0,0,0,0,0,0,0,0,0,0,0,0,0,0,0,0,0,0,0,0,-1,-1,-1,-1,-1,-1,-1,-1,-1,-1,-1,0,0,0,0,0,0,-1,0,0,0,0,0,0,0,0,0,0,0,0,0,0,0,0,0,0,0,-1,-1,-1,-1,-1,-1,-1,-1,-1,0,0,0,-1,-1,-1,-1,-1,-1
-1,-1,-1,-1,-1,-1,-1,-1,-1,0.02,-1,-1,-1,-1,-1,-1,-1,-1,-1,0,0,0,0,0,0,0,-1,-1,-1,-1,-1,-1,-1,-1,-1,-1,-1,-1,-1,-1,-1,-1,-1,-1,-1,0,0,0,0,0,0,0,0,0,0,0,0,0,0,0,0,0,-1,0,0,0,0,0,0,0,0,0,0,0,0,0,0,0,0,0,0,0,0,0,0,0,0,0,0,0,0,0.01,0,0,0,0,0,0,0,0.01,0,0,0.01,0,0,0,0,0,0,0,0,0,0,0,0.01,0,0,0,0,0,0,0,0,0,0,0,0,0,0,0,0,0,0,0,0,0,0,0,0,0,0,-1,-1,-1,-1,-1,-1,-1,-1,-1,-1,-1,-1,-1,-1,-1,0,0,0,0,0,0,0,0,0,0,0,0,0,0,0,0,0,0,0,0,0,0,-1,-1,-1,-1,-1,-1,-1,-1,-1,-1,-1,-1,-1,0,0,0,0,0,0,0,0,0
-1,-1,-1,-1,-1,-1,-1,-1,-1,0,-1,-1,-1,-1,-1,-1,-1,-1,-1,0.02,0,0,0,0,0.01,0,-1,0,0,-1,-1,-1,-1,-1,-1,-1,-1,-1,-1,-1,-1,-1,-1,-1,-1,-1,-1,-1,-1,-1,-1,0,0,0,0,0,0,0,0,0,0,0,0,0,0,0,0,0,0,0,0,0,0,0,0,0,0,0,0,0,0,0,0,0,0,0,0,0,0,0,0,0.01,0.01,0,0.01,0,0,0,0,-1,-1,0,0,0,0,0,0,0,0,0,0,0,0,0,0,0,0,0,0,0.02,0,0,0,0,0,0,0,0,0,0,0,0,0,-1,-1,-1,-1,-1,-1,-1,0,-1,-1,-1,-1,-1,0,0,0,0,0,0,0,0,0,0,0,0,0,0,0,0,0,0,0,0,0,0,0,0,0,0,0,0,0,-1,-1,-1,-1,-1,-1,-1,-1,-1,-1,0,0,0,0,0,0,0,0,0,0,0,0,0,0,0
-1,-1,-1,-1,-1,-1,-1,-1,-1,0,-1,-1,-1,-1,-1,-1,-1,-1,-1,0,0,0.02,0,0,0,0.03,0,-1,-1,-1,0.02,0.01,0,0.01,0,0,0,0,0,0,0,0,0,0,0,0,0,0,0,0,0,0,0,0,0,0,0,0,0,0,0,0,0,0,0,0,0,0,0,0,0,0,0,0,0,0,0,0,0,0,0,0.02,0.01,0.01,0.01,-1,0.01,0,0,0,0,0,0,0,0.02,0,0,0,0,0,0,-1,0.01,0.02,0.01,0,0,0,0.01,0.01,0,0,0,0.01,0,0,0,0,0,0,0.01,0,0,0,0,0,0,0,-1,-1,-1,-1,-1,-1,-1,-1,-1,-1,-1,-1,0,0,0.01,0,0,0.02,0,0.01,0.01,0.01,0,0,0.01,0.01,0,0.01,0,0.01,0,0,0,0,0,0,0,0,0,0,0,0,0,0,-1,-1,0,-1,-1,-1,-1,-1,-1,-1,0,0,0,0,0,0,0,0,0,0,0,0,0,0,0,0,0,0
-1,-1,-1,-1,-1,-1,-1,-1,-1,0,-1,-1,-1,-1,-1,-1,-1,-1,-1,0.02,0,0,0,0.01,0.01,0,-1,0,0,0.01,0,0,-1,0,0,0,-1,-1,-1,-1,-1,-1,0,0,0,0,0,0,0,0,0,0,0,0,0,0,0,0,0,0,0,0,0,0,0,0,0,0,0,0,0,0,0,0,0.01,0,0,0.01,0.01,0,0,0,0,0,-1,-1,0,0,0,0,-1,-1,-1,0,0.03,0,0,0,0.01,0.02,0,-1,0.01,0.02,0,0.01,0,0,0,0.01,0,0,0,0,0.01,0,0,0,0,0,0,0,0,0,0,-1,-1,-1,-1,-1,-1,-1,-1,-1,-1,0.01,0,0,0,0,0.01,0,0,0,0,0.01,0,0.01,0,0.01,0,0.01,0,0,0,0,0,0.01,0,0,0,0,0,0,0,0,0,0,0,-1,-1,-1,-1,-1,-1,0,-1,-1,0,0,0,0,0,0,0,0,0,0,0,0,0,0,0,0,0,0,0,0,0,0
-1,-1,-1,-1,-1,-1,-1,-1,-1,0,-1,-1,-1,-1,-1,-1,-1,-1,-1,0,0.01,0,0,0,0,0.01,-1,-1,0.01,0,-1,-1,0,0,0,0,-1,-1,-1,-1,-1,-1,0,0,0,0,0,0,0,0,0,0,0,0,0,0,0,0,0,0,0,0,0,0,0,0,0,0,0,0,0,0,0,0,0,0,0,0,0.01,0,0,0,0,0,0,0.01,-1,0,0,0,-1,-1,-1,0.01,0,0,0,0,0,0,0,-1,0,0,0,0.01,0,0,0,0,0,0.01,0,0,0,0.01,0,0,-1,-1,0,0,0,0,0,-1,-1,-1,0,0.01,0,0,0.01,0,0,0,0,0.01,0,0,0,0,0.01,0,0,0,0,0.01,0,-1,-1,-1,-1,0.01,0.01,0,0,0,0.01,0,0,0,0,0,0.01,0,0,-1,-1,-1,-1,-1,-1,-1,-1,0,0,0,0,0,0,0,0,0,0,0,0,0,0,0,0,0,0,0,0,0,-1,-1,-1,-1
-1,-1,-1,-1,-1,-1,-1,-1,-1,0,0,0.01,0.01,0.01,0,0,0.01,0,0,0,0,0.02,0.02,0.01,0,-1,-1,-1,-1,0.01,0,0,0,0,0,-1,-1,0,0,0,0,0,0,0,0,0,0,0,0,0,0,0,0,0,0,0,0,0,0,0,0,0,0,0,0,0,0,0,0,-1,0,0,0,0.01,0,0,0,0,0,0.01,0.01,0,0.01,0,0.01,-1,-1,0.01,0,0,-1,-1,-1,0,0.01,0.01,0.01,0,0,0,0.01,0,0,0,0,0,0,0,0,0,0,0,0,-1,-1,-1,-1,-1,-1,-1,-1,0,0,0,0,0,0,0,0,0,0,0.01,0,0.01,0,0,0,0,0,0,0,-1,-1,-1,-1,-1,-1,-1,-1,-1,-1,-1,-1,0.01,0,0.01,0,0.01,0.01,0.01,0.01,0.01,0,0,-1,-1,-1,-1,-1,-1,-1,-1,-1,0,0,0,0,0,0,0,0,0,0,0,0,0,0,-1,-1,-1,-1,-1,0,0,0,-1,-1,-1,-1,-1
-1,-1,-1,-1,-1,-1,-1,-1,-1,0.01,0,0,0,0,0,0,0,-1,0.01,0,0,0,0,0,0.01,0.01,0,0,0,0,0,0,0,0,0,-1,-1,0,0,0,0,0,0,0,0,-1,-1,-1,0,0,0,0,0,0,0,0,0,0,0,0,0,0,0,0,0,0,0,0,0,-1,0,0,0,0.01,0,0,0,0,0,0.01,0,0.01,0,0,0,-1,-1,0,0.01,0,0,0,0,0,0.01,0,0,0.01,0,0.01,0,0,0,0,0,0,0.02,0,0.01,-1,-1,-1,-1,-1,-1,-1,-1,-1,-1,0,0,0,0,0.02,0,0,0.02,0.01,0,0,0,0,0,0,-1,-1,-1,0,0.02,-1,-1,-1,-1,-1,-1,-1,-1,0,0,0.01,0.01,0,0.01,0,0,0.02,0,0,0,0,0,0,-1,-1,-1,-1,-1,-1,-1,-1,0,0,0,0,0,0,0,0,0,0,0,-1,-1,-1,-1,-1,-1,-1,-1,-1,-1,0,0,0,0,0,0,0,0,0
0,0,0,0,0.01,0,0.01,0,0,0.01,0,0,0,0,0.01,0,0,-1,-1,0,0,0,0,0,0.01,0,0,0,0,0,0,0,0,0,-1,-1,-1,0,0,0,0,0,-1,-1,-1,-1,-1,-1,0,0,0,0,0,0,0,0,0,0,0,0,0,0,0,0,0,0,0,0,0,-1,0.01,0,0,0,0,0,0,0,0,0,0,0,0,0,0,0,0,0,0,0.01,0.01,0,0,0,0.01,0,0,0,0.02,0,0,0,0.01,0,0,0.01,-1,-1,-1,-1,-1,-1,-1,-1,0,0,0,0,0,0,0,0,0.01,0,0.01,0.03,0.01,0,-1,-1,-1,-1,-1,-1,-1,-1,-1,0,0,-1,0.01,0,0,0.01,0,0,0,0,0,0,0.01,0,0,0,0,0.01,0,0,0,0,-1,-1,-1,-1,-1,-1,-1,-1,0,0,0,0,0,0,0,0,0,0,-1,-1,-1,-1,-1,-1,-1,-1,0,0,0,0,0,0,0,0,0,0,0,0,0,0
0,0.01,0.01,0.01,0,0.01,0,0,0,-1,-1,0,-1,-1,-1,-1,-1,-1,0.03,0,0,0,0,0,0,0,0,0,0,0,0,0,0,0,0,-1,-1,-1,-1,-1,0,0,-1,-1,-1,-1,-1,-1,0,0,0,0,0,0,0,0,0,0,0,0,0,0,0,0,0,0,0,0,0,-1,0,0,0.01,0,0.01,0.01,0,0.01,0.01,0,0,0,0,0,0,0,0,0,0,0,0,0,0,0.01,0.01,0,0,0,0,0,0.01,0,-1,-1,-1,0,-1,-1,-1,-1,0,0,0,0,0,0,0,0,0,0.01,0,0.03,0.01,0,-1,-1,-1,-1,-1,-1,-1,-1,-1,-1,0,0,0.01,0.01,0.01,0,0,0,0,0,0,0,0,0.01,0,0,0,0.01,0,0,0,0,0,0.01,0,0,-1,-1,-1,-1,-1,-1,0,0.01,0,0,0,0,0,0,0,-1,0,-1,-1,-1,-1,-1,0,0,0,0,0,0,0,0,0,0,0,0,0,0,0,0,0,0
0,0,0.01,0.02,-1,-1,-1,-1,0,-1,-1,0.01,-1,-1,-1,-1,-1,0,0,0,0,0,0,0,0,0,0,-1,-1,-1,-1,-1,0,0,0,-1,-1,-1,-1,-1,-1,-1,-1,-1,-1,-1,0,0,0,0,0,0,0,0,0,0,0,0,0,0,0,0,0,0,0,0,0,0,0,-1,0,0,0,0,0,0,0,0,0,0,0,0,0,0,0,0.01,0,0,0,0.02,0.03,0,0.02,0.01,0,0.01,-1,-1,-1,-1,-1,-1,-1,-1,-1,0,0.01,0,0,0.01,0,0,0.02,0,-1,-1,-1,-1,-1,-1,-1,0.01,0,0,-1,-1,-1,-1,0.02,0.01,0.02,0,0.01,0,0,0,0.02,0.01,0,0,0,0.01,0,0.01,0,0,0,0,0,0,0,0,0.01,0,0,0,0,0.01,0,0,0.01,-1,-1,0.01,0,0,0,0,0.01,0,0,0,-1,-1,-1,-1,-1,0,0,0,0,0,0,0,0,0,0,0,0,0,0,0,0,0,0,0,0,0,0,0
0,0,-1,-1,0,0,0,-1,0,-1,0,0,0,0,0,0,0,0,0,0,0,0,0,0,0,0,0,0,0,-1,-1,-1,0,0,0,0,-1,0,0,0,0,-1,-1,-1,-1,-1,0,0,0,0,0,0,0,0,0,0,0,0,0,0,0,0,0,0,0,0,0.01,0,0,-1,0,0,0.01,0,0,0,0.01,0,0,-1,-1,-1,-1,0,0,0,0.01,0,0.01,0,0,-1,-1,-1,-1,-1,-1,-1,-1,-1,-1,-1,-1,-1,0,0.01,0,0,0.01,0,0.01,0,-1,-1,-1,-1,-1,-1,-1,-1,0.04,0.02,0,0,0,0.01,0.02,0,0.01,0,0,0.01,0,0,0,0,0,0,0.01,0,0.02,0,0,0.01,0.01,0,0,0.01,0,0,0,0,0,-1,0,0,0,0,0,0,0,0.01,0.02,0,0,0.01,0,0,0,0,-1,-1,-1,-1,-1,0,0,0,0,0,0,0,0,0,0,0,0,0,0,0,0,-1,-1,0,0,0,-1,-1,-1,-1
0,0,0,0,0,0,0,0,0,0,0,0,0,0,0,0,0,0,0,0,0,0,0,0,-1,-1,-1,-1,0,0,0,0,0,0,0,0,0,0,0,0,0,0,0,0,-1,0,0,0,0,0,0,0,0,0,0,0,0,0,0,0,0,0,0,0,0,0,0,0,0,0,0,0,0,0,0,0,-1,-1,-1,-1,-1,-1,-1,0,0,0,0.01,0,-1,-1,-1,-1,-1,-1,-1,-1,-1,0.01,0.01,0,0.01,0,0.01,0,0,0,0.01,0,0,0,0.01,0.01,-1,-1,0,0,0.03,0.03,0.02,0.03,0.03,0.01,0.02,0.02,0,0.03,0.01,0.03,0.01,0.01,0.04,0,0,0,0,0,0,0,0.02,0,0,0,0,0,0.01,0,0.01,0.01,0.02,-1,-1,-1,-1,-1,-1,0,0,0,0,0,0,0,0,0,0,0,0.01,0.01,-1,-1,-1,-1,-1,0,0,0.01,0,0,0,0,0,0,0,0,0,0,-1,-1,-1,-1,-1,-1,-1,0,0,0,0,-1,-1,-1
0,0,0,0,0,0,0,0,0,0,0,0,0,0,0,0,0,0,0,0,0,0,0,0,0,0,-1,0,0,0,0,0,0,0,0,-1,-1,-1,-1,-1,-1,-1,-1,-1,-1,0,0,0,0,0,0,0,0,0,0,0,0,-1,-1,0,0,0,0,0,0,0.01,0,0,0,0,0,0,0.01,0,0,-1,-1,-1,-1,-1,-1,-1,0,0,0,0,0.02,-1,-1,-1,-1,0,0,0.02,0.01,0,0,0.01,0.01,0,0,0.01,0,0,0,0,0,0,0.01,0.01,0,0,0.01,0,0.01,0.01,0.01,0.01,0.02,0,0,0.01,0.01,0.02,0.01,0.01,0.02,0.01,0.01,0,0,0.03,0,0.01,0,0,0,0.01,0,0,0.01,0,0.01,0.01,0,-1,-1,-1,-1,-1,-1,-1,-1,0,0,0.01,0.01,0,0.01,0,0.01,0.02,0,0,0,-1,-1,-1,-1,-1,-1,0,0,0.01,0.01,0,0,0,0,0,0,0,0,0,-1,-1,-1,-1,-1,-1,-1,0,0,0,0,0,0,0,0,0
0,0,0,0,0,0,0,0,0,0,0,0,0,0,0,0,0,0,0,0,0,0,0,0,0,-1,-1,-1,-1,-1,-1,0,0,0,0,-1,0,0,-1,-1,-1,-1,-1,0,-1,0,0,0,0,0,0,0,0,0,0,0,-1,-1,-1,-1,-1,-1,-1,-1,-1,-1,0,0,0,0,0,0,0,0,-1,-1,-1,-1,-1,-1,-1,-1,0,0.01,0,0,0.02,0.01,0.02,0,0.01,0,0,0,0.01,0.01,0.01,0.03,0.01,0.01,0,0,0,0.01,0,0.01,0.01,0,0,0.02,0,0.01,0,0.02,0.01,0.01,0.01,0.02,0.03,0.02,0.02,0,0,0,0,0.02,0,0.01,0,0,0.02,0.02,0.02,0.02,0.02,0.01,0,0,0,0,0,0,-1,-1,-1,-1,-1,-1,-1,0,0,0.02,0,0,0,0,0,0,0,0.01,0,0,0,0.02,-1,-1,-1,-1,0,0.01,0,0.01,0.01,0,0,0,0,0,0,0,-1,0,0,-1,-1,-1,0,0,0,0,0,0,0,0,0,0,0,0,0,0
0,0,0,0,0,0,0,0,0,0,0,0,0,0,0,0,0,0,0,0,0,0,0,0,0,0,0,0,-1,-1,-1,-1,-1,0,-1,-1,-1,-1,-1,0,0,0,0,0,0,0,0,0,0,0,0,0,0,0,0,0,-1,-1,-1,-1,-1,-1,-1,-1,-1,-1,0,0,0,0,0,0,0,0.01,-1,-1,-1,-1,-1,-1,-1,-1,0,0,0.01,0.01,0,0,0.01,0,0.01,0,0.02,0,0.02,0,0,0.01,0.03,0.02,0,0.03,0.02,0.01,0,0.02,0.01,0.02,0,0.02,0,0.01,0.01,0.02,0.02,0.04,0.01,0.01,0,0,0.01,0.01,0.03,0.02,0,0.01,0.01,0.01,0.01,0.02,0.02,0.01,0,0.02,0.02,0,0,-1,-1,-1,-1,-1,-1,-1,-1,0,0.01,0,0,0,0,0.01,0.01,0.01,0,0.01,0,0,0,0,0.01,0,0,0,-1,-1,0,0.01,0,0,0.01,0.01,0,0,0.01,0.01,0,-1,-1,-1,-1,-1,0,0,0,0,0,0,0,0,0,0,0,0,0,0,0,0,0,0
0,0,0,0,0,0,0,0,0,0,0,0,0,0,0,0,0,0,0,0,0,0,0,0,0,0,0,0,0,0,0,0,-1,0,-1,-1,-1,-1,-1,0,0,0,0,0,0,0,0,0,0,0,0,0,0,0,0,0,-1,-1,-1,-1,-1,-1,-1,-1,-1,-1,0,0,0,0,0,0,0,0,0.01,-1,-1,-1,-1,-1,-1,-1,0,0,0,0,0.01,0.01,0.01,0.01,0.01,0.01,0.01,0.01,0,0,0.02,0.01,-1,-1,-1,-1,-1,0.01,0.02,0.01,0.01,0.01,0.01,0,0.02,0,-1,-1,-1,-1,-1,-1,-1,-1,0.02,0.01,0,0.03,0.01,0.03,0.02,0,0,0.03,0.02,-1,-1,-1,-1,-1,-1,-1,-1,-1,-1,-1,0,0,0,0,0.01,0,0,0,0,0,0,0,0.01,0,0,0.01,0.01,0.01,0,0.01,0,0.01,0,0,0,0,0,0.02,0.01,0,0.01,0,0,-1,-1,-1,-1,-1,0,0,0,0,0,0,0,0,0,0,0,0,0,0,0,0,0,0,0,0
0,0,0,0,0,0,0,0,0,0,0,0,0,0,0,0,0,0,0,0,0,0,0,0,0,0,0,0,0,0,0,0,0,0,0,0,0,0,0,0,0,0,0,0,0,0,0,0,0,0,0,0,0,0,0,0,0,0,0,0,0,0,0,0,0,0,0,0,0,0,0,0,0,0,0,0.01,-1,-1,-1,-1,-1,0,0,0,0,0.01,0.01,-1,-1,-1,-1,-1,-1,-1,0.01,0.02,0,0.02,0.03,0,0.01,0.01,0.01,0,0.01,0,0.01,0,0.01,0.01,0.01,-1,-1,-1,-1,-1,-1,-1,-1,-1,0.01,0.01,0,0.01,0.04,-1,-1,0.01,-1,-1,-1,-1,-1,-1,-1,-1,-1,0,0.01,0.01,0.01,0.03,0,0,0.01,0,0.02,0.03,0,0,0.03,0,0.01,0.01,0.01,-1,-1,-1,-1,0.01,0.01,0.01,0,0.01,0.01,0,0.01,0.02,0,0,0,0,-1,-1,-1,-1,-1,-1,0,0,0,0,0,0,0,0,0,0,0,0,0,0,0,0,0,0,0,0,0,0
0,0,0,0,0,0,0,0,0,0,0,0,0,0,0,0,0,0,0,0,0,0,0,0,0,0,0,0,0,0,0,0,0,0,0,0,0,0,0,0,0,0,0,0,0,0,0,0,0,0,0,0,0,0,0,0,0,0,0,0,0,0,0,0,0,0,0,0,0,0,0,0,0,0,0,0,0,0,0.01,0,0.01,0.01,0,0,0,0,0.01,-1,-1,-1,-1,-1,-1,-1,-1,-1,-1,-1,-1,0,0.01,0.03,0.01,0.01,0,0.01,0,0.04,0,0.01,0.01,-1,-1,-1,-1,-1,-1,-1,-1,-1,0,0.03,0.01,0.03,-1,-1,-1,-1,-1,-1,0.01,0,0.03,0,0.04,0.03,0.02,0,0.01,0,0.01,0,0.01,0,0.01,0.01,0.01,0,0.01,0.01,0.01,0.01,-1,-1,-1,-1,-1,-1,0,0.01,0,0.02,0.01,0.01,0,0,0,0,0,0.01,-1,-1,-1,-1,-1,0.02,0,0.01,0.01,0.01,0,0,0,0,0,0,0,0,0,0,0,0,0,0,0,0,0,0,0,0
0,0,0,0,0,0,0,0,0,0,0,0,0,0,0,0,0,0,0,0,0,0,0,0,0,0,0,0,0,0,0,0,0,0,0,0,0,0,0,0,0,0,0,0,0,0,0,0,0,0,0,0,0,0,0,0,0,0,0,0,0,0,0,0,0,0,0,0,0,0,0,0,0,0,0,0,0,0,0,0,0,0,0,0,0,0,0.02,0.03,0.04,0.04,0.02,0.01,-1,-1,-1,-1,-1,-1,-1,0.01,-1,-1,-1,-1,-1,0.02,0.02,0,0.01,0.02,0.03,0.02,0.03,0.06,0.04,0.02,0.02,0.03,0,0.02,0.02,0.03,0.01,0.01,0.01,0.01,0.04,0.02,0.01,0.01,0,0.02,0.01,0.02,0.03,0.02,0.03,0.03,0,0,0,0.01,0,0.01,0.02,0.01,0,0,-1,-1,-1,-1,-1,-1,-1,0.01,0,0,0.01,0.01,0.02,0,0,0.01,0,0,0,0.08,0.01,0.02,-1,-1,-1,0.01,0,0.01,0,0,0,0.01,0,0,0,0,0,0,0,0,0,0,0,0,0,0,0,0,0,0,0,0
0,0,0,0,0,0,0,0,0,0,0,0,0,0,0,0,0,0,0,0,0,0,0,0,0,0,0,0,0,0,0,0,0,0,0,0,0,0,0,0,0,0,0,0,0,0,0,0,0,0,0,0,0,0,0,0,0,0,0,0,0,0,0,0,0,0,0,0,0,0,0,0,0,0,0,0,0,0,0,0,0,0,0,0,0,0,0,0,0,0,0,0,0,0,0,0,0.02,-1,-1,-1,-1,-1,-1,-1,-1,-1,-1,-1,-1,-1,-1,0.02,0.02,0.01,0.02,0.02,0.01,0.03,0,0.05,0.02,0.01,0.02,0.01,0.02,0.02,0.01,0.01,0.01,0.02,0.03,0.02,0,0.04,0.02,0.01,0.02,0.02,0,0,0,0.03,0,0.01,-1,-1,-1,-1,-1,-1,-1,-1,0,0.01,0.04,0,0.01,0.01,0.01,0.03,0.05,0.03,0.02,0.04,0.04,0.02,0.04,0.02,0.03,0.02,-1,0.04,0.01,0.03,0.03,0,0.03,0.01,0.02,0,0,0.01,0,0,0,0,0,0,0,0,0,0,0,0,0,0,0,0,0,0
0,0,0,0,0,0,0,0,0,0,0,0,0,0,0,0,0,0,0,0,0,0,0,0,0,0,0,0,0,0,0,0,0,0,0,0,0,0,0,0,0,0,0,0,0,0,0,0,0,0,0,0,0,0,0,0,0,0,0,0,0,0,0,0,0,0,0,0,0,0,0,0,0,0,0,0,0,0,0,0,0,0,0,0,0,0,0,0,0,0,0,0,0,0,0,0,0,0,0,0,0,0,0,-1,-1,-1,-1,-1,-1,-1,-1,-1,-1,-1,-1,-1,-1,0.05,0.01,0.02,0.01,0.03,0.03,0,0.01,0.02,0.01,0.02,0,0.02,0.05,0.03,0.04,0.03,0.03,0.03,0.03,0.03,0.03,0,-1,-1,0.01,0.01,-1,-1,-1,-1,0,0.02,0.01,0.01,0,0.01,0,0.03,0.01,0.05,0.02,0.02,0.05,0.04,0.04,0.02,0.05,0.02,0,0.03,0.02,0.01,0.03,0,0.02,0.04,0,0.03,0.02,0.03,0.01,0,0.01,0,0,0,0,0,-1,-1,0,0,0,0,0,0,0,0,0,0,0,0
0,0,0,0,0,0,-1,-1,0,0,0,0,0,0,0,0,0,0,0,0,0,0,0,0,0,0,0,0,0,0,0,0,0,0,0,0,0,0,0,0,0,0,0,0,0,0,0,0,0,0,0,0,0,0,0,0,0,0,0,0,0,0,0,0,0,0,0,0,0,0,0,0,0,0,0,0,0,0,0,0,0,0,0,0,0,0,0,0,0,0,0,0,0,0,0.01,0,0,0,0,0,0,0,0.01,0.02,0.01,0.04,0.01,0.04,0.04,-1,-1,0.02,-1,-1,-1,-1,-1,-1,-1,-1,0.02,0.02,0.02,0.01,0,0,0.01,0.07,0.01,0.01,0.02,0.01,-1,-1,-1,-1,-1,-1,-1,-1,-1,-1,-1,0.01,0.01,0.01,0.01,0.01,0,0,0,0.01,0.07,0.05,0.02,0.01,0,0.03,0.03,0.02,0.03,0.03,0.03,0.02,0.06,0.01,0.03,0.01,0.01,0.03,0.03,0.01,0.03,0.02,0.02,0.03,0.01,0.01,0.03,0.01,0.04,0.02,0,0.01,0,0,-1,-1,-1,-1,0,0,0,0,0,0,0,0,0,0
0,0,0,0,0,0,-1,-1,-1,-1,-1,0,0,0,0,0,0,0,0,0,0,0,0,0,0,0,0,0,0,0,0,0,0,0,0,0,0,0,0,0,0,0,0,-1,-1,-1,0,0,0,0,0,0,0,-1,0,0,0,0,0,0,0,0,0,0,0,0,0,0,0,0,0,0,0,0,0,0,0,0,0,0,0,0,0,0,0,0,0.01,0,0,0.01,0,0.02,0,0,0,0.01,0.01,0,0.01,0,0.01,0,0,0,0,0,0,0.03,0,0,0,0,0.01,0,-1,-1,-1,-1,-1,-1,0.03,0.01,0.01,0.01,0.02,-1,-1,-1,-1,-1,-1,-1,-1,-1,-1,-1,-1,-1,-1,-1,0,0,0.01,0,0,0,0.01,0,0,0,0.05,0.02,0.02,0.02,0.02,0.06,0.01,0.05,0.04,0.03,-1,-1,0.01,0.03,0.02,0.04,0.02,0.05,0.02,0,0,0.02,0.01,0.04,0.01,0.01,0.01,0.02,0.01,0.02,0.01,0,0,0,0.02,0,-1,-1,-1,-1,0,0,-1,-1,-1,0,0,0,0,0
0,0,0,0,0,0,0,0,-1,-1,-1,-1,-1,-1,-1,0,0,0,0,0,0,-1,-1,-1,0,0,0,0,0,0,0,0,0,0,0,0,0,0,0,0,0,0,0,-1,-1,-1,-1,-1,0,0,0,0,-1,-1,-1,-1,0,0,-1,0,0,0,0,0,0,0,0,0,0,0,0,0,0,0,0,0,0,0,0,0,0,0,0,0,0,0.01,0,0,0,0,0,0,0,0.01,0.01,0.01,0,0.01,0.01,0.01,0,0.01,0,0,0,0,0.02,0.01,0,0,0,0.01,0,0.01,0,0,0,0,0,0,0,0,0,0.02,0.01,-1,-1,-1,-1,-1,-1,-1,0.02,0,0,0.01,0,0,0,0,0,0,0,0,0,0,0,0.02,0.03,0.03,0.07,0.03,0.07,0.06,0.03,0.05,0.02,0.05,-1,-1,-1,-1,-1,0.01,0,0.01,0.03,0.02,0.04,0.03,0.03,0.02,0.03,0.03,0.03,0.01,0.02,0.02,0.01,0.04,0.01,0.01,0.02,0,0.03,0.01,-1,-1,-1,-1,-1,0,-1,-1,-1,0,0,0,0,0
0,0,0,0,0,0,0,0,0,0,0,0,-1,-1,-1,-1,-1,-1,-1,0,0,-1,-1,-1,-1,-1,-1,0,0,0,0,0,0,0,0,0,0,0,0,0,0,0,0,-1,-1,-1,-1,-1,-1,-1,0,0,-1,0,0,0,-1,-1,-1,-1,-1,0,0,0,0,0,0,0,0,0,0,0,0,0,0,0,0,0,0,0,0,0,0,0,0,0,0,0,0,0.01,0,0,0.01,0,0.01,0,0.01,0,0,0,0,0,0,0,0,0,0,0.02,0,0,0.02,0,0.01,0,0,0,0.01,0,0,0,0,0,0,0,0.02,0.03,0,0.04,0.03,0.02,0.03,0.02,0,0,0,0,0,0,0,0,0,0,0,0,0,0,0.04,0.04,0.04,0.03,0.03,0.03,0.04,0.05,0.04,0.05,-1,-1,-1,-1,-1,0.03,0.08,0.04,0.04,0.02,0.03,0.06,0.01,0.02,0.02,0.01,0.04,0.02,0.04,0.05,0.03,0.02,0.01,0.07,0.01,0.02,0.04,0.01,0.03,0,-1,0,0,0,0.01,0,0,0,0,0,0,0,0,0
0,0,-1,-1,0,0,0,0,0,0,0,0,0,0,0,-1,-1,-1,-1,-1,-1,-1,0,-1,-1,-1,-1,-1,-1,-1,-1,0,0,0,0,0,0,0,0,0,0,0,0,-1,-1,-1,-1,-1,-1,-1,0,0,0,0,0,0,-1,-1,-1,0,0.01,0.01,0.01,0.01,0.01,0,0,0,0,0,0,0,0,0,0,0,0,0,0,0,0,0,0,0,0,0,0,0,0,0,0,0,0,0,0,0.01,0.02,0.02,0.01,0.01,0.01,0.02,0,0.01,0.01,0.02,0.03,0.01,0,0,0,0,0,0.02,0,0,0,0.01,0,0.01,0,0,0,0,0,0,0,0,0,0,0,0,0,0.01,0,0,0.01,0,0,0,0.01,0,0,0,0,0.01,0.07,0.1,0.04,0.13,0.05,0.04,0.06,0.02,0.03,0.07,-1,-1,-1,0.03,0.06,0.02,0.05,0.03,0.03,0.04,0.05,0.02,0.04,0.01,-1,-1,-1,0.03,0.04,0.04,0.01,0.01,0.05,0.01,0.01,0.02,0.02,0.01,0.03,0.01,-1,0.02,0,0,0,0,0,0,0,0,0,0,0,-1
0,-1,-1,-1,-1,0,0,0,0,0,0,0,0,0,0,0,0,0,0,-1,-1,-1,0,0,0,0,0,-1,-1,-1,-1,-1,-1,-1,0,0,0,0,0,0,0,0,-1,-1,-1,-1,-1,-1,-1,-1,0,0,0,0,0,0,0,0,-1,0,0.02,0,0,0,0,0,0,0,-1,0,0,0,0,0,0,0,0,0,0,0,0,0,0,0,0,0,0,0,0,0,0,0,0,0.02,0.02,0.02,0,0.01,0.02,0.02,0,0.02,0.01,0,0,0.03,0,0,0,0.01,0.02,0,0.01,0,0,0,0,0,0,0,0,0,0,0,0,0,0,0.01,0,0,0.01,0,0,0,0,0,0,0,0,0,0,0,0,0.01,0,0.05,-1,-1,0.05,0.07,0.03,0.05,0.07,0.02,0.02,0.06,0.02,0.06,0.07,0.03,0.02,0.01,0.05,0.02,0.02,0.01,0.02,0.07,0.03,-1,-1,-1,0.03,0.01,-1,0.01,0.05,0.01,0.03,0.02,0.01,0.03,0.02,0.03,0,-1,-1,-1,-1,-1,-1,0.02,0.01,0,0.01,-1,0,0,0,-1
0,-1,-1,-1,0,0,0,0,0,0,0,0,0,0,0,0,0,0,0,-1,-1,-1,0,0,0,0,0,0,0,0,-1,-1,-1,-1,-1,-1,-1,0,0,0,0,-1,-1,-1,-1,-1,-1,0,0,0,0,0,-1,0,0,0,0,0,0,0,0,0,0,0.02,0,0.01,0,0,0,0,0.02,0.01,0,0,0,0,0,0,0,0,0,0,0,0.01,0,0,0,0.01,0.01,0,0.01,0.01,0,0.02,0.01,0.02,0,0.01,0.04,0.04,0.03,0.03,0.01,0.04,0,0.05,0.01,0.01,0.01,0.01,0.02,0.02,0.01,0,0,0,0,0,0,0,0,0,0,0,0,0,0,0.01,0,0,0,0.01,0,0,0,0,0,0,0,0,0,0.01,0.01,0.02,0.03,0.06,-1,-1,-1,-1,-1,-1,-1,0.07,0.05,0.06,0.05,0.03,0.08,0.03,0.03,0.04,0.01,0,0.01,0.02,0.02,0.04,0.05,-1,-1,-1,0.02,0,-1,-1,-1,-1,-1,-1,0.02,0.04,0.02,0.03,0.02,-1,-1,-1,-1,-1,-1,-1,-1,-1,-1,-1,0,0,0,-1
0,-1,-1,-1,0,0,0,0,0,-1,-1,0,0,0,0,0,0,0,0,-1,-1,0,0,0,0,0,0,0,0,0,0,0,0,0,-1,-1,-1,0,0,-1,0,-1,-1,-1,-1,-1,-1,0,0,0,-1,-1,-1,-1,-1,0,0,0,0,0.02,0,0.01,0,0,0,0,0,0.01,-1,0,0,0.01,0,0.02,0.01,0,0,0.02,0,0,0,0,0,0,0,0.01,0,0,0.02,0.01,0,0.01,0,0.01,0,0.06,0.06,0.04,0.08,0.11,0.09,0.04,0.03,0.04,0.07,0.01,0,0,0.01,0,0,0.01,0.01,0,0.01,0,0.01,0,0,0,0,0,0,0,0,0,0,0,0,0,0.01,0,0,0,0,0,0.02,0.01,0.02,0.01,0.09,0.01,0.01,0,0.01,0.06,0.04,0.03,0.11,0.11,-1,-1,-1,-1,-1,-1,-1,0.07,0.06,-1,0.01,0.05,0.02,0.03,0.07,0.09,0.04,0.06,0.05,-1,-1,-1,0.04,0.02,-1,-1,-1,-1,-1,-1,0.05,0.04,0.06,0.03,0.01,-1,-1,-1,-1,-1,-1,-1,-1,-1,-1,-1,0.01,0,-1,-1
-1,-1,-1,-1,0,0,0,0,-1,-1,-1,-1,-1,-1,-1,0,0,0,0,-1,-1,0,0,0,0,0,0,0,0,0,0,0,0,0,0,0,0,0,-1,0,-1,-1,-1,-1,-1,-1,-1,0,0,-1,-1,-1,-1,-1,-1,-1,0,0,0,0,0,0,0,0,0,0,0,0,0,0,0,0.01,0,0.01,0,0.02,0.01,0,0.02,0.02,0.01,0.03,0.01,0.02,0.01,0.01,0.01,0,0,0.01,0,0.01,0.02,0.03,0.06,0.03,0.06,0.12,0.19,0.13,0.1,0.07,0.07,0.04,0.06,0.01,0,0.04,0,0.05,0,0,0.01,0,0.01,0,0,0,0,0,0,0,0,0,0,0,0,0,0,0,0.02,0,0.01,0,0,0.01,0,0,0.02,0.07,0.07,0.05,0.01,0,0.01,0.03,0.03,0.05,0.02,0.02,0.03,0.02,0.02,0.01,-1,-1,-1,0.09,-1,-1,-1,-1,-1,-1,-1,-1,0.08,0.08,-1,-1,-1,0.05,0.03,-1,-1,-1,-1,-1,-1,-1,0.03,0.02,0.03,0.01,0.03,-1,-1,-1,-1,-1,-1,-1,-1,-1,-1,-1,0,0,-1,-1
-1,-1,-1,0,0,0,0,0,-1,-1,-1,-1,-1,-1,0,0,0,0,-1,-1,0,0,0,0,0,0,0,0,0,0,0,0,0,0,0,0,0,0,0,0,0,-1,-1,-1,-1,-1,0,0,-1,-1,-1,-1,-1,-1,-1,0,0,0,0,0,0,0,0,0,0,0,0.01,0,0.01,0,0,0,0.01,0,0,0,0,0.01,0,0.01,0.01,0.02,0.02,0.02,0.04,0.02,-1,0.03,0.02,0.07,0.02,0.03,0.01,0.07,0.08,0.13,0.2,0.29,0.29,0.37,0.19,0.14,0.04,0.04,0.12,0.08,0.06,0.03,0.03,0.02,0,0.01,0,0.02,0.02,0,0.02,0,0,0,0,0,0,0,0,0,0,0,0,0,0.01,0,0,0.01,0.01,0.02,0,0.01,0.09,0.07,0.11,0.03,0.05,0.06,0.07,0.07,0.03,0.08,0.08,0.05,0.02,0.05,0.05,0.02,0.01,0,0.02,0.01,0.01,-1,-1,-1,-1,-1,-1,-1,-1,-1,-1,-1,-1,0,0.02,-1,-1,-1,-1,-1,-1,-1,0.03,0.02,0,0.05,0.03,-1,-1,-1,-1,-1,-1,-1,-1,-1,0,-1,0.01,0,-1,0
-1,-1,-1,0,0,0,0,0,-1,-1,-1,-1,-1,-1,0,0,0,0,-1,-1,0,0,0,0,0,0,0,0,0,0,0,0,0,0,0,0,0,0,0,0,0,0,0,0,0,-1,0,-1,-1,-1,-1,-1,-1,-1,0,0,0,0,0,0,0,0,0,0,0,0,0,0.01,0.01,0.01,0,0,0,0,0,0.01,0.01,0.02,0.01,0,0.03,0,0,0.03,0.03,0.05,0.02,-1,-1,-1,0.06,0.08,0.13,0.07,0.15,0.2,0.34,0.46,0.59,0.58,0.38,0.3,0.21,0.05,0.08,0.09,0.03,0.05,0.02,0.02,0.02,0,0,0,0.02,0,0,0,0,0,0,0,0,0,0,0,0.01,0,0,0,0,0.01,0,0.01,0,0,0.01,0.05,0.17,0.09,0.11,0.01,0.05,0.04,0.1,0.06,0.12,0.11,0.1,0.04,0.04,0.05,0.05,0.04,0.02,0.04,0.03,0.02,0.03,0.08,0.04,0.07,0.05,0.09,-1,-1,-1,-1,-1,-1,0.03,0.02,0.01,-1,-1,-1,-1,-1,-1,0.02,0.02,0.03,0.04,0.04,-1,-1,-1,-1,-1,-1,-1,-1,-1,-1,-1,0.02,0,0,-1,0
-1,-1,0,0,0,0,0,-1,-1,-1,-1,-1,-1,-1,0,0,0,-1,-1,-1,0,0,0,0,0,0,0,0,0,0,0,0,0,0,0,0,0,0,0,0,0,0,0,0,0,0,0,-1,-1,-1,-1,-1,-1,-1,0,0,0,0,0,0.01,0,0,0,0,0,0,0.01,0,0,0.01,0,0,0.01,0,0,0,0.02,0.02,0.01,0.01,0.02,0.03,0,0.01,0.02,0.07,0.03,0.08,0.01,-1,-1,-1,-1,0.1,0.13,0.23,0.37,0.7,0.96,0.88,0.67,0.36,0.18,0.16,0.09,0.12,0.06,0.07,0.03,0.05,0,0,0,0,0,0,0,0,0,0,0,0,0,0,0,0,0,0,0,0,0,0,0.01,0.01,0.01,0.02,0.06,0.1,0.13,0.13,0.15,0.06,0.07,0.13,0.19,0.16,0.13,0.21,0.12,0.1,0.1,0.07,0.06,0.02,0.03,0.04,0.04,0.01,0,0.02,0.01,0.02,0,0.07,0.06,0.06,0.02,0.06,0.02,0.04,0,0,0.06,0.04,-1,-1,-1,-1,-1,0.02,0.04,0.01,0.02,0.01,-1,0.05,0.02,-1,-1,-1,-1,-1,-1,-1,-1,0,0,0,0.01,0
-1,-1,0,0,0,0,0,-1,-1,-1,-1,-1,-1,0,0,0,0,-1,-1,0,0,0,0,0,0,0,0,0,0,0,0,0,0,0,0,0,0,0,0,0,0,0,0,0,0,0,-1,-1,-1,-1,-1,-1,-1,0,0,0,0,0.01,0,0,0,0,0.02,0,0,0,0,0,0,0,0.01,0,0.01,0.01,0,0,0.02,0.02,0.01,0.01,0.02,0.01,0.01,0.02,0.02,0.05,0.03,0.06,0.04,0.06,0.05,0.08,-1,0.09,0.16,-1,0.21,0.6,0.9,0.83,0.48,0.27,0.08,0.1,0.11,0.08,0.03,0.02,0.03,0.01,0.01,0.01,0,0,0,0.01,0,0,0,0.01,0,0,0,0,0,0,0,0,0.01,0,0.01,0.01,0,0,0,0.07,0.09,0.09,0.16,0.19,0.24,0.07,0.22,0.24,0.28,0.23,0.26,0.18,0.22,0.24,0.1,0.11,0.05,0.08,0.03,0.02,0.01,0.01,0.01,0,0.03,0,0.01,0,0,0,0.01,0,0,0,0,0,0,0,0.03,-1,-1,-1,-1,0.03,0.02,0.05,0.01,0.03,-1,0.07,0,0.02,-1,0,0,0.01,-1,-1,0,0.01,0,0.01,0,0
-1,-1,0,0,0,0,0,-1,-1,-1,-1,-1,-1,0,0,0,0,-1,-1,0,0,0,0,0,0,0,0,0,0,0,0,0,0,0,0,0,0,0,0,0,0,0,0,0,0,0,0,0,-1,-1,-1,-1,0,0,0,0,0,0,0,-1,-1,0.01,0.01,0.02,0,0,0.01,0.04,0,0,0,0.01,0.01,0.02,0,0.01,0.01,0.02,0.03,0.01,0.04,0.02,0.02,0.03,0.02,0.01,0.03,0.03,0.02,0.05,0.07,0.13,-1,-1,-1,-1,-1,0.33,0.51,0.45,0.25,0.24,0.07,0.08,0.13,0.05,0.08,0.02,0.03,0,0,0.01,0.01,0.01,0,0,0,0,0,0,0,0,0,0,0,0,0,0,0.01,0,0,0,0,0.02,0.03,0.07,0.14,0.13,0.19,0.19,0.27,0.21,0.2,0.35,0.51,0.59,0.61,0.39,0.3,0.19,0.22,0.12,0.14,0.06,0.04,0.05,0.03,0.04,0.03,0.01,0.02,0,0,0,0.01,0,0,0,0,0,0,0,0,0.03,0.03,0.02,0.03,0.03,-1,0.04,0.01,0.03,0.04,0.04,-1,-1,-1,-1,-1,-1,-1,-1,-1,0.02,0,0,0,0,0.01,0
-1,0,0,0,0,0,0,0,0,0,-1,-1,-1,0,0,0,-1,-1,-1,0,0,0,0,0,0,0,0,0,0,0,0,0,0,0,0,0,0,0,0,0,0,0,0,0,0,0,0,0,0,0,-1,-1,0,0,0,0,0,0,-1,-1,-1,-1,-1,0,0,0.03,0.01,0.01,0,0.01,0.02,0.01,0.02,0.01,-1,0.04,0.03,0.01,0.02,0,0.02,0.02,0.03,0.02,0.02,0.04,0.02,0.06,0.02,0.06,0.04,0.07,0.08,0.1,-1,-1,0.28,0.17,0.2,0.23,0.14,0.06,0.05,0.11,0.05,0.06,0.09,0.01,0.03,0.01,0.02,0.02,0,0.01,0,0.01,0,0,0.01,0,0,0,0,0,0,0,0,0,0,0,0,0.01,0.01,0.05,0.09,0.08,0.12,0.12,0.17,0.26,0.34,0.28,0.34,0.48,0.74,0.89,0.84,0.71,0.42,0.31,0.17,0.16,0.08,0.04,0.11,0.02,0,0.02,0.01,0.02,0.03,0.01,0,0,0.01,0.03,0.01,0.01,0.01,0,0,0,0.02,0.06,0.02,0.03,0.02,0.04,0.04,0.05,0.02,0.01,0.02,0.05,-1,-1,-1,-1,-1,-1,-1,-1,-1,-1,0.01,0,0,0.01,-1,-1
0,0,0,0,0,0,0,0,0,-1,-1,-1,0,0,0,0,-1,-1,0,0,0,0,0,0,0,0,0,0,0,0,0,0,0,0,0,0,0,0,0,0,0,0,0,0,0,0,0,0,0,0,0,0,0,0,0,0,0,0.01,-1,-1,-1,-1,-1,-1,-1,-1,0,0.02,0,0.02,0.01,0,0.02,-1,0.05,0.03,0.02,0.02,0.02,0.01,0.01,0.02,0.02,0.06,0.05,-1,-1,0.08,0.04,0.05,0.07,0.07,0.11,0.13,-1,-1,0.14,0.11,0.09,0.1,0.08,0.17,0.14,0.14,0.04,0.05,0.05,0.03,0.03,0.02,0.01,0.01,0.01,0,0,0,0,0,0,0,0,0.01,0,0,0,0,0,0,0,0,0.01,0,0.06,0.05,0.02,0.13,0.1,0.14,0.15,0.33,0.29,0.23,0.38,0.57,0.91,1,1,0.76,0.59,0.2,0.31,0.17,0.13,0.09,0.03,0.05,0.04,0.04,0.01,0.01,0.01,0.01,0.02,0,0,0,0.01,0,0.01,0,0,0,0.04,0,0.05,0.06,0.08,0.02,0.03,0.02,0.03,0.03,0.04,0.08,-1,-1,-1,-1,-1,-1,-1,-1,-1,-1,0,0,0.01,0,-1,-1
0,0,0,0,0,0,0,0,0,-1,-1,-1,0,0,0,0,-1,-1,0,0,0,0,0,0,0,0,0,0,0,0,0,0,0,0,0,0,0,0,0,0,0,0,0,0,0,0,0,0,0,0,0,0,0,0,0,0,0,-1,-1,-1,-1,-1,-1,-1,-1,-1,-1,-1,0.02,0,0.02,0.03,-1,-1,0.02,0.03,0.01,0.01,0.02,0,0,0.01,0.01,0.06,-1,-1,-1,-1,-1,-1,-1,0.09,0.06,-1,-1,0.11,0.04,0.06,0.04,0.08,0.08,0.09,-1,-1,0.11,0.09,0.09,0,0.01,0.01,0.02,0.01,0,0,0,0,0,0,0,0,0,0,0,0,0,0,0,0,0,0,0,0,0.03,0.04,0.07,0.05,0.12,0.11,0.2,0.3,0.34,0.16,0.32,0.56,0.88,0.96,0.83,0.76,0.58,0.34,0.24,0.18,0.09,0.04,0.08,0.04,0.03,0.03,0.02,0.01,0.01,0.02,0.01,0,0.01,0.02,0,0,0,0,0.02,0,0.02,0.06,0.05,0.03,0.04,0.04,0.01,0.06,0.02,0.03,0.01,-1,-1,-1,-1,-1,-1,-1,-1,-1,-1,-1,0,0.03,0,0.01,-1,-1
0,0,0,0,0,0,0,0,-1,-1,-1,0,0,0,0,0,-1,-1,0,0,0,0,0,0,0,0,0,0,0,0,0,0,0,0,0,0,0,0,0,0,0,0,0,0,0,0,0,0,0,0,0,0,0,0,0,0,0.01,-1,-1,-1,-1,-1,-1,-1,-1,-1,-1,-1,-1,-1,0,0.01,-1,0.02,0.01,0.03,0.04,0.02,0.04,0.01,0.06,0.02,0,0.03,-1,0.04,0.04,0.05,0.06,-1,-1,0.04,0.0800000000000001,-1,-1,0.08,0,0.01,0.02,0.01,0.08,-1,-1,-1,-1,-1,-1,0.06,0,0.01,0.02,0,0,0,0.01,0.01,0,0,0,0.01,0,0,0,0,0,0,0,0,0,0,0,0.01,0.07,0.05,0.04,0.08,0.07,0.11,0.17,0.22,0.35,0.22,0.35,0.38,0.68,0.72,0.68,0.59,0.41,0.3,0.22,0.14,0.05,0.04,0.04,0.06,0.02,0.01,0.03,0.01,0.01,0.01,0.01,0,0.02,0,0,0.01,0.01,0.01,0,0,0.04,0.07,0.02,0.06,0.02,0.03,0.01,0.03,0.01,0.01,0.03,-1,-1,-1,-1,-1,-1,-1,-1,-1,-1,0.02,0.01,0.02,0,-1,-1,-1
0,0,0,0,0,0,0,0,0,0,-1,0,0,0,0,-1,-1,0,0,0,0,0,0,0,0,0,0,0,0,0,0,0,0,0,0,0,0,0,0,0,0,0,0,0,0,0,0,0,0,0,0,0,0,0,0,0,0.01,0,-1,-1,-1,-1,-1,-1,-1,-1,-1,-1,-1,0.04,0.02,-1,-1,0.01,0.01,0,0.03,0.03,0.02,0.03,0,0.01,0.02,0.02,0.06,0.06,0.04,0,0.05,0.08,0.04,0.07,-1,-1,0.09,0.09,0.01,0.02,0,0.02,0.08,-1,-1,0.09,0.03,-1,-1,-1,-1,-1,0.06,0.03,0,0,0,0,0,0,0,0,0,0,0,0,0,0,0,0,0,0.01,0,0.02,0.02,0.01,0.03,0.05,0.05,0.1,0.15,0.25,0.26,0.15,0.23,0.31,0.31,0.45,0.44,0.39,0.3,0.26,0.23,0.16,0.1,0.06,0.04,0.05,0.06,0.03,0.01,0.01,0.01,0,0.01,0,0.02,0.01,0.01,0.02,0,0.01,0.03,0,0.08,0.05,0.04,0.02,0.02,0.06,0.04,0.06,0,0.01,0.05,-1,-1,-1,-1,-1,-1,-1,-1,-1,-1,0.01,0.01,0.01,0,-1,-1,-1
0,0,0,0,0,0,0,0,0,0,0,0,0,0,0,-1,-1,0,0,0,0,0,0,0,0,0,0,0,0,0,0,0,0,0,0,0,0,0,0,0,0,0,0,0,0,0,0,0,0,0.01,0,0,0,0,0,0,0,0.01,0,0.01,0.01,-1,-1,-1,-1,-1,-1,-1,0.03,0.01,0.02,-1,0,0.02,0.04,0.01,0.03,0,0.03,0.03,0.02,0.02,0.01,0.03,0.06,0.03,0.02,0.05,0.03,0.05,0.05,0.04,-1,-1,0.02,0.02,0.04,0,0.01,0.01,-1,-1,-1,0.06,0.07,0.06,0.06,0.05,-1,-1,-1,-1,-1,0.02,0,0.02,0.05,0,0,0,0,0,0.01,0,0,0,0,0,0,0,0.04,0.06,0.03,0.03,0.03,0.02,0.1,0.1,0.14,0.16,0.07,0.1,0.15,0.22,0.26,0.24,0.24,0.22,0.21,0.19,0.09,0.07,0.1,0.07,0.08,0.05,0.04,0.01,0.05,0.01,0.02,0,0,0,0.01,0.02,0,0,0.02,0,0.03,0,0.04,0.05,0.03,0.04,0.05,0.05,0.02,0.02,0.04,0.04,0.05,0.05,0.05,0.05,0.01,-1,-1,-1,-1,-1,-1,0,0,0,0,0,0,0
0,0,0,0,0,0,0,0,0,0,0,0,0,0,0,-1,-1,0,0,0,0,0,0,0,0,0,0,0,0,0,0,0,0,0,0,0,0,0,0,0,0,0,0,0,0,0,0,0,0,0,0.01,0,0,0,0,0,0,0,0,0.02,0,0,0,-1,-1,-1,-1,-1,0.02,0.01,0,0,0.02,0.03,0.02,0,0.01,0.02,0.02,0.02,0.02,0.01,0.04,0.02,0.02,0.03,0.02,0.02,0.02,0.04,0.07,0.02,-1,-1,0.02,0.01,0.09,0.07,0.01,0.01,-1,-1,0.05,0.03,0.03,0.03,0.01,0.01,0.01,0.04,0.09,-1,-1,-1,-1,-1,0.04,0.02,0,0,0,0,0,0,0,0,0,0,0,0,0.02,0.02,0.02,0.03,0.1,0.08,0.07,0.07,0.12,0.17,0.05,0.1,0.08,0.17,0.16,0.17,0.22,0.08,0.18,0.12,0.11,0.09,0.06,0.09,0.04,0.01,0.03,0.03,0.01,0.01,0.01,0.02,0.01,0.01,0.03,0.02,0,0,0.03,0.02,0.01,0.08,0.03,0.04,0.05,0.07,0.06,0.07,0.03,0.01,0.02,0.05,0.02,0.05,0.02,0.06,0.03,0.01,0,0,0.04,-1,-1,0.01,0,0.01,0,0,0,0
0,0,0,0,0,0,0,0,0,0,0,0,0,0,-1,-1,0,0,0,0,-1,-1,-1,-1,0,0,0,0,0,0,0,0,0,0,0,0,-1,-1,-1,0,0,0,0,0,0,0,0,0,0,0.01,0,0,0,0,0,0,0,0,0,0.01,0.01,0,0,0.01,0.01,0.01,-1,0.01,0.02,-1,-1,0.03,0,0.03,0.03,0.01,0.04,0.03,0,0.01,0.02,0.02,0.03,0.01,0.06,0.03,0.02,0.03,0.02,0.03,0.04,-1,-1,0.04,0.03,0.03,-1,-1,0.08,0.01,-1,-1,0.03,0.05,0.06,0.01,0.02,0.01,0.05,0.01,0.07,0.02,0.04,0.04,-1,-1,0.03,0.02,0,0.05,0,0,0,0,0,0,0,0,0.01,0.03,0.02,0.02,0.03,0.02,0.03,0.01,0.15,0.05,0.07,0.09,0.06,0.05,0.0900000000000001,0.03,0.1,0.04,0.13,0.12,0.15,0.09,0.17,0.16,0.07,0.05,0.04,0.0900000000000001,0.02,0.01,0.01,0.02,0.02,0.03,0,0.04,0.03,0,0.01,0.01,0.01,0.02,0.02,0.12,0.06,0.05,0.04,0.09,0.08,0.06,0.02,0.06,0.05,0.05,0.08,0.03,0.04,0.04,0.06,0.01,0,0.01,0.01,0.02,0.02,0.01,0.01,0.01,0.01,0,0.02,0
0,0,0,0,0,0,0,0,0,0,0,0,0,0,-1,-1,0,0,0,0,-1,-1,-1,-1,-1,-1,-1,0,0,0,0,0,0,0,0,0,-1,-1,-1,-1,-1,0,0,0,0,0,0,0,0,0.01,0,0,0,0.01,0,0,0,0,0,0,0,0.02,0,0.01,0.04,-1,0,0.01,0,-1,0.01,0.01,0.01,0.03,0.01,0.03,0,0,0.02,0.02,0.04,0.02,0.03,0.01,0.01,0.01,0.04,0.03,0.02,0.05,0.06,-1,-1,0.04,0.04,0.05,-1,-1,0.07,-1,-1,0,0.02,0.02,0.02,0.04,0.04,0.01,0.03,0.05,0.02,0.03,0.03,0.04,0.02,0.02,0.02,0,0,0,0.03,0,0,0,0,0,0,0,0,0.03,0,0.02,0.01,0.01,0.03,0.06,0.03,0.07,0.08,0.03,0.02,0.04,0.06,0.04,0.06,0.12,0.04,0.08,0.07,0.11,0.08,0.08,0.1,0.07,0.04,0.09,0.06,0,0.02,0.03,0.02,0.02,0.01,0.01,0.01,0.03,0.02,0,0.06,0.02,0.02,0.06,0.06,0.12,0.05,0.07,0.07,0.07,0.05,0.05,0.07,0.08,0.05,0.03,0.11,0.05,0,0.02,0.01,0.01,0.01,0.01,0.01,0.01,0.01,0,0,0.03,0.01,0
0,0,0,0,0,0,0,0,0,0,0,0,0,-1,-1,0,0,0,0,0,-1,-1,-1,-1,-1,-1,-1,-1,-1,-1,0,0,0,0,0,0,0,0,-1,-1,-1,-1,-1,0,0.01,0,0,0,0,0.01,0,0,0,0,0,0,0,0,0,0.01,0.01,0,0.01,0.03,0.03,0.01,-1,-1,-1,0.01,0,0.01,0,0.03,0.04,0.04,0.02,0,0.01,0.04,0.04,0.02,0.01,0.03,0.01,0.02,0.01,0.02,0.03,0.03,0.05,0.05,0.04,0,0.04,-1,-1,0.03,0.07,-1,-1,0.02,0,0.03,0.04,0.04,0.05,0.02,0.01,0.04,0.02,0.03,0.01,0.04,0.02,0.04,0.01,0.03,0.01,0.01,0.02,0.01,0,0,0,0,0,0,0.01,0,0.02,0.02,0.03,0.01,0.02,0.09,0.07,0.04,0.1,0.02,0.03,0.04,0.07,0,0.02,0.09,0.11,0.07,0.03,0.08,0.06,0.03,0.03,0.05,0.07,0.0900000000000001,0.08,0.05,0.01,0.01,0.02,0.03,0.04,0.03,0.04,0.06,0.01,0.02,0.03,0.04,0.04,0.1,0.12,0.05,0.13,0.08,0.05,0.05,0.1,0.05,0.09,0.06,0.02,0.06,0.06,0.03,0.02,0.02,0.01,0,0,0.01,0.01,0.04,0.02,0,0,0,0.01,0
0,0,0,0,0,0,0,0,0,0,0,0,0,-1,-1,0,0,0,0,-1,-1,-1,-1,-1,-1,-1,-1,0,0,0,0,0,0,0,0,0,0,0,0,0,-1,-1,-1,-1,0.02,0,0,0,0,0,0,0,0.01,0,0.01,0.01,0,0,0,0.02,0.01,0.02,0.01,0.02,-1,0.01,0.04,-1,-1,0,0,0.02,0.01,0.03,0.02,0.01,0.03,0.01,0.03,0.02,0.03,0.03,0.01,0.03,0.02,0.05,0.03,0.03,0.03,0.03,0.01,0.03,0.03,0,0.04,0.04,0.03,0.03,-1,-1,0.07,0.11,0.02,0.02,0.02,0.02,0.02,0.02,0.03,0.04,0.02,0.03,0,0.01,0.01,0,0.01,0.02,0,0,0.01,0,0.01,0.01,0,0,0,0.01,0,0.04,0.01,0.01,0,0.01,0.01,0.03,0.08,0.1,0.09,0,0,0.02,0.02,0.06,0.04,0.03,0.05,0.05,0.05,0.01,0.03,0.08,0.06,0.05,0.12,0.08,0.06,0.12,0.06,0.06,0.04,0.03,0.04,0.06,0.02,0.02,0.02,0.03,0.02,0.05,0.06,0.11,0.1,0.12,0.11,0.11,0.09,0.07,0.08,0.1,0.05,0.1,0.04,0.05,0.02,0.04,0.04,0,0.01,0,0.01,0.01,0,0,0,0.01,0,0,0.01,0.01
0,0,0,0,0,0,0,0,0,0,0,0,0,-1,-1,0,0,0,0,-1,-1,-1,-1,-1,-1,-1,-1,0,-1,0,0,0,0,0,0,0,0,0,0,0,0,0.01,-1,-1,0.01,0,0,0,0,0,0,0.01,0.01,0,0,0.01,0,0,0,0,0.01,0.02,0,0.01,0.03,0.02,0,-1,-1,0,0,0.02,0,0.01,0.03,0.03,0.01,0.01,0.01,0.02,0,0.01,0.02,0.02,0.01,0,0.01,0.05,0.02,0.03,0,0.01,0.01,0,0.04,0.02,0.02,0.04,-1,-1,0.01,0.03,0.02,0.05,0,0.04,0.04,0.04,0.01,0,0.02,0.01,0.01,0.01,0,0.01,0,0.01,0.01,0.01,0.01,0,0,0.01,0.02,0,0,0,0.01,0,0.04,0.02,0.03,0.02,0.03,0.03,0.07,0.01,0.03,0.03,0.02,0.01,0.05,0.02,0.01,0.04,0.05,0.03,0.05,0.03,0.04,0.08,0.06,0.03,0.0800000000000001,0.05,0.08,0.06,0.07,0.12,0.12,0.06,0.02,0.05,0.02,0.03,0.02,0.06,0.03,0.04,0.11,0.11,0.14,0.17,0.19,0.07,0.1,0.07,0.11,0.07,0.11,0.07,0.02,0.05,0.11,0.03,0.05,0.03,0.02,0,0.01,0,0,0.01,0,0,0.01,0,0,0.01
0,0,0,0,0,0,0,0,0,0,0,0,-1,-1,0,0,0,0,-1,-1,-1,-1,-1,-1,-1,-1,-1,-1,-1,0,0,0,0,0,0,0,0,0,0,0.01,0.01,0,0,0,0,0,0,0,0,0,0,0,0.01,0.01,0.02,0,0.02,0.01,0,0,0,0.02,0,0.01,0.04,0,-1,-1,0.04,0.01,0,0,0.03,0.01,0.02,0,0.02,0.01,0.01,0,0.01,0.03,0,0.01,0.03,0.02,0,0.02,0.01,0.01,0,0,0,0,0.02,0.02,0.07,0.02,0.02,0.04,0,0.04,0.02,0.03,0.03,0.02,0.02,0.01,0,0.03,0,0.01,0.01,0,0.01,0.02,0.02,0,0.01,0.01,0,0,0.01,0,0.01,0.01,0,0,0.03,0.02,0.01,0.02,0.02,0.03,0.02,0.06,0.02,0.08,0.04,0.01,0.02,0.02,0.03,0.02,0.03,0.05,0.08,0.01,0.04,0.04,0.05,0.02,0.03,0.03,0.07,0.07,0.09,0.06,0.15,0.07,0.16,0.1,0.03,0.06,0.1,0.08,0.04,0.08,0.13,0.09,0.19,0.17,0.17,0.22,0.1,0.09,0.16,0.06,0.08,0.13,0.07,0.07,0.04,0.05,0.04,0.03,0.01,0.02,0.02,0.01,0.02,0.02,0.01,0,0.01,0.04,0.01,0,0,0
0,0,0,0,0,0,0,0,0,0,0,0,-1,-1,0,0,0,0,-1,-1,-1,-1,-1,-1,-1,-1,0,-1,0,0,0,0,0,0,0,0,0,0,0.01,0.01,0,0,0.01,0.01,0,0.01,0,0,0,0,0,0,0,0,0.01,0,0,0.01,0,0,0,0,0,0,0.01,0.01,-1,-1,0.03,0.03,0.02,0.01,0.01,0,0.02,0.03,0,0,0.02,0.03,0,0.01,0.02,0,0.02,0.03,0.03,0.02,0.04,0.03,0.03,0,0,0.02,0.01,0.04,0,0.01,0.03,0.03,0.02,0.02,0.03,0.03,-1,0.04,0.03,0,0.02,0.01,0.01,0.02,0,0,0,0,0.01,0,0,0.04,0.01,0,0,0.01,0,0,0.01,0,0.01,0.01,0.03,0.01,0.03,0.01,0.04,0.07,0.02,0,0,0.02,0.01,0.01,0.02,0.01,0.05,0.02,0,0.06,0.02,0.02,0.06,0.07,0.06,0.06,0.04,0.07,0.13,0.09,0.1,0.08,0.12,0.13,0.09,0.03,0.1,0.14,0.12,0.1,0.11,0.16,0.22,-1,-1,-1,0.15,0.16,0.19,0.19,0.1,0.15,0.12,0.07,0.09,0.08,0.07,0.07,0.01,0.01,0.02,0.01,0.02,0,0.03,0,0.02,0,0,0.02,0.02,0
0,0,0,0,0,0,0,0,0,0,0,-1,-1,0,0,0,0,0,0,0,0,-1,-1,-1,-1,-1,0,-1,0,0,0,0,0,0,0,0,0,0,0,0,0,0,0,0,0,0.01,0.01,0,0,0,0,0,0,0,-1,-1,0,0.01,0.02,0,0,0.01,0.02,0.01,0.04,-1,-1,0.05,0.04,0,0,0.01,0.02,-1,-1,0.01,0.02,0,0,0,0.01,0.04,0.01,0,0,0,0.02,0,0.02,0.03,0,0,0,0.03,0.02,0,0.04,0.02,0,0.02,0.01,0.01,0.01,0.01,0,0.01,0.03,0,0.01,0,0.01,0,0.01,0,0,0,0.01,0,0,0,0,0,0,0,0.01,0.01,0,0.01,0.05,0,0.05,0.02,0.01,0.01,0.02,0.04,0.01,0.01,0.02,0.01,0.01,0.02,0.05,0,0.01,0,0.01,0.04,0.05,0.03,0.03,0.03,0.03,0.05,0.03,-1,-1,-1,0.16,0.07,0.11,0.16,0.07,0.16,0.21,0.15,0.19,0.22,0.2,0.19,0.22,-1,-1,-1,-1,-1,-1,-1,-1,0.16,0.07,0.05,0.09,0.06,0.07,0.03,0.03,0.04,0.03,0.01,0.01,0.01,0.02,0.01,0,0.01,0.02,0,0.05,0.01
0,0,0,0,0,0,0,0,0,0,0,0,-1,0,0,0,0,0,0,0,0,0,0,0,0,-1,-1,0,0,0,0,0,0,0,0,0,0,0,0,0,0.01,0,0,0.03,0.02,0.01,0,0.02,0,0,0,0,0,0,0,-1,-1,-1,0,0.01,0,0,0,0,0.02,-1,0,0,0.02,0,0,0,0.04,-1,0.01,0,0,0.01,0,0.01,0,0,0,0.02,0.01,0.01,0.01,0,0.02,0.03,0,0.01,0,0,0,0.02,0.02,0.02,0.02,0.02,0.01,0.01,0.03,0.01,0.01,0.01,0.03,0.02,0.01,0,0.01,0,0.01,0.02,0.01,0.05,0.01,0,0,0,0.02,0.01,0.01,0.02,0,0,0.02,0.03,0.01,0.02,0.02,0.02,0.03,0.03,0.03,0.03,0.01,0,0,0.01,0,0.02,0.02,0.01,0.03,0,0.01,0.01,0.01,0.02,0.01,0.04,0.03,0.02,0.05,-1,-1,-1,-1,-1,-1,-1,0.15,0.23,0.18,0.26,0.29,0.28,0.37,0.43,0.37,-1,-1,-1,-1,-1,-1,-1,-1,-1,0.13,0.12,0.11,-1,0.07,0.04,0,0,0.02,0.05,0.01,0,0.01,0.01,0,0.02,0,0.04,0.01,0
0,0,0,0,0,0,0,0,0,0,0,0,0,0,0,0,0,0,0,0,0,0,0,0,0,0,0,0,0,0,0,0,0,0,0,0,0,0,0,0,0,0,0.01,0,0.02,0.01,0,0.01,0,0,0,0,0,0,0,0,0,-1,-1,-1,0,0,0,0,0,0,0.04,0,0.01,0,0.01,0.01,0.04,-1,0.02,0.02,0.01,0,0,0.01,0,0.02,0.02,0,0.01,0.02,0,0.02,0,0,0,0,0,0.01,0.02,0.01,0.01,0.01,0,0.03,0.01,0.01,0.02,0.01,0,0,0,0.07,0.02,0.02,0.01,0,0.01,0.02,0.01,0.02,0,0.01,0.02,0.02,0.04,0.01,0.02,0.02,0,0,0.02,0.08,0.1,0.09,0,0,0,0.01,0.05,0.01,0.02,0,0,0.01,0.01,0,0,0.01,0,0.02,0.01,0.06,0.02,0.05,0.04,0.03,0.05,0.02,0.07,-1,-1,-1,-1,-1,-1,-1,-1,-1,-1,-1,0.32,0.43,0.41,0.39,0.41,-1,-1,-1,-1,-1,-1,-1,-1,-1,-1,0.13,-1,-1,-1,0.03,0.02,0.02,0,0.01,0.03,0,0.05,0,0.01,0,0.02,0,0.01,0.02
0,0,0,0,0,0,0,0,0,0,0,0,0,0,0,0,0,0,0,0,0,0,0,0,0,0,0,0,0,0,0,0,0,0,0,0,0,0,0,0,0,0,0,0,0,0,0.01,-1,0.01,0.02,0,0,0,0,0,0,0.02,0.02,0,0,0.01,0,0,0,0,0,0,0,0,0.02,0.01,0,0.02,-1,0.02,0.01,0,0.01,0,0.02,0.02,0,0,0,0.01,0.01,0.02,0.01,0,0,0,0,0.02,0.03,0,0,0.01,0,0.03,0,0,0.01,0,0.02,0.04,0.04,0,0.01,0.06,0.03,0.02,0,0.03,0.02,0.01,0.02,0.03,0.04,0,0.01,0,0.01,0,0,0.01,0.01,0.01,0.06,0.07,0.06,0.1,0.1,0.1,0.16,0,0,0,0.02,0.03,0.04,0,0.02,0,0.01,0.02,0.02,0.03,0,0.04,0.05,0.02,0.06,0.05,0.02,-1,-1,-1,-1,-1,-1,-1,-1,-1,-1,-1,-1,0.44,0.57,0.64,0.61,-1,-1,-1,-1,-1,-1,-1,-1,-1,-1,0.17,0.13,-1,-1,-1,0,0.04,0.01,0.04,0.01,0.01,-1,-1,-1,-1,-1,0.02,0.02,0,0.03
0,0,0,0,0,0,0,0,0,0,0,-1,0,0,0,0,0,0,0,0,0,0,0,0,0,0,0,0,0,0,0,0,0,0,0,0,0,0,0,0,0,0,0,0,0,0.01,-1,-1,-1,-1,0.01,0,0.01,0,0,0,0,0,0,0,0,0,0,0,0,0.01,0,0.03,0,0.02,0,0.01,0.04,0.01,0.05,0.01,0,0.02,0.04,0,0,0,0.02,0.01,0.02,0.04,0.01,0.01,0,0,0,0,0.02,0,0.01,0.02,0.01,0.01,0.02,0.01,0.01,0.03,0.03,0.01,0.02,0.02,0.01,0,0.09,0.02,0.01,0,0.01,0,0,0,0.02,0.02,0.01,0.01,0.03,0,0.02,0.01,0.01,0.01,0,0.04,0.11,0.04,0.05,0.03,0.17,0.11,0.04,0.03,0.01,0,0,0,0.03,0,0,0,0.03,0.02,0.03,0.04,0.03,0.06,0.05,0.01,0.04,0.02,-1,-1,-1,-1,-1,-1,-1,-1,-1,-1,-1,0.37,0.55,0.68,0.89,0.78,-1,-1,-1,-1,-1,-1,-1,-1,-1,-1,0.13,0.11,-1,-1,-1,0.01,0.06,0.05,0.02,0,0.02,-1,-1,-1,-1,-1,-1,-1,0.01,-1
0,0,0,0,0,0,0,0,0,0,0,0,0,0,0,0,0,0,0,0,0,0,0,0,0,0,0,0,0,0,0,0,0,0,0,0,0,0,0,0,0,0,0,0,0,0,0,0.02,-1,-1,-1,-1,-1,0,0.02,0,0,0,0,0,0,0,0,0,0,0.02,0,0.01,0,0.01,0,0.02,0.01,0.01,0.01,0.02,0.01,0.01,0.01,0.02,0,0.02,0.02,0,0.02,0,0.01,0,0,0,0,0.01,0.02,0.01,0.01,0.01,0.02,0,0,0.01,0.05,0.01,0.04,0.02,0.05,0,0,0.01,0.02,0.09,0,0,0,0,0,0.01,0.01,0.02,0,0.02,0.01,0,0.01,0.02,0,0.02,0.01,0.04,0.02,0.05,0.07,0.1,0.06,0.07,0.03,0.02,0.02,0.03,0.04,0,0.03,-1,-1,-1,0.01,0.01,0.04,0.04,0.03,0.03,0.02,0.05,0.1,0.02,-1,-1,-1,-1,-1,-1,-1,-1,-1,-1,-1,0.36,0.51,0.84,0.93,0.99,-1,-1,-1,-1,-1,-1,-1,-1,-1,-1,0.14,-1,-1,-1,0.05,0.03,0.01,-1,-1,-1,0.01,-1,-1,-1,-1,-1,-1,-1,0.01,-1
0,0,0,0,0,0,0,0,0,0,0,0,0,0,0,0,0,0,0,0,0,0,0,0,0,0,0,0,0,0,0,0,0,0,0,0,0,0,0,0,0,0,0,0,0,0,0,0,0,0,0.01,-1,-1,-1,0,0,0,0,0,0,0,0,0,0,0,0,0.01,0,0,0,0,0.01,0,0,0.01,0.04,0.02,0.03,0,0.01,0.01,0,0,0.02,0,0,0.01,0,0,0,0,0,0,0,0,0.01,0.01,0.02,0.02,0.02,0.02,0.01,0.03,0.03,0.01,0.03,0.01,0.01,0.03,0,0.07,0.01,0.01,0.01,0.02,0.02,0.01,0,0.02,0,0,0,0,0,0,0,0.02,0.04,0.06,0.12,0.04,0.19,0.04,0.04,0.05,0.04,0.08,0.02,0.05,0.03,0.06,0.02,0.04,0.05,-1,0.01,0.01,0.04,0.01,0.02,0.05,0.04,0.04,-1,-1,-1,-1,-1,-1,-1,-1,-1,-1,-1,0.26,0.44,0.47,0.77,0.8,0.72,-1,-1,-1,-1,-1,-1,-1,-1,-1,-1,0.18,-1,-1,-1,0.05,0,0.04,-1,-1,-1,-1,-1,-1,-1,-1,-1,-1,-1,0.02,-1
0,0,0,0,0,0,0,0,0,0,0,0,0,0,0,0,0,0,0,0,0,0,0,0,0,0,0,0,0,0,0,0,0,0,0,0,0,0,0,0,0,0,0,0,0,0,0,0,0,0,0,0,0.01,0.02,0.03,0.01,0,0,0,0,0,0,0,0,0,0,0,0,0.01,0.01,0.03,0.02,0.01,0,0.02,0,0.01,0,0.02,0,0,0.02,0,0.01,0.02,0.02,0,0,0,0,0,0.02,0,0.01,0,0.04,0.03,0,0.04,0.02,0.02,0.01,0.01,0.03,0.01,0.01,0.03,0,0.04,0,0.06,0.02,0,0,0.02,0.01,0,0.03,0.02,0,0.02,0,0,0,0,0.01,0,0.04,0.05,0.06,0.14,-1,-1,-1,0.01,0.02,0.06,0.02,0.05,0.02,0.08,0.07,0.07,0.03,0.02,0.03,0.03,0.02,0,0.02,0.01,0.06,0.06,-1,-1,-1,-1,-1,-1,-1,-1,-1,-1,-1,0.3,0.37,0.42,0.58,0.58,-1,-1,-1,-1,-1,-1,-1,-1,-1,-1,0.15,0.16,-1,-1,-1,0.03,0.02,-1,-1,-1,-1,-1,-1,-1,-1,0.01,-1,-1,-1,0.02,0
0,0,0,0,0,0,0,0,0,0,0,0,0,0,0,0,0,0,0,0,0,0,0,0,0,0,0,0,0,0,0,0,0,0,0,0,0,0,0,0,0,0,0,0,0,0,0,0,0,0,0,0,0,0,0.01,0,0,0,0,0,0,0,0,0,0,0,0,0,0.01,0,0,0.01,0.01,0,0.01,0,0.01,0,0.01,0.01,0.03,0,0.01,0.04,0,0.01,0,0,0,0,0,0,0,0.04,0.02,0.05,0.04,0,0.01,0.01,0,0.02,0.03,0.03,0.01,0.01,0.01,0.01,0,0.01,0.03,0.08,0,0.01,0.01,0.01,0.02,0.02,0.01,0.01,0.01,0.01,0.02,0,0.04,0.03,0,0.07,0.03,0.08,0.05,-1,-1,-1,0.06,-1,-1,-1,0.08,0.08,0.11,0.09,0.06,0.06,0.11,0.01,0.02,0,0.02,0.02,0.05,0.02,0.06,-1,-1,-1,-1,-1,-1,-1,-1,-1,-1,-1,0.21,0.23,0.33,0.4,0.4,0.3,0.39,0.36,0.35,0.22,-1,-1,-1,-1,-1,0.12,-1,-1,-1,0.03,0.02,0.04,-1,-1,-1,-1,-1,-1,-1,-1,-1,-1,-1,0.01,0,0.01
0,0,0,0,0,0,0,0,0,0,0,0,0,0,0,0,0,0,0,0,0,0,0,0,0,0,0,0,0,0,-1,-1,0,0,0,0,0,0,0,0,0,0,0,0,0,0,0,0,0,0,0,0,0,0,0,0,0,0,0,0,0,0,0,0,0,0,0,0,0,0.02,0.01,0.02,0.05,0.03,0.03,0.02,0.01,0.01,0.01,0.01,0,0,0,0.02,0.01,0,0,0,0,0,0,0,0.04,0.02,0.01,0.01,0.07,0.01,0.02,0.02,0.04,0.02,0.03,0,0,0,0.01,0.02,0.01,0.02,0.01,0.01,0,0.01,0.03,0,0,0.02,0.01,0,0.01,0.01,0.01,0,0,0.01,0.01,0.05,0.05,0.04,0.02,0.02,0.02,0.01,0.06,0.05,-1,-1,-1,-1,-1,0.12,-1,0.05,0.08,0.11,0.04,0.03,0,0.02,0.03,0.05,-1,-1,-1,-1,-1,-1,-1,-1,-1,-1,-1,0.17,0.19,0.22,0.13,0.2,0.26,0.28,0.32,0.26,0.29,0.26,0.19,0.14,0.18,0.17,0.12,0.11,-1,-1,-1,0.03,0.06,0.03,-1,-1,-1,-1,-1,-1,-1,-1,-1,-1,-1,-1,0.03,0
0,0,0,0,0,0,0,0,0,0,0,0,0,0,0,0,0,0,0,0,0,0,-1,0,0,0,0,0,0,0,0,0,0,0.01,0,0,0,0,0,0,0,0,0,0,0,0,0,0,0,0,0,0,0,0,0,0,0,0,0,0,0,0,0,0,0.01,0,0,0,0,0,0.01,0.01,0,0.01,0.02,0.03,0.01,0,0.07,0.06,0.03,0.01,0.02,0,0.01,0,0,0,0,0,0.03,0.04,0,0.03,0.02,0.03,0.01,0.01,0.03,0.02,0,0,0.01,0,0,0,0,0,0,0.03,0.01,0.03,0,0,0,0.02,0.01,0.02,0.03,0.02,0.02,0.01,0.01,0,0,0.01,0.01,0.02,0.01,0.03,0.02,0.01,0.02,0,0.03,0.04,0.04,0.11,0,0.09,-1,-1,-1,-1,-1,0.07,-1,-1,0.02,0.02,0.04,0.01,-1,-1,-1,-1,-1,-1,-1,-1,-1,-1,-1,0.14,0.08,0.13,0.16,0.18,0.24,0.24,0.29,0.29,0.18,0.2,0.19,0.12,0.16,0.14,0.16,0.08,0.05,0.01,-1,0.01,0.03,-1,-1,-1,-1,-1,-1,-1,-1,-1,-1,-1,-1,-1,0.02,0.03
0,0,0,0,0,0,0,0,0,0,0,0,0,0,0,0,0,0,0,0,0,0,0,0,0,0,0,0,0,0,0,0,0,0,0,0,0,0.01,0.02,0,0,0,0,0,0,0,0,0,0,0,0,0,0,0,0,0,0,0,0,0,0.01,0,0,0.01,0,0.01,0.01,0.01,0,0,0,0.01,0,0,0.02,0.06,0,0.03,0.06,0.03,0.01,0.01,0.01,0,0,0,0,0,0,0.01,0.01,0.01,0.02,0.02,0.04,0.03,0.01,0.02,0.01,0.01,0.01,0.05,0.01,0.01,0.01,0.03,0.02,0,0.01,0.01,0.01,0.01,0,0,0,0,0,0,0,0,0.01,0.02,0,0,0.01,0.01,0,0.02,0.04,0.05,0,0,0.02,0.01,0.04,0.05,0.08,0.04,0.04,0.05,0.09,0.07,0.06,0.08,0.07,0.07,-1,-1,-1,0.06,-1,0.1,-1,-1,-1,-1,-1,-1,-1,-1,-1,-1,-1,0.02,0.1,0.14,0.12,0.18,0.24,0.2,0.18,0.17,0.22,-1,0.15,0.16,0.15,0.16,0.03,0.06,0.04,0.02,0.03,0.03,0.03,0.03,0.01,-1,-1,-1,-1,-1,-1,-1,-1,-1,-1,0.01,0.01,0.02
0,0,0,0,0,0,0,0,0,0,0,0,0,0,0,0,0,0,0,0,0,0,0,0,0,0,0,0,0,0,0,0,0,0,0,0,0,0,0,0,0.01,0,0.01,0,0,0,0,0,0,0,0,0,0,0,0,0,0,0,0,0,0.01,0,0,0,0,0,0.01,0,0,0,0.01,0.01,0.01,0.04,0.04,0.04,0.03,0.1,0.09,0.04,0.02,0.01,0.02,0.01,0,0,0,0,0,0.06,0.02,0.02,0.03,0.03,0.02,0.01,0.01,0.02,0,0,0.02,0.02,0.01,0.02,0.01,0.01,0,0.02,0.01,0.03,0,0,0.01,0,0,0,0.01,0.03,0.01,0.01,0.01,0,0.01,0,0,0,0,0.01,0.01,0,0.04,0.04,0.06,0.05,0.03,0.01,0.02,0.06,0.03,0.08,0,0.07,0.06,0.05,0.04,0.04,0.11,0.16,0.06,0.06,0.03,-1,-1,-1,-1,-1,-1,-1,-1,-1,-1,-1,0.1,0.09,0.09,0.05,0.09,0.14,0.18,0.17,0.12,0.15,-1,-1,-1,-1,-1,-1,0.05,0.08,0.01,0.02,0.04,0.02,0.03,0.03,0.02,0.03,0.02,0,0.01,-1,-1,-1,-1,-1,-1,0.01,0.01,0
0,0,0,0,0,0,0,0,0,0,0,0,0,0,0,0,0,0,0,0,0,0,0,0,0,0,0,0,0,0,0,0,0,0,0,0,0,0,0,0,0,0,0,-1,-1,0,0,0,0,0,0,0,0,0,0,0,0,0,0,0.01,0.01,0,0,0.01,0.01,0,0.01,0.01,0.02,0,0.02,0,0.04,0,0.01,0.05,0.12,0.12,0.05,0.04,0.03,0,0,0.01,0,0,0,0.01,0.03,0,0.04,0.01,0.02,0,0.03,0.02,0,0,0.02,0,0.02,0.01,0.02,0.02,0.01,0,0.02,0.01,0.01,0,0.01,0.01,0,0.01,0.01,0,0,0,0,0.01,0,0.01,0,0,0,0,0,0.02,0.01,0,0.01,0.06,0.02,0.01,0.01,0.03,0.02,0.07,0.01,0.06,0.03,0.05,0.02,0.08,0.06,0.04,0.1,0.05,0.08,0.11,0.09,0.04,0.04,0.08,-1,-1,-1,-1,-1,-1,-1,-1,0.03,0.02,0.04,0.06,0.12,0.13,0.17,0.11,0.15,0.17,-1,-1,-1,-1,-1,-1,-1,-1,-1,0.01,0.03,0.03,0.02,0.01,0.01,-1,-1,-1,-1,0.02,0.02,0,0.01,-1,-1,0,0,0.01
0,0,0,0,0,0,0,0,0,0,0,0,0,0,0,0,0,0,0,0,0,0,0,0,0,0,0,0,0,0,0,0,0,0,0,0,0,0,0,0,0,0,0.01,0,0,0,0,0,0.02,0,0,0,0,0,0,0,0.01,0,0.01,0,0.01,0,0,0,0.03,0,0.01,0,0.01,0.04,0.03,0.01,0.02,0.05,0,0.13,0.08,0.12,0.01,0.02,0,0.02,0.02,0.01,0.01,0,0,0.03,0.01,0.03,0.01,0.02,0.03,0,0.05,0.02,0,0,0.03,0.05,0.01,0,0.02,0.02,0.03,0.01,0.02,0,0,0.04,0,0.02,0,0,0,0,0,0.01,0,0,0,0,0,0,0,0,0,0,0.02,0.03,0.03,0.03,0.04,0.04,0.01,0.03,0.04,0.03,0.08,0.07,0.05,0.03,0.02,0.04,0.08,0.06,0.09,0.07,0.06,0.16,0.13,0.11,0.01,0.06,0.1,0.05,0.03,0.05,-1,-1,-1,-1,0.03,0.06,0.03,0.06,0.1,0.11,0.1,0.12,0.11,-1,-1,-1,-1,-1,-1,-1,-1,-1,-1,-1,-1,-1,0.06,0.01,0.03,0.04,-1,-1,-1,-1,-1,0.01,-1,0.02,0.01,0.01,0,0.01
0,0,0,0,0,0,0,0,0,0,0,0,0,0,0,0,0,0,0,0,0,0,0,0,0,0,0,0,0,0,0,0,0,0,0,0,0,0,0,0,0,0,0,0,0,0,0,0,0,0.01,0,0.01,0,0.04,0,0,0,0,0,0,0,0,0.01,0,0.02,0,0.03,0.04,0.04,0.04,0.03,0.08,0.07,0.11,0.11,0.1,0.05,0.01,0,0.04,0.02,0,0,0.01,0,0.01,0.02,0.01,0.05,0.05,0.04,0.04,0.02,0.01,0,0.03,0.01,0.01,0.03,0.01,0.02,0.02,0,0.03,0.01,0.02,0.01,0.01,0.03,0,0.01,0,0,0,0,0,0,0,0,0,0,0,0,0,0,0,0,0,0,0.04,0,0.01,0.01,0.01,0.01,0.01,0.03,0,0.04,0.03,0.03,0.02,0.04,0.03,0.04,0.04,0.09,0.12,0.09,0.06,0.13,0.08,0.1,0.04,0.04,0.02,0.05,0.07,0.05,0.06,0.08,0.03,0.03,0.03,0.04,0.06,0.14,0.1,0.17,0.06,0.13,-1,-1,-1,0.04,-1,-1,-1,-1,-1,-1,-1,-1,-1,0.02,0.01,0.02,0.02,0.01,0.02,0.02,0.01,0.02,-1,-1,0.05,0.01,0.04,0,0.01
0,0,0,0,0,0,0,0,0,0,0,0,0,0,0,0,0,0,0,0,0,0,0,0,0,0,0,0,0,0,0,0,0,0,0,0,0,0,0,0,0,0,0,0,0,0,0,0,0,0.01,0,0,0,0,0.01,0.02,0.03,0.02,0.01,0.02,0.04,0.01,0.01,0.04,0.01,0.01,0.04,0.05,0.07,0.08,0.14,0.14,0.09,0.24,-1,-1,0.2,0.02,0.01,0.02,0,0.01,0,0,0.03,0.05,0.05,0.04,0.03,0.01,0.03,0.05,0.02,0.06,0.02,0,0.01,0,0.04,0.01,0.02,0.01,0,0.02,0.01,0.02,0.02,0,0,0.02,0.01,0.02,0,0,0.01,0,0,0,0,0,0,0,0,0.01,0,0,0,0.01,0,0,0,0.04,0.05,0.04,0.02,0.04,0.02,0.01,0.04,0.01,0.02,0.03,0.02,0.02,0.08,0.01,0.08,0.07,0.06,0.11,0.11,0.09,0.1,0.09,0.05,0.03,0.01,0.04,0.02,0.04,0.04,0.04,0,0.02,0.01,0.11,0.06,0.06,0.09,0.09,0.09,-1,-1,-1,0.02,0.05,0.04,0.02,0.01,-1,-1,-1,-1,0.01,0.04,0.03,0.04,0.03,0.03,0,0.01,0.02,0.01,0.02,0.01,0,0,0,0.01,0
0,0,0,0,0,0,0,0,0,0,0,0,0,0,0,0,0,0,0,0,0,0,0,0,0,0,0,0,0,0,0,0,0,0,0,0,0,0,0,0,0,0,0,0,0,0,0,0,0,0,0,0,0,0.01,0,0,0,0.04,0.06,-1,0.11,0.01,0,0,0.01,0.04,0.12,0.07,0.07,0.14,0.17,0.18,0.2,0.21,0.21,0.11,0.06,0.01,0.02,0.01,0.01,0,0,0.02,0.03,0.02,0.03,0.02,0,0.07,0.01,0.02,0.02,0.01,0.02,0.03,0,0.01,0.01,0.02,0,0.02,0.02,0.01,0.03,0.01,0,0,0,0,0.01,0.01,0,0,0,0,0,0,0,0,0,0,0,0.01,0,0,0,0.01,0,0.02,0.04,0.03,0.03,0.03,0.01,0.02,0.06,0.03,0.04,0.01,0.03,0.03,0.07,0.06,0.03,0.06,0.05,0.08,0.05,0.07,0.07,0.06,0.14,0.14,0.04,0.06,0.02,0.05,0.02,0.05,0.01,0,0.01,0,0.02,0.1,0.07,0.11,0.11,0.04,0,0.03,-1,-1,0.01,0.02,0.04,0.01,0,0.01,0.02,0.02,-1,0.01,0.03,-1,0,0.02,0,0.01,0.01,0.01,0,0.02,0.01,0.01,0,0.01,0.01,0.03
0,0,0,0,0,0,0,0,0,0,0,0,0,0,0,0,0,0,0,0,0,0,0,0,0,0,0,0,0,0,0,0,0,0,0,0,0,0,0,0,0,0,0,0,0,0,0,0,0.01,0,0,0,0,0.01,0,0.01,0,0,0.01,0.07,0.03,0.1,0.11,0.12,0.1,0.11,0.16,0.2,0.24,0.27,0.3,0.4,0.36,0.34,0.3,0.16,0.13,0.07,0.12,0.09,0.1,0,0,0.01,0.01,0.01,0,0.03,0.05,0.03,0.03,0.03,0,0.01,0.02,0.02,0,0.03,0.01,0.04,0.01,0.01,0.02,0.03,0,0,0.01,0,0.01,0.02,0,0,0,0,0,0,0,0,0,0,0,0,0,0,0,0,0.01,0,0,0.01,0.03,0.01,0.03,0.03,0.05,0.01,0.04,0.03,0.03,0.05,0.04,0.06,0.05,0.05,0.08,0.03,0.05,0.08,0.06,0.1,0.05,0.09,0.06,0.06,-1,-1,-1,0.04,0.06,0,0.01,0.01,0.01,0.05,0.05,0.07,0.04,0.11,0.04,0.03,0.01,-1,-1,0.01,0.02,0.01,0.02,0.01,0,0.03,0,0.04,0.01,0.01,0.02,-1,-1,-1,-1,-1,-1,-1,0.01,0.02,0,0,0,0,0.01,0.02
0,0,0,0,0,0,0,0,0,0,0,0,0,0,0,0,0,0,0,0,0,0,0,0,0,0,0,0,0,0,0,0,0,0,0,0,0,0,0,0,0,0,0,0,0,0,0,0,0,0,0,0,0.01,0,0,0,0,0,0,0,0.04,0.06,0.08,0.13,0.11,0.12,-1,-1,-1,-1,0.38,-1,-1,-1,0.4,-1,-1,0.16,0.07,0.12,0,0,0.02,0.02,0.01,0.01,0.01,0,0,0,0,0.01,0,0.02,0.01,0.02,0,0.02,0,0.02,0.03,0.01,0.03,0.02,0,0.01,0,0,0,0,0,0,0,0,0,0,0,0,0,0,0,0,0,0,0,0,0,0.01,0,0,0.01,0.03,0.03,0.03,0.05,0.03,0.03,0.03,0.03,0.02,0.03,0.1,0.1,0.04,0.06,0.05,0.08,0.08,0.07,0.08,0.04,0.09,0.08,0.18,-1,-1,-1,-1,0.03,0,0,0.01,0,0.01,0.02,0.02,0,0.01,0.01,0.05,-1,-1,-1,-1,-1,-1,0.05,0.04,0.02,0.04,0.01,0.02,0.03,0.03,-1,-1,-1,-1,-1,-1,-1,-1,-1,-1,-1,0,0.01,0,0,0
0,0,0,0,0,0,0,0,0,0,0,0,0,0,0,0,0,0,0,0,0,0,0,0,0,0,0,0,0,0,0,0,0,0,0,0,0,0,0,0,0,0,0,0,0,0,0,0,0,0,0,0,0.01,0,0,0,0.01,0,0,0,0,0.05,0.06,0.13,0.09,0.16,-1,-1,-1,-1,-1,-1,-1,-1,-1,-1,0.2,0.15,0.13,0,0,0.02,0.02,0,0,0,0,0,0,0.01,0,0,0,0,0.01,0,0,0,0,0,0,0,0,0,0,0,0,0,0,0,0,0,0,0,0,0,0,0,0,0,0,0,0,0,0,0,0,0,0,0,0,0.03,0.01,0.01,0.04,0.01,0.02,0.02,0.03,0.05,0.04,0.08,-1,-1,0.06,0.06,0.08,0.07,0.07,0.06,0.06,0.08,0.04,-1,-1,-1,-1,0.02,0.01,0.01,0.01,0.01,0,0.02,0.02,0.01,0.02,0.01,0.01,0.02,-1,-1,-1,-1,-1,-1,-1,-1,-1,-1,0.02,0.05,0.01,0.01,-1,-1,-1,-1,-1,-1,-1,0.01,-1,-1,-1,-1,-1,-1,0.01,0.01
0,0,0,0,0,0,0,0,0,0,0,0,0,0,0,0,0,0,0,0,0,0,0,0,0,0,0,0,0,0,0,0,0,0,0,0,0,0,0,0,0,0,0,0,0,0,0,0,0,0,0,0,0,0,0.01,0,0,0,0.01,0,0.02,0.05,0.07,0.08,0.12,0.14,-1,-1,-1,-1,0.6,-1,-1,-1,0.26,-1,0.18,0.16,0.13,0.03,0,0.02,0,0.02,0,0,0,0,0,0,0,0,0,0,0.01,0,0,0,0,0,0,0,0,0,0,0,0,0,0,0,0,0,0,0,0,0,0,0,0,0,0,0,0,0,0,0,0,0,0,0,0,0.02,0.01,0.01,0.02,0.03,0.02,0.02,0.06,0.04,0.03,0.06,-1,-1,-1,-1,-1,-1,0.1,0.04,0.03,0.03,0.07,0.04,-1,-1,-1,0.05,0.01,0.02,0,0,0,0,0.01,0,0,0.02,0.01,0.02,-1,-1,-1,-1,-1,-1,-1,-1,-1,-1,-1,0,0.01,0.02,-1,-1,-1,-1,-1,-1,-1,-1,0.01,0.01,0.01,-1,-1,-1,0,0
0,0,0,0,0,0,0,0,0,0,0,0,0,0,0,0,0,0,0,0,0,0,0,0,0,0,0,0,0,0,0,0,0,0,0,0,0,0,0,0,0,0,0,0,0,0,0,0,0,0,0,0,0,0,0,0,0,0.01,0,0,0.01,0.06,0.13,0.09,0.18,0.13,-1,-1,-1,-1,-1,-1,-1,0.34,0.26,-1,0.21,0.15,0.04,0.02,0.04,0.01,0,0,0,0.02,0,0,0,0.01,0,0,0,0,0,0,0,0,0,0,0,0,0.01,0,0,0,0,0,0,0,0,0,0,0,0,0,0,0,0,0,0,0,0,0,0,0,0,0,0,0,0,0,0,0.01,0.01,0.03,0.04,0,0.05,0.04,0.04,-1,-1,-1,-1,-1,-1,-1,-1,-1,-1,0.06,0.07,0.12,0.07,0.03,0.1,0.02,0,0,0,0,0,0.02,0,0.02,0.02,0.01,0.01,0.03,0.01,0.02,0.02,0.01,-1,-1,-1,-1,-1,-1,-1,0.02,0.01,-1,-1,-1,-1,0,-1,-1,-1,-1,0,0.01,0.03,0.02,0,0.01,0,0
0,0,0,0,0,0,0,0,0,0,0,0,0,0,0,0,0,0,0,0,0,0,0,0,0,0,0,0,0,0,0,0,0,0,0,0,0,0,0,0,0,0,0,0,0,0,0,0,0,0,0,0,0,0,0,0,0,0,0.01,0.01,0.01,0.04,0.11,0.1,0.06,0.16,0.11,0.21,0.22,0.21,0.24,-1,-1,0.23,0.19,0.15,0.15,0.16,0.04,0,0.03,0.02,0,0,0,0.01,0.01,0.01,0,0,0,0,0,0,0,0,0,0,0,0.01,0,0,0,0,0,0,0,0,0,0,0,0,0,0,0,0,0,0.01,0,0,0,0,0,0,0,0,0,0,0,0,0,0,0,0,0,0.03,0,0.01,0,0.02,0,-1,-1,-1,0.07,0.06,0.07,0.09,-1,-1,-1,-1,-1,-1,0.02,0.05,0,0.01,0,0,0,0,0,0.03,0,0.03,0,0.01,0.01,0.04,0,0.02,0.01,0,0.01,0.02,0.01,0.01,-1,-1,0.01,0,0.02,-1,-1,-1,-1,0,0.01,0.01,0.01,0,0.01,0,0.01,0,0,0,0.01,0.01
0,0,0,0,0,0,0,0,0,0,0,0,0,0,0,0,0,0,0,0,0,0,0,0,0,0,0,0,0,0,0,0,0,0,0,0,0,0,0,0,0,0,0,0,0,0,0,0,0,0,0,0,0,0,0,0,0,0.01,0,0,0.01,0,0.01,0.02,0.03,0.04,0.07,0.07,0.07,0.14,0.16,0.22,0.19,0.1,0.05,-1,0.13,0.02,0.01,0.02,0.02,0,0,0.02,0.01,0,0.01,0.01,0,0,0,0,0,0,0,0,0,0,0,0,0,0,0,0,0,0,0.01,0,0,0,0,0,0,0,0,0,0,0,0,0,0,0,0,0.01,0,0,0,0,0,0,0,0,0,0,0,0,0,0.01,0,0.01,-1,-1,-1,0.01,0.01,0.01,0,0.01,0.01,0.02,0.01,-1,-1,-1,0.04,0.07,0.01,0.01,0.01,0,0,0,0,0.01,0,0.03,0.01,0,0.01,0.01,0,0.01,0,0.02,0.02,0.01,0.02,0.02,0.02,0,0,0.01,0,0.02,0.01,0.01,0.02,0,0.01,0.02,0.01,0.02,0,0.01,0,0.02,0,0,0,0
0,0,0,0,0,0,0,0,0,0,0,0,0,0,0,0,0,0,0,0,0,0,0,0,0,0,0,0,0,0,0,0,0,0,0,0,0,0,0,0,0,0,0,0,0,0,0,0,0,0,0,0,0,0,0.01,0,0,0,0,0,0,0.01,0.02,0.01,0,0.02,0.05,0.03,0.07,0.07,0.1,0.15,0.16,0.07,0.07,0.1,0.07,-1,0.07,0.02,0.03,0,0.03,0.02,0,0,0,0.01,0,0.01,0,0,0,0,0,0,0.01,0,0,0.01,0,0,0,0,0,0,0.01,0,0,0,0,0,0,0.01,0,0,0,0,0,0,0,0.02,0.01,0,0,0.01,0,0,0,0,0,0,0,0,0.01,0.03,0.01,0.01,0,0.02,-1,-1,-1,0.03,0.02,0.01,0.02,0.01,0.02,0.03,0,-1,-1,0.04,0.03,0,0,0,0,0,0,0,0.01,0.01,0,0,0.02,0.02,0.01,0.01,0,0.01,0.01,0.03,0,0.01,0,0,0.01,0.01,0.01,0.01,-1,-1,-1,-1,-1,0.02,0,0.01,0.01,0,0.02,0.01,0,0,0.02,0,0,0
0,0,0,0,0,0,0,0,0,0,0,0,0,0,0,0,0,0,0,0,0,0,0,0,0,0,0,0,0,0,0,0,0,0,0,0,0,0,0,0,0,0,0,0,0,0,0,0,0,0,0,0,0,0,0,0,0,0,0,0.01,0,0.01,0.01,0.01,0.02,0.01,0.02,0.02,0.03,0.05,0.06,0,0.03,0.03,0.02,0.01,0.11,0.08,0.11,0.12,0.02,0,0.02,0.02,0.02,0.01,0.01,0,0,0,0.01,0,0,0,0,0,0,0,0,0,0,0,0,0,0.01,0,0,0,0,0,0,0,0.01,0,0,0,0,0,0,0,0,0,0,0,0,0,0,0.01,0,0,0,0,0,0,0,0.02,0,0.01,0,0.03,0.02,0.06,0,0.03,0.01,0,0.02,0.01,0.01,0.04,-1,-1,-1,0.04,0,0,0.02,0,0,0,0,0,0,0.02,0,0.01,0.01,0.01,0,0.01,0,0,0.03,0.01,0,0,0.01,0.02,0.01,0,0,0,-1,-1,-1,-1,-1,-1,-1,-1,-1,-1,-1,0,0,0,0.03,0.01,0,0
0,0,0,0,0,0,0,0,0,0,0,0,0,0,0,0,0,0,0,0,0,0,0,0,0,0,0,0,0,0,0,0,0,0,0,0,0,0,0,0,0,0,0,0,0,0,0,0,0,0,0,0,0,0,0,0,0,0.01,0,0,0.01,0,0.01,0.01,0.01,0.03,0.01,0,0,0.04,0.04,0.03,0.03,0.03,0.01,0.01,0.01,0.06,0.14,0.13,0.07,0.01,0,0,0.01,0,0.01,0,0,0,0,0,0.01,0,0,0,0,0,0,0,0,0,0,0,0,0,0.01,0.01,0,0.02,0.01,0,0.01,0,0,0,0,0.01,0,0.01,0,0,0,0,0,0,0,0.01,0,0.01,0,0,0,0,0,0,0,0,0,0.03,-1,-1,0.03,-1,-1,-1,0.04,0.02,0,0.02,-1,-1,-1,0,0.02,0.02,0,0.01,0,0,0,0,0.02,0.02,0.01,0.01,0,0,0,0.02,0,0.01,-1,-1,-1,0.02,0,0,0,0.02,0.02,0,-1,-1,-1,0.02,-1,-1,-1,-1,-1,-1,-1,-1,-1,0,0,0,0.01,0
0,0,0,0,0,0,0,0,0,0,0,0,0,0,0,0,0,0,0,0,0,0,0,0,0,0,0,0,0,0,0,0,0,0,0,0,0,0,0,0,0,0,0,0,0,0,0,0,0,0,0,0,0,0,0,0,0,0,0,0,0,0,0,0.01,0.02,0,0.01,0.01,0.01,0,0.01,0.02,0.02,0,0.02,0,0,0.01,0.1,0.1,0.05,0.06,0.01,0,0,0.02,0,0,0.01,0,0,0,0,0,0,0,0,0.01,0,0,0.01,0,0,0.01,0,0,0.01,0,0.01,0,0,0.02,0,0,0,0,0,0.01,0.01,0.01,0,0,0,0,0,0,0.01,0,0,0,0,0,0,0,0,0,0,0,0,0.04,0.01,0.02,0.01,0.03,-1,-1,-1,-1,-1,-1,-1,-1,0.01,0.02,0.01,0.01,0,0,0.01,0.01,0,0,0.02,0,0,0,0,0.01,0,0,0.03,-1,-1,-1,-1,0.02,0,0,0.01,0,0.01,-1,-1,-1,-1,0.01,0,0.01,0,0,0,-1,-1,-1,-1,0,0.01,0,0.01,0
0,0,0,0,0,0,0,0,0,0,0,0,0,0,0,0,0,0,0,0,0,0,0,0,0,0,0,0,0,0,0,0,0,0,0,0,0,0,0,0,0,0.01,0,0,0,0,0,0,0,0,0,0,0,0,0,0,0.02,0,0,0,0.01,0,0,0,0,0,0.01,0,0.01,0,0.01,0,0,0.02,0,0,0,0,0.01,0.07,0.06,0.06,0.04,0.02,0,0.01,0,0.01,0,0,0,0,0,0,0.01,0,0,0,0,0,0,0,0,0,0,0.01,0,0.01,0.01,0.01,0,0.01,0.01,0.01,0,0,0.01,0.02,0.01,0.01,0.01,0,0.02,0,0.02,0.01,0,0.01,0,0,0,0,0,0,0,0,0,0,0.01,0,0,0.02,0,0,0.01,0.01,0.01,-1,-1,-1,-1,-1,0.04,0.01,0,0.02,0.01,-1,-1,-1,-1,-1,0,0,0,0.01,0.02,0,0.03,0.01,0,-1,-1,-1,-1,0.01,0.02,0,0.03,0,0,-1,-1,-1,0,0,-1,0,0.01,0,0.01,0,0,0,0.01,0,0,0,0,0.01
0,0,0,0,0,0,0,0,0,0,0,0,0,0,0,0,0,0,0,0,0,0,0,0,0,0,0,0,0,0,0,0,0,0,0,0,0,0,0,0,0,0,0,0,0,0,0,0,0,0,0,0,0,0,0,0,0,0,0,0,0,0,0,0,0,0,0,0.01,0.01,0,0,0,0.02,0,0,0,0,0,0.01,0,0.09,0.03,0.04,0.01,0.03,0,0,0.01,0,0.01,0,0,0,0,0,0,0.01,0.01,0.01,0,0.02,0,0,0.01,0.01,0,0.01,0,0.01,0,0.01,0.03,0,0,0,0.03,0.04,0.02,0.03,0.01,0.02,0.02,0,0.02,0,0,0.01,0,0,0,0,0,0,0,0,0,0,0,0,0.01,0,0,0.02,0.01,0.01,0,0.01,0,0.04,0.02,-1,0,0.02,0.01,0,0.01,0.03,-1,-1,-1,-1,-1,-1,-1,0.01,0,0.01,0.02,0.01,0,0.01,-1,-1,-1,-1,0,0,0.01,0,0,0,-1,-1,-1,0.01,0,0,0.01,0,0,0,0,0.01,0,0,0,0,0,0,0
0,0,0,0,0,0,0,0,0,0,0,0,0,0,0,0,0,0,0,0,0,0,0,0,0,0,0,0,0,0,0,0,0,0,0,0,0,0,0,0,0,0,0,0,0,0,0,0,0,0,0,0,0,0,0,0,0,0,0,0,0,0,0,0,0,0,0,0,0,0.01,0,0,0,0.01,0,0,0.01,0.02,0.01,0.01,0.01,0.03,0.01,0.01,0.03,0.09,0.01,0,0,0.01,0,0.01,0,0,0,0,0,0,0.01,0,0,0,0,0,0,0,0.03,0.03,0.01,0.04,0.04,0.05,0,0.01,0.02,0.01,0.03,0.01,0.03,0.07,0.06,0,0.03,0.03,0.01,0,0.01,0,0.01,0.03,0,0,0,0,0,0,0,0,0,0,0.02,0,0.01,0,0.01,0,0,0.03,0,-1,-1,0.05,0.02,0.01,0.01,0,0,-1,-1,-1,-1,-1,-1,-1,0,0,0,0,0.01,0.01,-1,-1,-1,-1,0.01,0,0.02,0.01,0.01,0,0,-1,-1,-1,0.02,0,0.01,0,0,0,0.01,0,0,0,0,0.03,0,0,0.01,0
0,0,0,0,0,0,0,0,0,0,0,0,0,0,0,0,0,0,0,0,0,0,0,0,0,0,0,0,0,0,0,0,0,0,0,0,0,0,0,0,0,0,0,0,0,0,0,0,0,0,0,0,0,0,0,0,0,0,0,0,0,0,0,0,0.01,0.01,0,0.01,0,0.01,0,0,0,0,0,0,0,0,0.01,0,0.01,0.01,0.06,0.02,0.01,0,0.03,0,0,0,0,0,0.01,0,0,0,0,0,0,0,0,0.01,0,0,0,0,0.01,0.05,0.02,0.04,0.03,0.04,0.02,0,0.02,0.03,0.09,0.08,0.1,0.07,0.04,0.07,0.03,0.02,0.01,0,0.03,0,0.01,0,0.02,0.01,0,0,0,0,0,0,0,0,0,0.03,0.05,0,0.03,0.02,0.01,0.04,0.01,-1,0.02,0.01,0.01,0.02,0,0.04,-1,-1,-1,-1,-1,-1,-1,0.02,0,0,0,0,0.01,0.01,-1,-1,-1,0,0,0,0.01,0,0,0,-1,-1,-1,0.01,0.01,0,0,0,0.01,0,0.01,0,0.02,0,0,0,0,0,0,0
0,0,0,0,0,0,0,0,0,0,0,0,0,0,0,0,0,0,0,0,0,0,0,0,0,0,0,0,0,0,0,0,0,0,0,0,0,0,0,0,0,0,0,0,0,0,0,0,0,0,0,0.01,0,0,0,0,0,0,0,0,0,0,0,0,0,0,0,0.01,0.02,0,0,0,0,0,0,0,0,0,0,0,0,0.01,0.01,0.04,0.03,0,0.02,0.04,0,0,0,0,0,0,0,0,0,0,0,0,0.02,0,0.01,0.02,0,0.02,0,0.01,0.01,0.07,0.05,0.01,0,0.06,0.06,0.11,0.09,0.09,0.18,0.21,0.1,0.13,0.08,0.07,0.04,0.02,0.02,0.01,0,0.01,0,0,0,0,0,0,0,0,0,0,0,-1,-1,-1,0.02,0.02,0,0.01,-1,-1,0.05,0.02,0.01,0.01,0,0.03,-1,-1,-1,-1,-1,-1,-1,0,0,0.01,0,0,0,0.01,-1,-1,-1,0.01,0,0.02,0,0,0,0,-1,-1,-1,0.01,0,0.01,0.01,0,-1,-1,0,0,0,0,0,0,0,0,0,0
0,0,0,0,0,0,0,0,0,0,0,0,0,0,0,0,0,0,0,0,0,0,0,0,0,0,0,0,0,0,0,0,0,0,0,0,0,0,0,0,0,0,0,0,0,0,0,0,0,0,0,0,0,0,0,0,0,0,0,0,0,0,0,0,0,0,0,0,0,0,0,0,0,0,0,0,0,0,0,0.01,0,0,0,0,0.02,0.04,0,0.03,0.02,0,0,0,0,0,0,0,0.01,0,0,0,0,0,0.01,0,0,0.01,0.02,0.01,0.04,0.04,0.05,0.02,0.04,0.07,0.12,0.07,0.17,0.29,0.31,0.27,0.32,0.11,0.11,0.07,0.02,0.02,0,0,0.01,0.01,0.01,0.01,0,0,0,0,0,0,0,0,0,-1,-1,-1,-1,-1,-1,0.01,-1,-1,0,0,0.02,0,0.02,0.01,-1,-1,-1,-1,-1,-1,-1,0.01,0,0.01,0,0,0.01,0.02,-1,-1,-1,0.01,0.01,0.01,0.01,0.01,0.01,0,-1,-1,0,0.01,0,0,0.01,0.01,-1,0,-1,0,0.01,0,0,0,0,0,0,0
0,0,0,0,0,0,0,0,0,0,0,0,0,0,0,0,0,0,0,0,0,0,0,0,0,0,0,0,0,0,0,0,0,0,0,0,0,0,0,0,0,0,0,0,0,0,0,0,0,0,0,0,0,0,0,0,0,0,0,0,0,0,0,0,0,0,0,0,0,0,0,0,0,0,0,0,0,0,0,0,0,0,0,0,0,0.02,0.04,0,0.01,0.01,0,0.01,0,0,0,0,0,0,0,0.01,0.01,0,0,0,0.01,0.01,0,0.01,0.02,0.05,0.06,0.04,0.01,0.05,0.14,0.22,0.33,0.55,0.65,0.64,0.43,0.21,0.18,0.08,0.07,0.07,0.04,0,0.01,0.01,0,0,0,0,0,0,0,0,0,0,0,0.04,0,0,-1,-1,-1,-1,-1,0.02,0,0.01,0,0.01,0,-1,-1,-1,-1,-1,-1,-1,-1,0.01,0.01,0,0.01,0,0.02,0,0,-1,0.03,0,0.01,0,0,0,0.01,-1,-1,-1,0.01,0,0,0,0,0,0,-1,-1,0.01,0,0,0,0,0,0,0,0
0,0,0,0,0,0,0,0,0,0,0,0,0,0,0,0,0,0,0,0,0,0,0,0,0,0,0,0,0,0,0,0,0,0,0,0,0,0,0,0,0,0,0,0,0,0,0,0,0,0,0,0,0,0,0,0,0,0,0,0,0,0,0,0,0,0,0,0,0,0,0,0,0,0,0,0,0,0.01,0,0,0,0,0,0,0,0,0.01,0.03,0,0,0.02,0.02,0,0,0,0.01,0,0,0,0,0,0.01,0,0.01,0.02,0.01,0,0.02,0.03,0.04,0.02,0.03,0.05,0.07,0.14,0.23,0.42,0.48,0.64,0.73,0.44,0.26,0.24,0.15,0.06,0.02,0.03,0.03,0,0,0,0,0,0,0,0,0,0,0,0,0,0,0,0,0,0,0.03,-1,-1,0.01,0.01,0,0.01,0.02,0.02,0,-1,-1,-1,-1,-1,-1,-1,0,0,0.01,0,0.01,0.01,0,0,0,0,0,0.02,0,0.01,0,0,-1,-1,-1,0,0,0.02,0,0,0,0.01,0,0.01,0,0,0,0,0,0,0,0,0
0,0,0,0,0,0,0,0,0,0,0,0,0,0,0,0,0,0,0,0,0,0,0,0,0,0,0,0,0,0,0,0,0,0,0,0,0,0,0,0,0,0,0,0,0,0,0,0,0,0,0,0,0,0,0,0,0,0,0,0,0,0,0,0,0,0,0,0,0,0,0,0,0,0,0,0,0,0,0,0,0,0,0,0,0,0.02,0.01,0.01,0.02,0,0,0.01,0,0,0,0,0,0,0,0,0,0,0,0,0,0.01,0.01,0.03,0.01,0.02,0.02,0,0.05,0.07,0.17,0.28,0.5,0.61,-1,-1,-1,-1,0.21,0.13,0.08,0.06,0.05,0.03,0.01,0.02,0,0.01,0,0,0,0,0,0,0,0,0,0,0,0,0,0,0,0,0,0,0,0,0.01,0.01,0.01,0,0.02,0,0,0.01,-1,-1,-1,0,0,0,0,0,0,0,0,0.01,0.01,0,0,0,0,0.01,0,-1,-1,0,0,0,0.01,0,0.02,0.01,0,0,0,0,0,0,0,0,0,0,0,0
0,0,0,0,0,0,0,0,0,0,0,0,0,0,0,0,0,0,0,0,0,0,0,0,0,0,0,0,0,0,0,0,0,0,0,0,0,0,0,0,0,0,0,0,0,0,0,0,0,0,0,0,0,0,0,0,0,0,0,0,0,0,0,0,0,0,0,0,0,0,0,0,0,0,0,0,0,0,0,0,0,0,0,0,0,0,0,0,0,0.02,0,0,0.03,0.04,0,0.01,0,0,0,0.02,0,0,0,0.01,0.01,0.01,0,0.01,0.04,0,0,0.03,0.05,0.07,0.1,0.27,0.35,0.39,0.550000000000001,0.49,0.38,-1,0.24,0.25,0.07,0.05,0.04,0,0,0.01,0,0,0,0,0,0,0,0,0,0,0,0,0,0,0,0,0,0,0,0,0,0,0,0.01,0.01,0,0,0.01,0.01,0.01,0.02,0,0,0.01,0,0,0.01,0.01,0.02,0.01,0,0.01,0.01,0,0,0.01,0.01,0.01,-1,-1,-1,0,0,0.01,0,0.01,0,0,0,0,0,0,0,0,0,0,0,0,0,0
0,0,0,0,0,0,0,0,0,0,0,0,0,0,0,0,0,0,0,0,0,0,0,0,0,0,0,0,0,0,0,0,0,0,0,0,0,0,0,0,0,0,0,0,0,0,0,0,0,0,0,0,0,0,0,0,0,0,0,0,0,0,0,0,0,0,0,0,0,0,0,0,0,0,0,0,0.01,0,0,0,0,0,0,0.01,0,0,0,0,0,0,0.01,0,0,0.02,0,0,0,0,0,0,0.01,0,0,0.01,0.02,0,0.02,0.03,0.02,0.01,0.01,0.01,0.03,0.12,0.12,0.06,0.15,0.37,0.4,0.44,0.25,0.24,0.17,0.24,0.02,0.06,0.01,0.01,0.01,0,0,0,0,0,0,0,0,0,0,0,0,0,0,0,0,0,0,0,0,0,0,-1,-1,-1,0.01,0.01,0.03,0.02,0.02,0.03,0,0.01,0,0,0.01,0,0,0,0,0,0.02,0,0,0,0.01,0,0,0,-1,-1,0.01,0,0,0,0,0,0,0,0,0,0,0,0,0,0,0,0,0,0,0
0,0,0,0,0,0,0,0,0,0,0,0,0,0,0,0,0,0,0,0,0,0,0,0,0,0,0,0,0,0,0,0,0,0,0,0,0,0,0,0,0,0,0,0,0,0,0,0,0,0,0,0,0,0,0,0,0,0,0,0,0,0,0,0,0,0,0,0,0,0,0,0,0,0,0,0,0,0,0,0,0,0,0,0,0,0,0,0.01,0,0,0,0.01,0,0,0,0.01,0,0,0,0,0,0,0,0.01,0,0.01,0,0.01,0,0.01,0.01,0,0.05,0.03,0.04,0.08,0.14,0.16,0.22,0.17,0.18,0.15,0.08,0.12,0.07,0.01,0.03,0,0.02,0,0,0.01,0,0,0,0,0,0,0,0,0,0,0,0,0,0,0,0,0,0,0,0,0.01,-1,0,0,0,0,0.01,0,0,0,0,0,0,0,0,0,0,0,0,0,0,0,0.02,0,0,-1,-1,-1,0,-1,-1,0,0,0,0,0,0,0,0,0,0,0,0,0,0,0,0,0
0,0,0,0,0,0,0,0,0,0,0,0,0,0,0,0,0,0,0,0,0,0,0,0,0,0,0,0,0,0,0,0,0,0,0,0,0,0,0,0,0,0,0,0,0,0,0,0,0,0,0,0,0,0,0,0,0,0,0,0,0,0,0,0,0,0,0,0,0,0,0,0,0,0,0,0,0,0,0,0,0,0,0,0,0,0,0,0,0,0,0,0,0,0,0.01,0,0.03,0,0,0.01,0,0.01,0,0,0.01,0,0,0,0,0.02,0.01,0.01,0.02,0.03,0.05,0.06,0.09,0.09,0.1,0.12,0.1,0.05,0.0900000000000001,0.04,0.02,0.01,0.02,0.03,0,0.02,0,0,0.01,0,0,0,0,0,0,0,0,0,0,0,0,0,0,0,0,0,0,0,0,0,0,0.02,0,0,0,0,0,0,0,0,0,0,0,0,0,0,0,0,0,0,0,0,0,0,0,0,0,-1,-1,-1,-1,-1,-1,0,0,-1,-1,0,0,0,0,0,0,0,0,0
0,0,0,0,0,0,0,0,0,0,0,0,0,0,0,0,0,0,0,0,0,0,0,0,0,0,0,0,0,0,0,0,0,0,0,0,0,0,0,0,0,0,0,0,0,0,0,0,0,0,0,0,0,0,0,0,0,0,0,0,0,0,0,0,0,0,0,0,0,0,0,0,0,0,0,0,0,0,0,0,0,0,0,0,0,0,0,0,0,0,0,0,0.01,0.01,0,0,0,0.03,0,0,0,0.02,0,0.02,0,0,0.01,0,0.02,0,0.01,0.01,0.03,0.03,0.05,0.03,0.08,0.06,0.06,0.02,0.03,0.03,0.08,0.02,0.01,0.03,0.01,0,0.01,0.01,0.02,0,0,0,0,0,0,0,0,0,0,0,0,0,0,0,0,0,0,0,0,0,0,0,0,0,0,0,0,0,0,0,0,0,0,0,0,0,0,0,0,0,0,0,0,0,0,0,0,0,0,0,-1,-1,-1,-1,-1,-1,-1,-1,-1,0,0,0,0,0,0,0,0,0
0,0,0,0,0,0,0,0,0,0,0,0,0,0,0,0,0,0,0,0,0,0,0,0,0,0,0,0,0,0,0,0,0,0,0,0,0,0,0,0,0,0,0,0,0,0,0,0,0,0,0,0,0,0,0,0,0,0,0,0,0,0,0,0,0,0,0,0,0,0,0,0,0,0,0,0,0,0,0,0,0,0,0,0.01,0,0,0,0,0,0,0,0,0,0,0,0,0,0,0.01,0.01,0.01,0,0.01,0,0,0,0,0,0,0,0,0.01,0.01,0.02,0,0.02,0.01,0.03,0.01,0.03,0.03,0.04,0.01,0.02,0.01,0.01,0,0.01,0.02,0.01,0,0,0,0,0,0,0,0,0,0,0,0,0,0,0,0,0,0,0,0,0,0,0,0,0,0,0,0,0,0,0,0,0,0,0,0,0,0,0,0,0,0,-1,0,0,0,0,0,0,0,0,0,0,0,0,0,-1,-1,-1,-1,0,0,0,0,0,0,0,0,0,0
0,0,0,0,0,0,0,0,0,0,0,0,0,0,0,0,0,0,0,0,0,0,0,0,0,0,0,0,0,0,0,0,0,0,0,0,0,0,0,0,0,0,0,0,0,0,0,0,0,0,0,0,0,0,0,0,0,0,0,0,0,0,0,0,0,0,0,0,0,0,0,0,0,0,0,0,0,0,0,0,0,0,0,0,0,0,0,0.01,0,0,0,0,0,0,0,0,0,0,0,0,0.02,0,0.01,0,0,0,0,0,0,0.01,0.01,0.02,0.02,0,0,0.02,0.01,0.03,0.05,0.01,0.03,0.02,0.01,0,0.03,0.02,0,0,0,0,0.01,0,0,0,0,0,0,0,0,0,0,0,0,0,0,0,0.01,0,0.02,0,0.02,0,0,0,0,0,0,0,0,0,0,0,0,0,0,0,0,-1,0,0,0,0,0,0,0,0,0,0,0,0,0,0,0,0,0,0,0,0,0,0,0,0,0,0,0,0,0,0,0,0
0,0,0,0,0,0,0,0,0,0,0,0,0,0,0,0,0,0,0,0,0,0,0,0,0,0,0,0,0,0,0,0,0,0,0,0,0,0,0,0,0,0,0,0,0,0,0,0,0,0,0,0,0,0,0,0,0,0,0,0,0,0,0,0,0,0,0,0,0,0,0,0,0,0,0,0,0,0,0,0,0,0,0,0.01,0,0,0,0,0,0,0,0,0,0,0,0,0.01,0,0,0,0.01,0.01,0,0,0,0,0,0,0,0,0.01,0,0,0,0.01,0.01,0.01,0,0,0,0.01,0.02,0.02,0,0.01,0,0,0,0.01,0,0,0,0.01,0,0,0,0,0,0,0,0,0,0,0,0,0,0.02,-1,-1,-1,0,0,0,0,0,0,0,0,0,0,0,0,0,0,0,0,0,0,0,0,0,0,0,0,0,0,0,0,0,0,0,0,0,0,0,0,0,0,0,0,0,0,0,0,0,0,0,0,0,0
0,0,0,0,0,0,0,0,0,0,0,0,0,0,0,0,0,0,0,0,0,0,0,0,0,0,0,0,0,0,0,0,0,0,0,0,0,0,0,0,0,0,0,0,0,0,0,0,0,0,0,0,0,0,0,0,0,0,0,0,0,0,0,0,0,0,0,0,0,0,0,0,0,0,0,0,0,0,0,0,0,0,0,0,0,0.01,0,0,0,0,0,0,0,0,0,0,0,0,0,0,0,0,0,0,0,0,0,0,0,0,0,0,0,0,0.01,0,0.03,0.02,0.01,0.01,0.01,0,0,0,0,0,0.01,0,0,0,0,0,0.01,0,0,0,0,0,0,0,0,0,0,0,0,0,0.02,-1,-1,0,0.01,0.01,0,0,0,0,0,0,0,0,0,0,0,0,0,0,0,0,0,0,0,0,0,0,0,0,0,0,0,0,0,0,0,0,0,0,0,0,0,0,0,0,0,0,0,0,0,0,0,0
0,0,0,0,0,0,0,0,0,0,0,0,0,0,0,0,0,0,0,0,0,0,0,0,0,0,0,0,0,0,0,0,0,0,0,0,0,0,0,0,0,0,0,0,0,0,0,0,0,0,0,0,0,0,0,0,0,0,0,0,0,0,0,0,0,0,0,0,0,0,0,0,0,0,0,0,0,0,0,0,0,0,0,0,0,0,0,0,0,0,0,0,0,0,0,0,0,0,0.01,0.01,0,0,0,0,0,0,0,0,0.01,0,0.01,0,0,0,0,0,0,0,0.02,0,0.01,0,0.01,0,0,0.01,0,0,0,0,0,0,0,0,0,0,0,0,0,0,0,0,0,0,0,0.01,-1,-1,-1,0.01,0.02,0,0.02,0,0,0,0,0,0,0,0,-1,0,0,0,0,0,0,0,0,0,0,0,0,0,0,0,0,0,0,0,0,0,0,0,0,0,0,0,0,0,0,0,0,0,0,0,0,0,0
0,0,0,0,0,0,0,0,0,0,0,0,0,0,0,0,0,0,0,0,0,0,0,0,0,0,0,0,0,0,0,0,0,0,0,0,0,0,0,0,0,0,0,0,0,0,0,0,0,0,0,0,0,0,0,0,0,0,0,0,0,0,0,0,0,0,0,0,0,0,0,0,0,0,0,0,0,0,0,0,0,0,0,0,0,0,0,0,0,0,0,0,0,0,0,0,0,0,0,0,0,0,0,0,0,0,0,0,0,0,0,0,0,0.01,0,0,0,0,0.01,0.01,0.02,0.02,0.01,0.01,0.02,0.01,0,0,0,0,0,0,0,0,0,0,0,0,0,0,0,0,0,0,0,0.01,-1,-1,-1,0.01,0.02,0,0,0,0,0,0,0.01,0,0,0,-1,0,0,0,0,0,0,0,0,0,0,0,0,0,0,0,0,0,0,0,0,0,0,0,0,0,0,0,0,0,0,0,0,0,0,0,0,0,0
0,0,0,0,0,0,0,0,0,0,0,0,0,0,0,0,0,0,0,0,0,0,0,0,0,0,0,0,0,0,0,0,0,0,0,0,0,0,0,0,0,0,0,0,0,0,0,0,0,0,0,0,0,0,0,0,0,0,0,0,0,0,0,0,0,0,0,0,0,0,0,0,0,0,0,0,0,0,0,0,0,0,0,0,0,0,0,0,0,0,0,0,0,0,0,0.01,0,0,0,0,0,0,0,0,0,0,0,0,0,0,0,0,0,0.01,0,0,0,0,0,0,0,0,0,0.01,0,0.01,0,0,0.01,0,0,0,0,0,0,0,0,0,0,0,0,0,0,0,0,0.01,0,-1,0.01,0,0.01,0.01,0,0,0,0.01,0.01,0,0,0,-1,0,0,0,0,0,0,0,0,0,0,0,0,0,0,0,0,0,0,0,0,0,0,0,0,0,0,0,0,0,0,0,0,0,0,0,0,0,0,0
0,0,0,0,0,0,0,0,0,0,0,0,0,0,0,0,0,0,0,0,0,0,0,0,0,0,0,0,0,0,0,0,0,0,0,0,0,0,0,0,0,0,0,0,0,0,0,0,0,0,0,0,0,0,0,0,0,0,0,0,0,0,0,0,0,0,0,0,0,0,0,0,0,0,0,0,0,0,0,0,0,0,0,0,0,0,0,0,0,0,0,0,0,0,0,0,0,0,0,0,0,0,0,0,0.01,0,0,0,0,0,0,0,0,0,0,0,0,0.01,0,0,0,0,0,0,0,0,0,0.01,0,0,0,0,0,0,0,0,0,0,0,0,0,0,0,0,0,0,0,0.01,0,0,0.01,0.02,0,0.01,0,0,0,0,0,0,-1,-1,0,0,0,0,0,0,0,0,0,0,0,0,0,0,0,0,0,0,0,0,0,0,0,0,0,0,0,0,0,0,0,0,0,0,0,0,0,0
0,0,0,0,0,0,0,0,0,0,0,0,0,0,0,0,0,0,0,0,0,0,0,0,0,0,0,0,0,0,0,0,0,0,0,0,0,0,0,0,0,0,0,0,0,0,0,0,0,0,0,0,0,0,0,0,0,0,0,0,0,0,0,0,0,0,0,0,0,0,0,0,0,0,0,0,0,0,0,0,0,0,0,0,0,0,0,0,0,0,0,0,0,0,0,0,0,0,0,0,0,0,0,0,0,0,0,0,0,0,0,0,0,0,0,0,0,0,0,0,0,0,0,0,0,0,0.01,0,0,0,0,0,0,0,0,0,0,0,0,0,0,0,0,0,0,0,0,0,0,0,0,0,0,0,0,0,0,0,0,0,0,0,0,0,0,0,0,0,0,0,0,0,0,0,0,0,0,0,0,0,0,0,0,0,0,0,0,0,0,0,0,0,0,0,0,0,0,0,0,0
0,0,0,0,0,0,0,0,0,0,0,0,0,0,0,0,0,0,0,0,0,0,0,0,0,0,0,0,0,0,0,0,0,0,0,0,0,0,0,0,0,0,0,0,0,0,0,0,0,0,0,0,0,0,0,0,0,0,0,0,0,0,0,0,0,0,0,0,0,0,0,0,0,0,0,0,0,0,0,0,0,0,0,0,0,0,0,0,0.01,0,0,0,0,0,0,0,0,0,0,0,0,0,0,0,0,0,0,0,0,0,0,0,0,0,0,0,0,0.01,0,0,0,0,0,0,0,0,0,0,0,0,0,0,0,0,0,0,0,0,0,0,0,0,0,0,0,0,0,0,0,0,0,0,0,0.01,0.01,0,0,0,0,0,0,0,0,0,0,0,0,0,0,0,0,0,0,0,0,0,0,0,0,0,0,0,0,0,0,0,0,0,0,0,0,0,0,0,0,0,0,0,0,0
0,0,0,0,0,0,0,0,0,0,0,0,0,0,0,0,0,0,0,0,0,0,0,0,0,0,0,0,0,0,0,0,0,0,0,0,0,0,0,0,0,0,0,0,0,0,0,0,0,0,0,0,0,0,0,0,0,0,0,0,0,0,0,0,0,0,0,0,0,0,0,0,0,0,0,0,0,0,0,0,0,0,0,0,0,0,0,0,0,0,0,0,0,0,0,0,0,0,0,0,0,0,0,0,0,0,0,0,0,0,0,0,0,0,0,0,0.01,0,0,0,0,0,0,0,0,0,0,0,0,0,0,0,0,0,0,0,0,0,0,0,0,0,0,0,0,0,0,0,0,0,0,0,0,0,0,0.01,0,0,0,0,0,0,0,0,0,0,0,0,0,0,0,0,0,0,0,0,0,0,0,0,0,0,0,0,0,0,0,0,0,0,0,0,0,0,0,0,0,0,0,0
