0.0266666666666667,0.0533333333333334,0.0733333333333334,0.1,0.06,0.106666666666667,0.0533333333333333,0.0733333333333333,0.133333333333333,0.133333333333333,0.186666666666667,0.206666666666667,0.18,0.146666666666667,0.16,0.106666666666667,0.146666666666667,0.106666666666667,0.126666666666667,0.153333333333333,0.113333333333333,0.08,0.133333333333333,0.0933333333333333,0.106666666666667,0,0.02,0.00666666666666667,0.0466666666666667,0.0133333333333333,0,0.0133333333333333,0,0.00666666666666667,0.00666666666666667,0,0,0,0,0,0,0,0.00666666666666667,0,0,0.00666666666666667,0.02,0.0333333333333333,0,0,0,0,0,0,0,0,0,0,0,0,0,-1,-1,-1,-1,-1,-1,-1,-1,0,0,0,0,0,0,0,0,0,0,0,0,0,0,0,0,0,0,0,0,0,0,0,-1,-1,-1,-1,-1,0,0,0,0,0,0,0,0,0,0,0,0,0,0,0,0,-1,-1,-1,-1,-1,0,0,0,-1,-1,0,0,0,0,0,-1,-1,-1,-1,-1,-1,-1,-1,0,0,-1,-1,-1,-1,-1,-1,0,0,0,0,0,0,0,0,0,0,0,0,0,0,0,0,-1,0,0,0,0,-1,-1,0,-1,-1,-1,-1,-1,-1,-1,-1,0,0,0,0,0,0,0,0,0,0,0,0,0,0,0,0,0,0,0,0,0,0,0,0
0.0733333333333333,0.0466666666666667,0.113333333333333,0.0933333333333334,0.08,0.1,0.0733333333333333,0.0733333333333333,0.16,0.2,0.153333333333333,0.153333333333333,0.18,0.193333333333333,0.16,0.153333333333333,0.126666666666667,0.186666666666667,0.146666666666667,0.14,0.113333333333333,0.126666666666667,0.08,0.153333333333333,0.0266666666666667,0.0333333333333333,0.0133333333333334,0.0333333333333333,0.02,0.0133333333333333,0.0333333333333333,0.0133333333333333,0.0133333333333333,0.00666666666666667,0,0.0133333333333333,0,0.00666666666666667,0,0.00666666666666668,0.00666666666666667,0,0,0.0133333333333333,0.0466666666666667,0.00666666666666667,0.02,0.0266666666666667,0.02,0,0,0,0,0,0,0,0,0,0,0,0,-1,-1,-1,-1,-1,-1,-1,-1,0,0,0,0,0,0,0,0,0,0,0,0,0,0,0,0,0,0,0,0,0,0,0,0,0,0,0,0,0,0,-1,-1,-1,-1,-1,0,0,0,0,0,0,0,0,0,-1,-1,-1,-1,-1,-1,-1,-1,-1,-1,0,0,0,0,0,-1,-1,-1,-1,-1,-1,-1,-1,0,0,-1,-1,-1,-1,-1,-1,0,0,0,0,0,-1,-1,-1,-1,-1,-1,0,0,0,0,0,-1,0,0,0,0,0,0,0,-1,-1,-1,-1,0,0,0,0,0,0,0,0,0,0,0,0,0,0,0,0,0,0,0,0,0,0,0,0,0,0,0,0
0.0533333333333333,0.12,0.113333333333333,0.0666666666666666,0.12,0.1,0.1,0.0733333333333333,0.2,0.16,0.18,0.16,0.206666666666667,0.166666666666667,0.173333333333333,0.18,0.153333333333333,0.173333333333333,0.133333333333333,0.166666666666667,0.0866666666666667,0.153333333333333,0.113333333333333,0.02,0.0533333333333333,0.0266666666666667,0.04,0.0266666666666667,0,0.0133333333333333,0.02,0.0133333333333333,0.0133333333333333,0.00666666666666667,0,0.00666666666666667,0.00666666666666667,0,0,0.0133333333333333,0,0.02,0.02,0.0466666666666667,0.0266666666666667,0.0266666666666667,0.02,0.02,0.0133333333333333,0,0,0,0,0,0,0,0,0,0,0,0,-1,-1,-1,-1,-1,-1,-1,-1,0,0,0,0,0,0,0,0,0,0,0,0,0,0,0,0,-1,-1,-1,-1,0,0,0,0,0,0,0,0,0,0,0,0,0,0,0,0,0,0,0,0,0,0,0,0,0,-1,-1,0,-1,-1,-1,-1,-1,0,0,0,0,0,0,0,0,0,0,0,0,0,0,0,0,0,0,0,0,0,0,0,0,0,0,0,0,0,0,0,0,0,0,0,0,0,0,-1,0,0,0,0,0,0,0,0,0,0,0,0,0,0,0,0,0,0,0,0,0,0,0,0,0,0,0,0,0,0,0,0,0,0,0,0,0,0,0
0.12,0.0733333333333333,0.16,0.08,0.0933333333333334,0.106666666666667,0.126666666666667,0.14,0.166666666666667,0.186666666666667,0.233333333333333,0.166666666666667,0.246666666666667,0.126666666666667,0.193333333333333,0.2,0.166666666666667,0.14,0.18,0.206666666666667,0.106666666666667,0.14,0.0466666666666667,0.0333333333333333,0.06,0.0333333333333333,0.0266666666666667,0.00666666666666668,0.0266666666666667,0.02,0.02,0,0.0133333333333333,0.0133333333333333,0,0.0133333333333333,0,0,0.00666666666666667,0.0533333333333333,0.06,0.0666666666666666,0.06,0.0266666666666667,0.04,0.02,0.0133333333333333,0.0133333333333333,0.0333333333333333,0.0266666666666667,0,0,0,0,0,0,0,0,0,0,0,0,0,0,0,0,0,-1,-1,-1,-1,-1,-1,-1,-1,-1,-1,0,0,0,0,0,0,0,0,-1,-1,-1,-1,-1,-1,-1,0,0,0,0,0,0,-1,-1,-1,-1,-1,-1,-1,-1,0,0,0,0,0,0,0,0,0,0,0,-1,0,0,-1,-1,0,0,0,0,0,-1,-1,-1,-1,-1,-1,-1,0,0,-1,-1,-1,-1,-1,-1,-1,0,0,0,0,0,0,0,0,0,0,0,0,0,0,0,0,0,-1,0,0,0,0,-1,0,-1,-1,0,0,0,0,0,0,0,0,0,0,0,0,0,0,0,0,0,0,0,0,0,0,0,0,0,0,0,0,0,0,0
0.133333333333333,0.146666666666667,0.14,0.08,0.173333333333333,0.14,0.166666666666667,0.2,0.233333333333333,0.28,0.246666666666667,-1,-1,-1,0.193333333333333,0.186666666666667,0.226666666666667,0.16,0.153333333333333,0.22,0.14,0.0733333333333333,0.06,0.0666666666666666,0.08,0.0466666666666667,0.0533333333333334,0.0266666666666667,0.0133333333333333,0.02,0.0266666666666667,0.00666666666666667,0,0,0.0133333333333333,0.0266666666666667,0.0666666666666666,0.0933333333333334,0.0266666666666667,0.0666666666666667,0.0666666666666667,0.02,0.0533333333333333,0.0333333333333333,0.0333333333333333,0.04,0.0466666666666667,0.0333333333333333,0.00666666666666667,0.0133333333333333,0,0,0,0,0,-1,-1,-1,-1,-1,-1,-1,-1,-1,-1,0,0,-1,-1,-1,-1,-1,-1,-1,-1,-1,-1,0,0,0,0,0,0,0,0,0,0,0,-1,-1,-1,-1,-1,-1,-1,0,0,0,-1,-1,-1,-1,-1,-1,-1,-1,0,0,0,0,0,0,0,0,0,0,0,0,0,0,0,0,0,0,0,0,0,-1,-1,-1,-1,-1,-1,-1,0,0,-1,-1,-1,-1,-1,-1,-1,0,0,0,0,0,0,0,0,0,0,0,0,0,0,0,0,0,-1,0,0,0,0,-1,-1,-1,-1,-1,0,0,0,0,0,0,0,0,0,0,0,0,0,0,0,0,0,0,0,0,0,0,0,0,0,0,0,0,0,0
0.14,0.0666666666666667,0.166666666666667,0.266666666666667,0.146666666666667,0.166666666666667,0.186666666666667,0.246666666666667,0.28,0.333333333333333,-1,-1,0.293333333333333,0.186666666666667,0.18,0.166666666666667,0.226666666666667,0.153333333333333,0.226666666666667,0.226666666666667,0.0933333333333334,0.0733333333333333,0.0933333333333333,0.04,0.08,0.0533333333333333,0.0133333333333333,0.0666666666666667,0.0266666666666667,0.0333333333333333,0.0133333333333333,0.0133333333333333,0.00666666666666668,0.0133333333333333,0.0733333333333333,0.06,0.0666666666666666,0.0666666666666667,0.0733333333333333,0.0733333333333333,0.0533333333333334,0.0533333333333334,0.0266666666666667,0.0266666666666667,0.02,0.02,0.0266666666666667,0.0333333333333333,0.00666666666666667,0.0266666666666667,0,0,0,0,0,-1,-1,-1,-1,-1,-1,-1,-1,-1,-1,0,0,-1,-1,-1,-1,-1,-1,-1,-1,-1,-1,0,0,0,0,0,0,0,0,0,0,0,0,0,0,0,-1,-1,-1,0,0,0,-1,-1,-1,-1,-1,-1,-1,-1,0,0,0,0,0,0,0,0,0,0,0,0,0,0,0,0,0,0,0,0,0,0,0,0,0,0,0,0,0,0,0,0,0,0,0,0,0,0,0,0,0,0,0,0,0,0,0,0,0,0,0,0,0,0,-1,0,0,0,0,0,0,-1,-1,-1,0,0,0,0,0,0,0,0,0,0,0,0,0,0,0,0,0,0,0,0,0,0,0,0,0,0,0,0,0,0
0.1,0.153333333333333,0.133333333333333,0.2,0.213333333333333,0.24,0.28,0.213333333333333,0.246666666666667,0.32,0.306666666666667,-1,0.3,0.313333333333333,0.26,0.233333333333333,0.253333333333333,0.206666666666667,0.16,0.14,0.133333333333333,0.0666666666666667,0.04,0.0733333333333333,0.0666666666666666,0.06,0.02,0.0333333333333333,0.0466666666666667,0.0466666666666667,0.0133333333333333,0.0666666666666667,0.0733333333333333,0.0866666666666667,0.0666666666666667,0.04,0.08,0.0466666666666667,0.04,0.02,0.0533333333333334,0.06,0.0333333333333333,0.0466666666666667,0.06,0.0333333333333333,0.0266666666666667,0.0666666666666667,0.0533333333333334,0.0266666666666667,0.0266666666666667,0,0,0,0,0,0,0,0,0,0,0,0,0,0,0,0,-1,-1,-1,-1,-1,-1,-1,-1,-1,0,0,0,0,0,0,0,0,0,0,0,0,0,0,0,0,0,0,0,0,0,0,-1,-1,-1,-1,-1,-1,-1,-1,0,0,0,0,0,0,-1,-1,-1,-1,-1,-1,-1,-1,-1,-1,-1,-1,-1,-1,0,0,-1,-1,-1,-1,-1,-1,-1,-1,-1,-1,-1,-1,-1,-1,-1,-1,-1,0,0,0,0,-1,-1,-1,-1,-1,-1,-1,-1,-1,-1,-1,-1,0,0,0,0,-1,-1,0,-1,-1,0,0,0,0,0,0,0,0,0,0,0,0,0,0,0,0,0,0,0,0,0,0,0,0,0,0,0,0,0,0
0.133333333333333,0.253333333333333,0.186666666666667,0.18,0.286666666666667,0.34,0.326666666666667,0.28,0.3,0.38,0.26,-1,0.293333333333333,0.306666666666667,0.24,0.273333333333333,0.246666666666667,0.26,0.126666666666667,0.173333333333333,0.153333333333333,0.113333333333333,0.0733333333333333,0.0666666666666666,0.0466666666666667,0.06,0.0466666666666666,0.00666666666666667,0.0266666666666667,0.106666666666667,0.0866666666666667,0.0733333333333333,0.0933333333333333,0.06,0.06,0.0533333333333334,0.0533333333333333,0.1,0.0333333333333333,0.0466666666666667,0.0333333333333333,0.0466666666666667,0.0466666666666667,0.0533333333333334,0.02,0.04,0.0333333333333333,0,0.0466666666666667,0.0266666666666667,0.0266666666666667,0,0,0,0,0,0,0,0,0,0,0,0,0,0,0,0,-1,-1,-1,-1,-1,-1,-1,-1,-1,0,0,0,0,0,0,0,0,0,0,0,0,0,0,0,0,0,0,0,0,0,0,-1,-1,-1,-1,-1,-1,-1,-1,0,0,0,0,0,0,-1,-1,-1,-1,-1,-1,-1,-1,-1,-1,-1,-1,-1,-1,0,0,-1,-1,-1,-1,-1,-1,-1,-1,-1,-1,-1,-1,-1,-1,-1,-1,-1,0,0,-1,-1,-1,-1,-1,-1,-1,-1,-1,-1,-1,-1,-1,-1,0,0,0,0,-1,0,0,0,-1,0,0,0,0,0,0,0,0,0,0,0,0,0,0,0,0,0,0,0,0,0,0,0,0,0,0,0,0,0,0
0.186666666666667,0.16,0.286666666666667,0.306666666666667,0.226666666666667,0.28,0.366666666666667,0.313333333333334,0.333333333333333,0.393333333333333,0.386666666666667,-1,-1,0.313333333333333,0.353333333333333,0.36,0.3,0.226666666666667,0.22,0.16,0.0933333333333333,0.113333333333333,0.0933333333333333,0.08,0.0866666666666667,0.0733333333333333,0.126666666666667,0.12,0.106666666666667,0.106666666666667,0.0933333333333333,0.0933333333333333,0.0933333333333334,0.0533333333333334,0.126666666666667,0.0666666666666666,0.0666666666666667,0.06,0.02,0.0333333333333333,0.0266666666666667,0.0266666666666667,0.0266666666666667,0.0333333333333333,0.04,0.0333333333333333,0.06,0.0466666666666667,0.0533333333333334,0.0266666666666667,0.02,0,0,0,0,0,0,0,0,0,0,0,0,0,0,0,0,0,0,0,0,0,0,0,0,0,0,0,0,0,0,0,0,0,0,0,0,0,0,0,0,0,0,0,0,0,0,0,0,0,0,0,0,0,0,0,0,0,0,0,0,0,-1,-1,-1,-1,-1,-1,-1,-1,-1,-1,-1,-1,-1,-1,0,0,-1,-1,-1,-1,-1,-1,-1,-1,-1,-1,-1,-1,-1,-1,-1,-1,-1,0,0,-1,-1,-1,-1,-1,-1,-1,-1,-1,0,0,0,0,-1,0,0,0,0,-1,0,0,0,0,0,0,0,0,0,-1,-1,-1,-1,0,0,0,0,0,0,0,0,0,0,0,0,0,0,0,0,0,0,0,0,0
0.206666666666667,0.293333333333333,0.26,0.34,0.353333333333333,0.326666666666667,0.48,0.493333333333334,0.406666666666667,-1,0.366666666666666,-1,-1,-1,-1,-1,0.373333333333333,0.213333333333333,0.22,0.18,0.14,0.133333333333333,0.08,0.146666666666667,0.16,0.153333333333333,0.133333333333333,0.166666666666667,0.113333333333333,0.0933333333333333,0.06,0.0866666666666667,0.08,0.126666666666667,0.0733333333333333,0.0266666666666667,0.04,0.04,0.06,0.0533333333333333,0.0466666666666667,0.0533333333333334,0.0333333333333333,0.06,0.04,0.0333333333333333,0.00666666666666667,0.0466666666666667,0.0133333333333333,0.0466666666666667,0.0266666666666667,0.02,0,0,0,0,0,0,0,0,0,0,0,0,0,0,0,0,0,-1,-1,-1,0,0,0,0,0,0,0,-1,-1,-1,-1,-1,-1,-1,0,0,0,0,0,0,0,0,0,0,-1,-1,-1,-1,-1,-1,-1,-1,0,0,0,0,0,0,0,0,0,0,0,0,0,0,0,0,0,0,0,0,0,0,-1,-1,-1,-1,-1,-1,-1,-1,-1,-1,-1,-1,-1,-1,-1,-1,-1,0,0,0,0,0,0,0,0,0,0,0,0,0,0,0,0,0,0,0,0,0,0,0,0,-1,0,0,0,0,0,0,0,-1,-1,-1,-1,0,0,0,0,0,0,0,0,0,0,0,0,0,0,0,0,0,0,0,0,0
0.22,0.386666666666667,0.32,0.406666666666667,0.453333333333333,0.48,0.513333333333333,0.54,0.413333333333333,0.46,0.473333333333333,0.5,-1,0.453333333333333,0.38,0.353333333333334,0.36,0.26,0.213333333333333,0.186666666666667,0.173333333333333,0.2,0.166666666666667,0.18,0.153333333333333,0.14,0.146666666666667,0.12,0.106666666666667,0.12,0.1,0.0866666666666667,0.1,0.1,0.0533333333333334,0.0666666666666666,0.04,0.0933333333333333,0.06,0.0333333333333333,0.0133333333333333,0.04,0.0533333333333334,0.0666666666666667,0.0466666666666667,0.0466666666666667,0.02,0.04,0.0333333333333333,0.0266666666666667,0.0266666666666667,0.0333333333333333,0,0,0,0,0,0,0,0,0,0,0,0,0,0,0,0,0,-1,-1,-1,-1,-1,-1,-1,0,0,-1,-1,-1,-1,-1,-1,-1,-1,0,0,0,0,-1,-1,-1,-1,0,0,-1,-1,0,0,0,0,0,0,0,0,0,0,0,0,0,-1,-1,-1,-1,-1,-1,-1,-1,-1,-1,-1,-1,-1,0,0,-1,-1,-1,-1,-1,-1,-1,-1,-1,-1,-1,-1,-1,-1,-1,-1,-1,0,0,0,0,0,0,0,0,0,0,0,0,0,0,0,0,-1,0,0,0,0,0,0,-1,-1,-1,0,0,0,0,0,0,-1,-1,-1,-1,0,0,0,0,0,0,0,0,0,0,0,0,0,0,0,0,0,0,0,0,0
0.326666666666667,0.313333333333333,0.453333333333333,0.48,0.5,0.5,0.606666666666667,0.606666666666667,0.766666666666667,0.72,0.686666666666667,0.68,0.606666666666667,0.626666666666666,0.513333333333333,0.466666666666667,0.373333333333333,0.366666666666667,0.293333333333333,0.173333333333333,0.186666666666667,-1,-1,0.2,0.213333333333333,0.16,0.0866666666666667,0.14,0.12,0.133333333333333,0.113333333333333,0.0666666666666667,0.06,0.0533333333333334,0.04,0.0666666666666667,0.0866666666666667,0.0666666666666667,0.0533333333333334,0.08,0.0333333333333333,0.0333333333333333,0.0666666666666667,0.0333333333333333,0.0266666666666667,0.0333333333333333,0.0333333333333333,0.00666666666666667,0.04,0.04,0.0133333333333333,0.04,0,0,0,0,0,0,0,0,0,0,0,0,0,0,0,0,0,0,0,0,0,0,0,0,0,0,0,0,0,-1,-1,-1,-1,-1,-1,0,0,0,-1,-1,-1,-1,-1,-1,-1,-1,0,0,0,0,0,0,0,0,0,0,0,0,0,-1,-1,-1,-1,-1,-1,-1,-1,-1,-1,-1,-1,-1,0,0,0,0,0,0,0,0,0,0,0,0,0,0,0,0,0,0,0,0,0,0,0,0,0,0,0,0,0,0,0,0,-1,-1,-1,-1,0,0,0,0,0,0,-1,-1,-1,-1,0,0,0,0,0,-1,-1,-1,-1,0,0,0,0,0,0,0,0,0,0,0,0,0,0,0,0,0,0,0,0,0
0.313333333333333,0.3,0.433333333333333,0.473333333333333,0.606666666666666,0.553333333333333,0.706666666666666,0.786666666666667,0.76,0.833333333333333,0.793333333333333,0.733333333333333,0.726666666666666,0.586666666666667,0.6,0.46,0.406666666666666,0.406666666666667,0.353333333333333,0.266666666666667,0.246666666666667,0.273333333333333,-1,0.186666666666667,0.113333333333333,0.233333333333333,-1,-1,0.12,0.1,0.0866666666666667,0.0866666666666667,0.08,0.0733333333333333,0.0666666666666667,0.0533333333333333,0.0933333333333334,0.0533333333333333,0.06,0.04,0.06,0.0466666666666667,0.0333333333333333,0.02,0.02,0.0133333333333333,0.0466666666666667,0.0266666666666667,0.0333333333333333,0.02,0.0133333333333333,0.0333333333333333,0,0,0,0,0,0,0,0,0,-1,-1,-1,-1,-1,-1,-1,-1,-1,-1,-1,-1,-1,-1,0,0,-1,-1,-1,-1,-1,-1,-1,-1,-1,-1,0,0,0,-1,-1,-1,-1,-1,-1,-1,-1,-1,-1,-1,-1,0,0,0,0,0,0,0,0,0,0,0,0,0,0,0,0,0,0,0,0,0,0,0,0,0,0,0,0,0,0,0,0,0,0,0,0,0,0,0,0,0,0,0,0,0,-1,-1,-1,-1,-1,-1,-1,-1,-1,-1,-1,-1,-1,0,0,0,0,0,0,0,-1,-1,-1,-1,0,0,0,0,-1,-1,-1,-1,0,0,0,0,0,0,0,0,0,0,0,0,0,0,0,0,0,0,0,0,0
0.353333333333333,0.4,0.433333333333334,0.493333333333333,0.64,0.66,0.786666666666667,0.826666666666667,0.933333333333333,0.94,0.9,0.906666666666667,0.8,0.74,0.573333333333333,0.553333333333333,0.36,0.353333333333333,0.326666666666667,0.253333333333333,0.246666666666667,0.22,-1,-1,0.186666666666667,0.16,-1,-1,0.0866666666666667,0.0933333333333333,0.113333333333333,0.12,0.08,0.0733333333333333,0.113333333333333,0.0533333333333334,0.08,0.0866666666666666,0.08,0.0266666666666667,0.0333333333333333,0.0333333333333333,0.0333333333333333,0.0533333333333333,0.02,0.0333333333333333,0.02,0.0133333333333333,0.04,0.02,0.02,0.0133333333333333,0,0,0,0,0,0,0,0,0,-1,-1,-1,-1,-1,-1,-1,-1,-1,-1,-1,-1,-1,-1,0,0,-1,-1,-1,-1,-1,0,0,0,0,0,0,0,0,0,0,0,-1,-1,-1,-1,-1,-1,-1,-1,-1,-1,-1,0,0,0,0,-1,-1,-1,-1,-1,-1,0,0,0,0,0,0,0,0,0,0,0,0,0,0,-1,-1,-1,-1,-1,-1,-1,-1,-1,-1,-1,-1,-1,-1,-1,-1,0,0,0,-1,-1,-1,-1,-1,-1,-1,-1,-1,-1,-1,-1,-1,0,0,0,0,0,0,0,0,-1,0,0,0,0,0,0,-1,-1,-1,-1,0,0,0,0,0,0,0,0,0,0,0,0,0,0,0,0,0,0,0,0,0
0.386666666666667,0.433333333333333,0.426666666666667,0.56,0.613333333333333,0.746666666666667,0.766666666666667,0.933333333333334,0.926666666666667,0.986666666666667,0.953333333333333,0.92,0.86,0.746666666666666,0.626666666666666,0.573333333333333,0.473333333333333,0.426666666666667,0.36,0.32,0.2,0.213333333333333,-1,-1,0.146666666666667,0.146666666666667,0.146666666666667,0.14,0.14,0.106666666666667,0.12,0.1,0.12,0.08,0.0533333333333333,0.06,0.08,0.0533333333333333,0.0466666666666666,0.0333333333333333,0.04,0.0333333333333333,0.0333333333333333,0.02,0.0466666666666667,0.02,0.04,0.02,0.02,0.0266666666666667,0.0266666666666667,0.0333333333333333,0,0,0,0,0,0,0,0,0,0,0,0,0,0,0,0,0,0,0,0,0,0,0,0,0,0,0,0,0,0,0,0,0,0,0,0,0,0,0,0,0,0,0,0,0,-1,-1,-1,-1,-1,-1,-1,0,0,0,0,-1,-1,-1,-1,-1,-1,-1,-1,-1,0,0,-1,-1,-1,-1,-1,-1,-1,0,0,-1,-1,-1,-1,-1,-1,-1,-1,-1,-1,-1,-1,-1,-1,-1,-1,0,0,0,-1,-1,-1,-1,-1,-1,-1,-1,-1,0,0,0,-1,0,0,0,0,0,0,0,0,0,0,0,0,0,0,0,-1,-1,-1,-1,0,0,0,0,0,0,0,0,0,0,0,0,0,0,0,0,-1,-1,-1,0,0
0.353333333333333,0.38,0.406666666666667,0.646666666666667,0.753333333333334,0.726666666666667,0.866666666666666,0.913333333333334,0.98,1,0.993333333333333,0.973333333333333,0.966666666666667,0.813333333333333,0.66,0.473333333333333,0.5,0.353333333333333,0.34,0.273333333333333,0.186666666666667,0.22,0.126666666666667,-1,0.2,0.146666666666667,0.173333333333333,0.18,0.1,0.133333333333333,0.126666666666667,0.133333333333333,0.1,0.0866666666666667,0.0866666666666667,0.0533333333333334,0.0666666666666667,0.0533333333333333,0.06,0.04,0.04,0.04,0.0666666666666667,0.04,0.02,0.02,0.0266666666666667,0.0466666666666667,0.0266666666666667,0.0266666666666667,0.0266666666666667,0.00666666666666667,0,0,0,0,0,0,0,0,0,0,0,0,0,0,0,0,0,0,0,0,0,0,0,0,-1,-1,0,0,0,0,-1,-1,-1,-1,-1,-1,-1,-1,0,0,0,0,0,0,0,0,0,0,-1,-1,-1,0,0,0,0,0,0,0,0,0,0,0,0,0,0,0,0,0,0,0,0,0,0,0,0,-1,-1,-1,-1,-1,-1,-1,-1,-1,-1,-1,-1,-1,-1,-1,-1,0,0,0,0,0,0,0,0,0,0,0,0,0,0,0,0,-1,0,0,0,0,0,0,0,0,0,0,0,0,0,0,0,0,0,0,-1,0,0,0,0,0,0,0,0,0,0,0,0,0,0,0,0,-1,-1,-1,0,0
0.313333333333334,0.406666666666667,0.526666666666667,0.593333333333333,0.673333333333333,0.74,0.866666666666666,0.933333333333333,0.98,0.993333333333333,0.993333333333333,0.953333333333333,0.9,0.793333333333333,0.773333333333333,0.533333333333333,0.526666666666667,0.426666666666667,0.333333333333333,0.286666666666667,0.28,0.24,0.12,0.173333333333334,0.2,0.0933333333333333,0.133333333333333,0.126666666666667,0.1,0.106666666666667,0.0733333333333333,0.08,0.0533333333333334,0.0933333333333334,0.06,0.0666666666666667,0.0666666666666666,0.04,0.0533333333333333,0.08,0.0466666666666667,0.0333333333333333,0.0133333333333333,0.0533333333333334,0.00666666666666667,0.04,0.04,0.0333333333333333,0.0533333333333334,0.04,0,0,0,0,0,0,0,0,0,0,0,0,0,0,0,0,0,0,0,0,0,0,-1,-1,-1,-1,-1,-1,0,0,0,0,-1,-1,-1,-1,-1,-1,-1,-1,0,0,0,0,0,0,0,0,0,0,0,0,0,0,0,0,0,0,-1,-1,-1,-1,-1,-1,-1,-1,-1,0,0,-1,-1,-1,-1,-1,-1,0,0,-1,-1,-1,-1,-1,-1,-1,-1,-1,-1,-1,-1,-1,-1,-1,-1,-1,0,0,0,0,0,0,0,0,0,0,0,0,0,0,0,-1,0,0,0,0,0,0,0,0,0,0,0,0,0,0,0,0,0,0,0,0,0,0,0,0,0,0,0,0,0,0,0,0,0,0,0,0,0,0,0,0
0.313333333333333,0.433333333333333,0.433333333333334,0.553333333333333,0.62,0.686666666666667,0.786666666666667,0.86,0.953333333333333,0.953333333333333,0.953333333333334,0.893333333333333,0.846666666666666,0.78,0.68,0.526666666666667,0.466666666666667,0.453333333333333,0.326666666666667,0.233333333333333,0.206666666666667,0.113333333333333,0.186666666666667,0.1,0.106666666666667,0.06,0.0466666666666667,0.0666666666666667,0.0333333333333333,0.04,0.02,0.00666666666666667,0.02,0.0133333333333333,0.00666666666666667,0,0,0.00666666666666667,0,0,0.02,0,0,0.00666666666666667,0,0.00666666666666668,0,0,0,0,0,0,0,0,0,0,0,0,0,0,0,0,0,0,0,0,0,0,0,0,0,0,0,0,0,0,0,0,0,0,0,0,-1,-1,-1,-1,-1,-1,-1,-1,0,0,0,-1,0,0,0,0,0,0,0,0,0,0,0,0,0,0,-1,-1,-1,-1,-1,-1,-1,-1,-1,0,0,-1,-1,-1,-1,-1,-1,0,0,0,0,0,0,0,0,0,0,0,0,0,0,0,0,0,0,0,0,0,0,-1,-1,-1,-1,-1,-1,-1,-1,-1,-1,-1,-1,0,0,0,0,0,0,0,0,0,0,0,0,0,0,0,0,0,0,0,0,0,0,0,0,0,0,0,0,0,0,0,0,0,0,0,0,0,0,0,0,0
0.286666666666667,0.346666666666667,0.346666666666667,0.486666666666667,0.573333333333333,0.66,0.713333333333333,0.746666666666667,0.853333333333333,0.853333333333333,0.86,0.873333333333333,0.74,0.626666666666667,0.546666666666667,0.433333333333333,0.433333333333333,0.393333333333333,0.273333333333333,0.18,0.146666666666667,0.153333333333333,0.106666666666667,0.14,0.126666666666667,0.0466666666666667,0.0533333333333333,0.0333333333333333,0.0466666666666666,0.0333333333333333,0.0133333333333333,0.02,0.00666666666666667,0.02,0.00666666666666667,0.0266666666666667,0.0133333333333333,0.00666666666666667,0.00666666666666667,0,0.0133333333333333,0.0133333333333333,0.00666666666666667,0,0.00666666666666667,0,0,0.0133333333333333,0,0,0,0,0,0,0,0,0,0,0,0,0,0,0,0,0,0,0,0,0,-1,-1,-1,-1,-1,-1,-1,-1,-1,-1,0,0,0,0,0,0,0,0,0,0,0,0,0,0,-1,-1,-1,-1,0,0,0,0,0,0,0,0,0,0,0,0,0,0,0,0,0,0,0,0,0,0,0,0,0,0,0,0,0,0,0,0,0,0,0,0,0,0,0,0,0,0,0,0,0,0,0,0,0,0,-1,-1,-1,-1,-1,-1,-1,-1,-1,-1,-1,-1,0,0,0,0,0,0,0,0,0,0,0,0,0,0,0,0,0,0,0,0,0,0,0,0,0,0,0,0,0,0,0,0,0,0,0,0,0,0,0,0,0
0.3,0.36,0.406666666666667,0.46,0.52,0.586666666666667,0.666666666666667,0.633333333333333,0.72,0.76,0.72,0.7,0.659999999999999,0.56,0.5,0.466666666666667,0.366666666666667,0.313333333333333,0.226666666666667,0.253333333333333,0.206666666666667,0.186666666666667,0.0866666666666667,0.12,0.0533333333333334,0.0733333333333333,0.0533333333333334,0.0533333333333333,0.0333333333333333,0.02,0.02,0.02,0.02,0.0133333333333333,0.00666666666666667,0.00666666666666667,0.00666666666666667,0.0133333333333333,0.00666666666666667,0,0,0.00666666666666667,0,0.00666666666666667,0,0,0,0.00666666666666667,0,0,0,0,0,0,0,0,0,0,0,0,0,0,0,0,0,0,0,0,0,0,-1,-1,-1,-1,-1,-1,-1,-1,-1,0,0,0,0,0,0,0,0,0,0,0,0,0,-1,-1,-1,-1,-1,-1,-1,-1,-1,-1,-1,0,0,0,0,0,0,0,0,0,0,0,0,0,0,0,0,0,0,0,0,0,0,0,0,0,0,0,0,0,-1,-1,0,0,0,0,0,0,0,0,0,0,0,0,0,-1,-1,-1,-1,-1,-1,-1,-1,-1,-1,-1,-1,0,0,0,0,0,0,0,0,0,0,0,0,0,0,0,0,0,0,0,-1,-1,-1,0,0,-1,-1,0,0,0,0,0,0,-1,-1,0,0,0,0,0,0,0
0.28,0.346666666666667,0.313333333333333,0.386666666666667,0.48,0.52,0.566666666666667,0.633333333333333,0.64,0.64,0.64,0.56,0.566666666666667,0.46,0.413333333333333,0.4,0.36,0.346666666666667,0.273333333333333,0.22,0.24,0.0466666666666667,0.1,0.08,0.06,0.0466666666666667,0.0466666666666667,0.0333333333333333,0.02,0.0333333333333333,0.0266666666666667,0.0266666666666667,0.0266666666666667,0.0133333333333333,0.02,0.00666666666666667,0,0,0,0.00666666666666667,0.00666666666666667,0.00666666666666667,0,0,0,0,0.00666666666666667,0,0,0,0,0,0,0,0,0,0,0,0,0,0,0,0,0,0,0,0,0,0,0,0,0,0,0,0,0,0,0,0,0,0,0,0,0,0,0,0,0,0,0,0,0,-1,-1,-1,-1,-1,-1,-1,-1,-1,-1,-1,0,0,0,0,0,0,0,0,0,0,0,0,0,0,0,0,0,0,-1,-1,-1,0,0,-1,-1,0,0,-1,0,-1,-1,0,0,0,0,0,0,0,0,-1,0,0,0,0,0,0,0,0,0,0,0,0,0,0,0,0,0,0,0,0,0,0,0,0,0,0,0,-1,-1,-1,0,0,0,0,0,-1,-1,-1,0,0,-1,-1,0,-1,0,0,0,0,-1,-1,0,0,0,0,0,0,0
0.2,0.233333333333333,0.233333333333333,0.313333333333333,0.426666666666667,0.413333333333333,0.446666666666667,0.493333333333333,0.406666666666667,0.533333333333333,0.486666666666666,0.453333333333333,0.473333333333333,0.393333333333333,0.326666666666667,0.333333333333333,0.313333333333333,0.233333333333333,0.18,0.166666666666667,0.166666666666667,0.126666666666667,0.0933333333333333,0.1,0.06,0.06,0.04,0.0466666666666666,0.0133333333333333,0.02,0.0533333333333334,0.0133333333333333,0.00666666666666667,0.00666666666666667,0,0.00666666666666667,0.00666666666666667,0.00666666666666667,0,0.00666666666666667,0.00666666666666667,0,0,0,0,0,0,0,0,0,0,0,0,0,0,0,0,0,0,0,0,0,0,0,0,0,0,0,0,0,0,0,0,0,0,0,0,0,0,0,0,0,0,-1,-1,-1,-1,-1,0,0,0,0,-1,-1,-1,-1,-1,-1,-1,-1,0,-1,0,0,0,0,0,0,0,0,0,0,0,0,0,0,0,0,0,0,0,0,0,0,0,0,0,0,0,0,-1,-1,-1,-1,-1,-1,0,-1,-1,-1,-1,-1,-1,0,0,0,0,0,0,0,0,0,0,0,0,0,0,0,0,0,0,0,0,0,0,0,0,0,0,0,-1,-1,-1,0,0,0,0,0,0,-1,-1,0,0,-1,-1,0,-1,0,0,0,0,0,0,0,0,0,0,0,0,0
0.18,0.16,0.24,0.286666666666667,0.266666666666667,0.34,0.32,0.353333333333333,0.38,0.4,0.34,0.32,0.373333333333333,0.34,0.313333333333333,0.293333333333333,0.22,0.2,0.153333333333333,0.166666666666667,0.133333333333333,0.0866666666666667,0.0533333333333333,0.0733333333333333,0.0533333333333334,0.0333333333333333,0.04,0.0533333333333334,0.0266666666666667,0.02,0.0266666666666667,0.0133333333333333,0.02,0,0.0133333333333333,0.00666666666666667,0.0133333333333333,0.00666666666666667,0,0.00666666666666667,0.00666666666666667,0,0,0.00666666666666667,0.00666666666666668,0,0,0,0,0,0,0,0,0,0,0,0,0,0,0,0,0,0,0,0,0,0,0,0,0,0,0,0,0,0,0,0,0,0,0,0,0,0,-1,-1,-1,-1,-1,0,0,0,-1,-1,-1,-1,-1,-1,-1,-1,0,0,0,0,0,0,0,-1,-1,-1,-1,-1,-1,-1,-1,-1,-1,0,0,0,0,0,0,-1,-1,-1,-1,-1,-1,0,-1,-1,-1,-1,-1,-1,-1,0,-1,-1,-1,-1,0,0,0,0,0,0,0,0,0,0,0,0,0,0,0,0,0,-1,0,0,0,0,0,0,0,0,0,0,0,-1,-1,0,0,0,0,0,0,0,0,0,0,0,0,0,0,0,0,0,0,0,0,0,0,0,0,-1,-1,-1,0
0.166666666666667,0.173333333333333,0.266666666666667,0.24,0.3,0.253333333333333,0.326666666666667,0.273333333333333,0.326666666666667,0.26,0.333333333333333,0.293333333333334,0.286666666666667,0.273333333333333,0.26,0.186666666666667,0.126666666666667,0.153333333333333,0.18,0.1,0.0866666666666667,0.06,0.04,0.06,0.0266666666666667,0.06,0.0266666666666667,0.00666666666666667,0.0266666666666667,0.00666666666666667,0,0.00666666666666667,0,0.0133333333333333,0.02,0,0.00666666666666667,0.00666666666666667,0.00666666666666667,0,0,0.00666666666666667,0.02,0,0,0,0,0,0,0,0,0,0,0,0,0,0,0,0,0,0,0,0,0,0,0,0,0,0,0,0,0,0,0,0,0,0,0,0,0,0,0,0,0,0,0,0,0,0,0,0,0,0,0,-1,-1,-1,0,0,0,0,0,0,0,0,0,-1,-1,-1,-1,-1,-1,-1,-1,-1,-1,0,0,-1,-1,-1,-1,-1,-1,-1,-1,-1,-1,0,0,-1,-1,-1,0,0,0,0,0,0,0,0,0,0,0,0,0,0,0,0,-1,-1,-1,-1,-1,-1,-1,-1,-1,-1,0,0,0,0,0,0,0,0,0,0,0,0,0,0,0,0,0,0,0,0,0,0,0,0,0,0,0,0,0,0,0,0,0,0,0,0,0,-1,-1,-1,0
0.106666666666667,0.166666666666667,0.153333333333333,0.186666666666667,0.206666666666667,0.133333333333333,0.18,0.213333333333333,0.266666666666667,0.253333333333333,0.193333333333333,0.193333333333333,0.193333333333333,0.213333333333333,0.16,0.186666666666667,0.16,0.0933333333333334,0.146666666666667,0.0933333333333333,0.0466666666666666,0.0266666666666667,0.0866666666666667,0.0266666666666667,0.02,0.0666666666666667,0.0333333333333333,0.02,0.0266666666666667,0.04,0.0133333333333333,0.00666666666666667,0,0.00666666666666667,0,0,0,0,0,0,0,0,0.00666666666666667,0,0,0.00666666666666667,0,0,0,0,0,0,0,0,0,0,0,0,0,0,0,0,0,0,0,0,0,0,0,0,0,0,0,0,0,0,0,0,0,0,0,0,0,0,0,0,0,0,0,0,0,0,0,-1,-1,0,0,0,0,0,0,0,0,0,0,0,0,0,0,0,0,0,0,0,0,0,0,0,-1,-1,-1,-1,-1,-1,0,0,0,0,0,0,0,-1,-1,-1,-1,0,0,0,0,0,0,0,0,0,0,0,0,0,0,-1,-1,-1,-1,-1,-1,-1,-1,-1,-1,0,0,0,0,0,0,0,0,0,0,0,0,0,0,0,0,-1,-1,0,0,0,0,0,0,0,0,0,0,0,0,0,0,0,0,0,0,0,-1,-1,-1,0
0.146666666666667,0.0933333333333333,0.113333333333333,0.146666666666667,0.153333333333333,0.173333333333333,0.126666666666667,0.213333333333333,0.213333333333333,0.22,0.16,0.186666666666667,0.146666666666667,0.0933333333333333,0.14,0.106666666666667,0.113333333333333,0.0866666666666666,0.0666666666666667,0.113333333333333,0.0933333333333333,0.0666666666666667,0.0666666666666667,0.06,0.0466666666666667,0.02,0.0266666666666667,0.0466666666666667,0.00666666666666667,0.00666666666666667,0,0.00666666666666667,0,0,0.02,0,0,0,0,0,0,0,0.00666666666666667,0,0,0,0,0,0,0,0,0,0,0,0,0,0,0,0,0,0,0,0,0,0,0,0,0,0,0,0,0,0,0,0,0,0,0,0,0,0,0,0,0,0,0,0,0,0,0,0,0,0,0,0,0,0,0,0,0,0,0,0,0,0,0,0,0,0,0,0,0,-1,-1,-1,-1,-1,-1,-1,0,0,-1,-1,-1,-1,-1,-1,-1,-1,-1,-1,-1,-1,-1,-1,0,0,0,0,0,0,0,0,0,-1,0,0,0,0,-1,-1,-1,0,0,0,0,0,0,0,0,0,0,0,0,0,0,0,0,0,0,0,0,0,0,0,0,0,0,0,0,0,0,0,0,0,0,0,0,0,0,0,0,0,0,0,0,0,0,0,0
0.133333333333333,0.126666666666667,0.1,0.1,0.0866666666666667,0.0866666666666666,0.12,0.0933333333333333,0.1,0.126666666666667,0.14,0.133333333333333,0.14,0.12,0.133333333333333,0.1,0.0866666666666667,0.0466666666666667,0.0733333333333333,0.0733333333333333,0.04,0.04,0.04,0.04,0.0466666666666667,0.02,0.0333333333333333,0.02,0,0.02,0.0133333333333333,0.0133333333333333,0.00666666666666667,0.02,0.00666666666666667,0,0.00666666666666667,0,0.00666666666666667,0,0,0,0,0,0,0,0,0,0,0.00666666666666667,0,0,0,0,0,0,0,0,0,0,0,0,0,0,0,0,0,0,0,0,0,0,0,0,0,0,0,0,0,0,0,0,0,0,0,0,0,0,0,0,0,0,0,0,0,0,0,0,0,0,0,0,0,0,0,-1,-1,-1,-1,-1,-1,-1,-1,-1,-1,-1,-1,-1,-1,0,0,-1,-1,-1,-1,-1,-1,-1,-1,-1,0,0,0,0,0,0,0,-1,-1,-1,-1,-1,-1,-1,-1,0,0,0,0,0,0,0,0,0,0,0,0,0,0,0,0,0,0,0,0,0,0,0,0,0,0,0,0,0,0,0,0,0,0,0,0,0,0,0,0,0,0,0,0,0,0,0,0,0,0,0,0,0,0,0
0.0333333333333333,0.0933333333333333,0.1,0.146666666666667,0.1,0.0866666666666666,0.133333333333333,0.08,0.0933333333333334,0.113333333333333,0.0866666666666667,0.106666666666667,0.06,0.1,0.106666666666667,0.08,0.06,0.0466666666666667,0.0933333333333333,0.0266666666666667,0.0533333333333334,0.02,0.0533333333333333,0.0266666666666667,0.0133333333333333,0.02,0.0133333333333333,0.02,0.00666666666666667,0.0133333333333333,0,0,0.0133333333333333,0.0133333333333333,0,0,0,-1,0.0466666666666667,0.02,0.04,0,0,0,0,0.00666666666666667,0,0,0,0,0,0,0,0,0,0,0,0,0,0,0,0,0,0,0,0,0,0,0,0,0,0,0,0,0,0,0,0,0,0,0,0,0,0,0,0,0,0,0,0,0,0,0,0,0,-1,-1,0,0,0,0,0,0,0,0,-1,-1,-1,-1,-1,-1,-1,-1,0,0,0,0,0,0,0,-1,-1,-1,-1,-1,-1,-1,-1,-1,-1,-1,-1,-1,-1,0,0,0,-1,-1,-1,-1,-1,-1,-1,-1,0,0,0,0,0,0,0,0,0,0,0,0,0,0,0,0,0,0,0,0,0,0,0,0,0,0,0,0,0,0,0,0,0,0,0,0,0,0,0,0,0,0,0,0,0,0,0,0,0,0,0,0,0,0,0
0.126666666666667,-1,-1,-1,0.0733333333333334,0.0666666666666667,0.0533333333333333,0.08,0.126666666666667,0.1,0.0733333333333333,0.0733333333333334,0.0866666666666667,0.0866666666666667,0.0533333333333334,0.04,0.0666666666666667,0.0466666666666667,0.0333333333333333,0.02,0.04,0.0733333333333333,0.113333333333333,0.08,0.0133333333333333,0,0.00666666666666667,0.0133333333333333,0.00666666666666667,0.00666666666666667,0.00666666666666667,-1,-1,-1,-1,-1,-1,-1,0.0266666666666667,0.0333333333333333,0.0266666666666667,0.00666666666666667,0.0133333333333333,0,0,0.00666666666666667,0.00666666666666667,0,0,0,0,0,0,0,0,0,0,0,0,0,0,0,0,0,0,0,0,0,0,0,0,0,0,0,0,0,0,0,0,0,0,0,0,0,0,0,0,0,0,0,0,0,0,0,0,0,0,0,0,0,0,0,0,0,0,0,0,0,-1,-1,-1,-1,-1,-1,-1,-1,-1,-1,0,0,-1,-1,-1,-1,-1,-1,-1,-1,-1,-1,-1,-1,-1,-1,0,0,0,0,0,0,0,0,0,0,0,0,0,0,0,0,0,0,0,0,0,0,0,0,0,0,0,0,0,0,0,0,0,0,0,0,0,0,0,0,0,0,0,0,0,0,0,0,0,0,0,0,0,0,0,0,0,0,0,0,0,0,0,0,0,0
0.146666666666667,0.173333333333333,-1,0.1,0.0333333333333333,0.04,0.08,0.0466666666666667,0.1,0.08,0.0666666666666667,0.0733333333333333,0.0866666666666667,0.0466666666666667,0.0733333333333333,0.0466666666666667,0.0533333333333334,0.0600000000000001,0.08,0.0666666666666666,0.0933333333333333,-1,-1,0.0866666666666667,0.02,0.00666666666666667,0.02,0.0133333333333333,0.00666666666666667,0,0.0133333333333333,-1,-1,-1,-1,-1,-1,-1,0.0466666666666667,0.02,0.0333333333333333,0.0333333333333333,0.0133333333333333,0.0266666666666667,0,0.02,0,0,0,0,0,0,0,0,0,0,0,0,0,0,0,0,0,0,0,0,0,0,0,0,0,0,0,0,0,0,0,0,0,0,0,0,0,0,0,0,0,0,0,0,0,0,0,0,0,0,0,0,0,0,0,0,0,0,-1,-1,-1,-1,-1,-1,-1,-1,-1,-1,-1,-1,-1,-1,0,0,0,0,0,0,0,0,0,0,0,0,0,0,0,0,0,0,0,0,0,0,0,0,0,0,0,0,0,0,0,0,0,0,0,0,0,0,0,0,0,0,0,0,0,0,0,0,0,0,0,0,0,0,0,0,0,0,0,0,0,0,0,0,0,0,0,0,0,0,0,0,0,0,0,0,0,0,0,0,0,0
0.14,0.146666666666667,0.133333333333333,0.1,0.06,0.0266666666666667,0.0466666666666667,0.0466666666666667,0.0333333333333333,0.0466666666666667,0.0466666666666667,0.04,0.0466666666666667,0.0333333333333333,0.0466666666666667,0.0266666666666667,0.0533333333333334,0.0333333333333333,0.126666666666667,-1,-1,0.0733333333333333,0.0866666666666666,0.0333333333333333,0.0866666666666667,0.0133333333333333,0.00666666666666667,0.0133333333333333,0.00666666666666667,0.00666666666666667,0.00666666666666668,-1,-1,-1,-1,-1,-1,-1,-1,0.0266666666666667,0.02,0.0266666666666667,0.0266666666666667,0.02,0.0333333333333333,0.02,0.0133333333333333,0.02,0,0,0,0,0,0,0,0,0,0,0,0,0,0,0,0,0,0,0,0,0,0,0,0,0,0,0,0,0,0,0,0,0,0,0,0,0,0,0,0,0,0,0,0,0,0,0,0,0,0,0,0,0,0,0,0,-1,-1,-1,-1,-1,0,0,0,0,0,0,0,0,0,0,0,0,0,0,0,0,0,0,0,0,0,-1,-1,0,0,0,0,0,0,0,0,0,0,0,0,0,0,0,0,0,0,0,0,0,0,0,0,0,0,0,0,0,0,0,0,0,0,0,0,0,0,0,0,0,0,0,0,0,0,0,0,0,0,0,0,0,0,0,0,0,0,0,0,0,0,0,0,0,0,0,0
0.0733333333333333,0.12,0.08,0.0333333333333333,0.0266666666666667,0.04,0.0266666666666667,0.0666666666666666,0.0466666666666667,0.0466666666666667,0.0533333333333333,0.06,0.0266666666666667,0.0333333333333333,0.0333333333333333,0.00666666666666667,0.0133333333333333,0.0133333333333333,0.0866666666666667,0.0733333333333333,0.1,0.0533333333333334,0.08,0.0533333333333334,0.06,0.0866666666666667,0.00666666666666667,0.0133333333333333,0.0133333333333333,0.00666666666666667,0,-1,-1,-1,-1,0.06,0.0266666666666667,0.0266666666666667,0.02,0.0133333333333333,0.02,0.02,0.06,0.0133333333333333,0.0133333333333333,0.0133333333333333,0.02,0.02,0,0,0,0,0,0,0,0,0,0,0,0,0,0,0,0,0,0,0,0,0,0,0,0,0,0,0,0,0,0,0,0,0,0,0,0,0,0,0,0,0,0,0,0,0,0,0,0,0,0,0,0,0,0,0,0,0,0,0,0,0,0,0,0,0,0,0,0,0,0,0,0,0,0,0,0,0,0,-1,-1,-1,-1,-1,-1,0,0,0,0,0,0,0,0,0,0,0,0,0,0,0,0,0,0,0,0,0,0,0,0,0,0,0,0,0,0,0,0,0,0,0,0,0,0,0,0,0,0,0,0,0,0,0,0,0,0,0,0,0,0,0,0,0,0,0,0,0,0,0,0,0,0,0,0
0.0866666666666667,0.0933333333333333,0.1,0.113333333333333,-1,-1,0.06,0.0266666666666667,0.04,0.0333333333333333,0.02,0.0333333333333333,0.04,0.0133333333333333,0.0333333333333333,0,0.0266666666666667,0.00666666666666667,0.0266666666666667,0.02,0.0666666666666667,0.08,0.0666666666666667,0.06,0.0666666666666667,0.0666666666666667,0.06,0.00666666666666668,0.00666666666666667,0.00666666666666667,0.00666666666666667,0.04,0.0466666666666667,0.0266666666666667,0.0333333333333333,0.0133333333333333,0.04,0.00666666666666667,0.0266666666666667,0.02,0.0133333333333333,0.00666666666666667,0.0266666666666667,0.0266666666666667,0.04,0.0133333333333333,0,0,0,0,0,0,0,0,0,0,0,0,0,0,0,0,0,0,0,0,0,0,0,0,0,0,0,0,0,0,0,0,0,0,0,0,0,0,0,0,0,0,0,0,0,0,0,0,0,0,0,0,0,0,0,0,0,0,0,0,0,0,0,0,0,0,0,0,0,0,0,0,0,0,0,0,0,0,0,0,0,0,0,0,0,0,0,0,0,0,0,0,0,0,0,0,0,0,0,0,0,0,0,0,0,0,0,0,0,0,0,0,0,0,0,0,0,0,0,0,0,0,0,0,0,0,0,0,0,0,0,0,0,0,0,0,0,0,0,0,0,0,0,0,0,0,0,0,0,0,0,0,0,0
0.0666666666666667,0.106666666666667,0.0333333333333333,0.0333333333333333,0.106666666666667,0.0933333333333333,0.126666666666667,0.0333333333333333,0.0133333333333333,0.04,0.00666666666666668,0.0266666666666667,0.0466666666666667,0.00666666666666667,0.0333333333333333,0.00666666666666667,0.0133333333333333,0.0266666666666667,0,0.00666666666666667,0.0866666666666667,0.0533333333333333,0.0866666666666667,0.0666666666666667,0.0333333333333333,0.0666666666666667,0.04,0.0133333333333333,0.0133333333333333,0,0,0,0.0266666666666667,0.0266666666666667,0.0666666666666667,0.0333333333333333,0.02,0.02,0.02,0.02,0.0533333333333333,0.0266666666666667,0.0133333333333333,0.02,0.02,0.0133333333333333,0.0333333333333333,0,0,0,0,0,0,0,0,0,0,0,0,0,0,0,0,0,0,0,0,0,0,0,0,0,0,0,0,0,0,0,0,0,0,0,0,0,0,0,0,0,0,0,0,0,0,0,0,0,0,0,0,0,0,0,0,0,0,0,0,0,0,0,0,0,-1,0,0,0,0,0,0,0,0,0,0,0,0,0,0,0,0,0,0,0,0,0,0,0,0,0,0,0,0,0,0,0,0,0,0,0,0,0,0,0,0,0,0,0,0,0,0,0,0,0,0,0,0,0,0,0,0,0,0,0,0,0,0,0,0,0,0,0,0,0,0,0,0,0,0,0,0,0,0,0,0,0,0,0,0,0,0,0
0.0933333333333334,0.08,0.02,0.106666666666667,0.0666666666666667,0.0666666666666667,0,0.00666666666666667,0.0133333333333333,0.0133333333333333,0.02,0.0266666666666667,0.02,0.00666666666666667,0,0.0133333333333333,0.0333333333333333,0,0.02,0.0266666666666667,0.02,0.0666666666666667,0.0466666666666667,0.0666666666666667,0.0466666666666667,0.0666666666666667,0.0266666666666667,0.0333333333333333,0.04,-1,0.0466666666666666,0.0266666666666667,-1,-1,-1,-1,0.0266666666666667,0.0333333333333333,0.02,0.0333333333333334,0.02,0.00666666666666667,0,0.00666666666666668,0.0133333333333333,0.0133333333333333,0,0,0,0,0,0,0,0,0,0,0,0,0,0,0,0,0,0,0,0,0,0,0,0,0,0,0,0,0,0,0,0,0,0,0,0,0,0,0,0,0,0,0,0,0,0,0,0,0,0,0,0,0,0,0,0,0,0,0,0,0,0,0,0,0,0,-1,0,0,0,0,0,0,0,0,0,0,0,0,0,0,0,0,0,0,0,0,0,0,0,0,0,0,0,0,0,0,0,0,0,0,0,0,0,0,0,0,0,0,0,0,0,0,0,0,0,0,0,0,0,0,0,0,0,0,0,0,0,0,0,0,0,0,0,0,0,0,0,0,0,0,0,0,0,0,0,0,0,0,0,0,0,0,0
0.0533333333333333,0.0133333333333333,0.0266666666666667,0.0666666666666667,0.1,0.0666666666666667,0.00666666666666667,0.02,0.02,0.02,0.00666666666666667,0.00666666666666667,0.0266666666666667,0.00666666666666667,0.0133333333333333,0.02,0.00666666666666667,0.0266666666666667,0.00666666666666667,0.00666666666666667,0.02,0.00666666666666667,0.06,0.04,0.0133333333333333,0.04,0.0266666666666667,0.0533333333333333,0.04,-1,-1,-1,-1,-1,-1,-1,-1,-1,-1,-1,-1,0.04,0.0133333333333333,0.0133333333333333,0.00666666666666668,0,0,0,0,0,0,0,0,0,0,0,0,0,0,0,0,0,0,0,0,0,0,0,0,0,0,0,0,0,0,0,0,0,0,0,0,0,0,0,0,0,0,0,0,0,0,0,0,0,0,0,0,0,0,0,0,0,0,0,0,0,0,0,0,0,0,0,-1,0,0,0,0,0,0,0,0,0,0,0,0,0,0,0,0,0,0,0,0,0,0,0,0,0,0,0,0,0,0,0,0,0,0,0,0,0,0,0,0,0,0,0,0,0,0,0,0,0,0,0,0,0,0,0,0,0,0,0,0,0,0,0,0,0,0,0,0,0,0,0,0,0,0,0,0,0,0,0,0,0,0,0,0,0,0,0
0.04,0.00666666666666667,0.04,0.0533333333333334,0.08,0.00666666666666667,0,0.00666666666666667,0.0133333333333333,0,0,0.00666666666666667,0.0133333333333333,0.0133333333333333,0.00666666666666667,0.00666666666666667,0.0133333333333333,0.02,0.06,0.04,0.0733333333333333,0.0666666666666667,0.06,0.0866666666666667,-1,-1,0.0266666666666667,0.0666666666666667,0.06,-1,-1,-1,-1,-1,-1,-1,-1,-1,-1,-1,0.0266666666666667,0.00666666666666667,0,0.0133333333333333,0.0466666666666667,0,0,0,0,0,0,0,0,0,0,0,0,0,0,0,0,0,0,0,0,0,0,0,0,0,0,0,0,0,0,0,0,0,0,0,0,0,0,0,0,0,0,0,0,0,0,0,0,0,0,0,0,0,0,0,0,0,0,0,0,0,0,0,0,0,0,0,0,0,0,0,0,0,0,0,0,0,0,0,0,0,0,0,0,0,0,0,0,0,0,0,0,0,0,0,0,0,0,0,0,0,0,0,0,0,0,0,0,0,0,0,0,0,0,0,0,0,0,0,0,0,0,0,0,0,0,0,0,0,0,0,0,0,0,0,0,0,0,0,0,0,0,0,0,0,0,0,0,0,0,0,0,0,0,0
0.00666666666666667,0,0.0666666666666667,0.06,0.08,0.02,0.00666666666666667,0,0.00666666666666667,0.00666666666666667,0.00666666666666667,0.00666666666666667,0,0,0.00666666666666667,0.00666666666666668,0,0.0133333333333333,0.0533333333333334,-1,-1,0.0533333333333334,-1,0.06,0.0333333333333333,-1,0.0533333333333334,0.0266666666666667,0.0333333333333333,0.02,0.0333333333333333,0.04,0.02,0.0266666666666667,-1,-1,0,0,0.02,-1,0.0133333333333333,0.00666666666666667,0,0.00666666666666667,0,0,0,0,0,0,0,0,0,0,0,0,0,0,0,0,0,0,0,0,0,0,0,0,0,0,0,0,0,0,0,0,0,0,0,0,0,0,0,0,0,0,0,0,0,0,0,0,0,0,0,0,0,0,0,0,0,0,0,0,0,0,0,0,0,0,0,0,0,0,0,0,0,0,0,0,0,0,0,0,0,0,0,0,0,0,0,0,0,0,0,0,0,0,0,0,0,0,0,0,0,0,0,0,0,0,0,0,0,0,0,0,0,0,0,0,0,0,0,0,0,0,0,0,0,0,0,0,0,0,0,0,0,0,0,0,0,0,0,0,0,0,0,0,0,0,0,0,0,0,0,0,0,0,0,0
0,0.0133333333333333,0.0333333333333333,0.04,0.0533333333333333,0,0,0,0,0.0133333333333333,0.0133333333333333,0,0,0.00666666666666667,0.00666666666666667,0,0.0133333333333333,0,0.04,-1,0.02,0.0333333333333333,0.0333333333333333,0.0466666666666667,0.0466666666666667,0.04,0.0133333333333333,0.04,0.02,0.0266666666666667,0.02,0.0266666666666667,0.0266666666666667,0.0266666666666667,0.04,0.02,0.02,0.00666666666666667,0.00666666666666667,0.0133333333333333,0,0.02,0.0133333333333333,0,0,0,0,0,0,0,0,0,0,0,0,0,0,0,0,0,0,0,0,0,0,0,0,0,0,0,0,0,0,0,0,0,0,0,0,0,0,0,0,0,0,0,0,0,0,0,0,0,0,0,0,0,0,0,0,0,0,0,0,0,0,0,0,0,0,0,0,0,0,0,0,0,0,0,0,0,0,0,0,0,0,0,0,0,0,0,0,0,0,0,0,0,0,0,0,0,0,0,0,0,0,0,0,0,0,0,0,0,0,0,0,0,0,0,0,0,0,0,0,0,0,0,0,0,0,0,0,0,0,0,0,0,0,0,0,0,0,0,0,0,0,0,0,0,0,0,0,0,0,0,0,0,0,0,0,0
0.00666666666666667,0.0266666666666667,0.0266666666666667,0.0466666666666667,0.08,0,0.0133333333333333,0,0,0.0133333333333333,0,0,0,0,0.06,-1,-1,-1,-1,0.0533333333333333,0.0466666666666666,0.0333333333333333,0.0333333333333333,0.0333333333333333,0.02,0.02,0.0466666666666667,0.0333333333333333,0.0333333333333333,0.0333333333333333,0.02,0.0333333333333333,0.02,0.0266666666666667,0.0266666666666667,0.0333333333333333,0.00666666666666667,0.0133333333333333,0.0133333333333333,0.04,0.02,0.00666666666666668,0,-1,0,0,0,0,0,0,0,0,0,0,0,0,0,0,0,0,0,0,0,0,0,0,0,0,0,0,0,0,0,0,0,0,0,0,0,0,0,0,0,0,0,0,0,0,0,0,0,0,0,0,0,0,0,0,0,0,0,0,0,0,0,0,0,0,0,0,0,0,0,0,0,0,0,0,0,0,0,0,0,0,0,0,0,0,0,0,0,0,0,0,0,0,0,0,0,0,0,0,0,0,0,0,0,0,0,0,0,0,0,0,0,0,0,0,0,0,0,0,0,0,0,0,0,0,0,0,0,0,0,0,0,0,0,0,0,0,0,0,0,0,0,0,0,0,0,0,0,0,0,0,0,0,0,0,0,0
0,0.06,0.04,0.08,0,0,0,0,0,0.00666666666666667,0.0133333333333333,0.00666666666666667,0,0,0.0333333333333333,-1,0.0266666666666667,0.0533333333333333,0.0466666666666667,0.0466666666666667,0.0133333333333333,0.0333333333333333,0.0333333333333333,0.0133333333333333,0.02,0.04,0.00666666666666667,0.0266666666666667,0.0133333333333333,0.02,0.0266666666666667,0.0133333333333333,0.0266666666666667,0.0266666666666667,0.0266666666666667,0.02,0.0133333333333333,0.0133333333333333,0.00666666666666667,0.0133333333333333,0.00666666666666667,0,-1,-1,-1,-1,0,0,0,0,0,0,0,0,0,0,0,0,0,0,0,0,0,0,0,0,0,0,0,0,0,0,0,0,0,0,0,0,0,0,0,0,0,0,0,0,0,0,0,0,0,0,0,0,0,0,0,0,0,0,0,0,0,0,0,0,0,0,0,0,0,0,0,0,0,0,0,0,0,0,0,0,0,0,0,0,0,0,0,0,0,0,0,0,0,0,0,0,0,0,0,0,0,0,0,0,0,0,0,0,0,0,0,0,0,0,0,0,0,0,0,0,0,0,0,0,0,0,0,0,0,0,0,0,0,0,0,0,0,0,0,0,0,0,0,0,0,0,0,0,0,0,0,0,0,0,0,0,0,0
0.00666666666666667,0.0333333333333333,0.06,0.0333333333333333,0,0.0133333333333333,0,0,0,0.00666666666666667,0.00666666666666667,0.00666666666666668,0,0.00666666666666667,0.0466666666666666,0.04,0.0133333333333333,0.0866666666666667,0.0133333333333333,0.0333333333333333,0.0333333333333333,0.02,-1,-1,-1,-1,0.02,0.00666666666666667,0.02,0.02,0.00666666666666667,0.0133333333333333,0.02,0.0333333333333333,0.0133333333333333,0.02,0.0333333333333333,0.0133333333333333,0,0.00666666666666667,0,0,0,-1,-1,-1,-1,-1,0,0,0,0,0,0,0,0,0,0,0,0,0,0,0,0,0,0,0,0,0,0,0,0,0,0,0,0,0,0,0,0,0,0,0,0,0,0,0,0,0,0,0,0,0,0,0,0,0,0,0,0,0,0,0,0,0,0,0,0,0,0,0,0,0,0,0,0,0,0,0,0,0,0,0,0,0,0,0,0,0,0,0,0,0,0,0,0,0,0,0,0,0,0,0,0,0,0,0,0,0,0,0,0,0,0,0,0,0,0,0,0,0,0,0,0,0,0,0,0,0,0,0,0,0,0,0,0,0,0,0,0,0,0,0,0,0,0,0,0,0,0,0,0,0,0,0,0,0,0,0,0
0,0.04,0.0466666666666667,0.04,0.00666666666666667,0,0,0,0,0,0.00666666666666667,0,0,0,0,0.0533333333333334,0.0466666666666667,0.02,0.0266666666666667,0.00666666666666667,0.04,0.0333333333333333,-1,-1,-1,-1,0.00666666666666668,0.0466666666666667,0.02,0.00666666666666667,0.0133333333333333,0.02,0.0333333333333333,0.02,0.00666666666666667,0.00666666666666667,0,0.00666666666666667,0,0,0,0,0,0,0,-1,-1,-1,-1,-1,0,0,0,0,0,0,0,0,0,0,0,0,0,0,0,0,0,0,0,0,0,0,0,0,0,0,0,0,0,0,0,0,0,0,0,0,0,0,0,0,0,0,0,0,0,0,0,0,0,0,0,0,0,0,0,0,0,0,0,0,0,0,0,0,0,0,0,0,0,0,0,0,0,0,0,0,0,0,0,0,0,0,0,0,0,0,0,0,0,0,0,0,0,0,0,0,0,0,0,0,0,0,0,0,0,0,0,0,0,0,0,0,0,0,0,0,0,0,0,0,0,0,0,0,0,0,0,0,0,0,0,0,0,0,0,0,0,0,0,0,0,0,0,0,0,0,0,0,0,0
0.0266666666666667,0.04,0.06,0,0,0,0,0,0,0,0,0.0133333333333333,0,0,0,0.04,0.0533333333333334,0.02,0.04,0.02,0.02,0.0266666666666667,0.00666666666666667,0.0266666666666667,0.0266666666666667,0.00666666666666667,0.00666666666666668,0.02,0.02,0.0133333333333333,0.00666666666666667,0.0133333333333333,0.0266666666666667,0.0266666666666667,0.0266666666666667,0.0133333333333333,0.0266666666666667,0,0,0,0,0,0,0,-1,-1,-1,-1,-1,-1,-1,-1,0,0.00666666666666667,0.00666666666666667,0.00666666666666667,0.00666666666666667,0.00666666666666667,0.0133333333333333,0.0133333333333333,0.02,0.0266666666666667,0,0.0266666666666667,0,0.0133333333333333,0.00666666666666667,0.02,0,0,0,0,0,0,0,0,0,0,0,0,0,0,0,0,0,0,0,0,0,0,0,0,0,0,0,0,0,0,0,0,0,0,0,0,0,0,0,0,0,0,0,0,0,0,0,0,0,0,0,0,0,0,0,0,0,0,0,0,0,0,0,0,0,0,0,0,0,0,0,0,0,0,0,0,0,0,0,0,0,0,0,0,0,0,0,0,0,0,0,0,0,0,0,0,0,0,0,0,0,0,0,0,0,0,0,0,0,0,0,0,0,0,0,0,0,0,0,0,0,0,0,0,0,0,0,0,0,0,0,0
0.04,0.04,0.0666666666666667,0,0,0,0.00666666666666667,0,0,0.00666666666666667,0,0.00666666666666668,0,0.0133333333333333,0,0,0.0266666666666667,0.0266666666666667,0.0333333333333333,0.00666666666666667,0.0133333333333333,0.00666666666666668,0.02,0,0.02,0.00666666666666667,0.0133333333333333,0.0333333333333333,0.0266666666666667,0.0133333333333333,0.02,0.00666666666666667,0.02,-1,-1,-1,-1,-1,-1,-1,-1,0,0,0,0,-1,-1,-1,-1,-1,-1,-1,-1,-1,0.0266666666666667,0.00666666666666667,0.02,0.02,0.02,0.0133333333333333,0.00666666666666667,0,0.00666666666666667,0.00666666666666667,0.02,0.0133333333333333,0.0133333333333333,0.02,0,0.0133333333333333,0.00666666666666667,0.0133333333333333,0,0.02,0,0,0,0,0,0,0,0,0,0,0,0,0,0,0,0,0,0,0,0,0,0,0,0,0,0,0,0,0,0,0,0,0,0,0,0,0,0,0,0,0,0,0,0,0,0,0,0,0,0,0,0,0,0,0,0,0,0,0,0,0,0,0,0,0,0,0,0,0,0,0,0,0,0,0,0,0,0,0,0,0,0,0,0,0,0,0,0,0,0,0,0,0,0,0,0,0,0,0,0,0,0,0,0,0,0,0,0,0,0,0,0,0,0,0,0,0,0,0,0,0,0,0,0,0,0
0.00666666666666667,0.0133333333333333,0.04,0,0,0,0,0.00666666666666667,0,0,0.00666666666666667,0,0,0,0,0,0.02,0.0133333333333333,0.0466666666666667,0.0333333333333333,0.02,0.02,0.0133333333333333,0.0266666666666667,0.0266666666666667,0.0266666666666667,0.02,0.00666666666666667,0.0133333333333333,0.0133333333333333,0.0133333333333333,0.0133333333333333,0.0133333333333333,0.00666666666666667,0,0,0,0,0,0,0,0,0,0.00666666666666667,0.00666666666666667,0.0133333333333333,0.00666666666666667,-1,-1,-1,-1,-1,-1,-1,0.0133333333333333,0.0266666666666667,0.0133333333333333,0,0.00666666666666667,0.02,0.02,0.02,0.00666666666666667,0.02,0.00666666666666667,0.00666666666666667,0.00666666666666667,0.00666666666666667,0.0133333333333333,0,0.0133333333333333,0.0266666666666667,0.00666666666666667,0.0266666666666667,0.02,0.0266666666666667,0.0266666666666667,0,0,0,0,0,0,0,0,0,0,0,0,0,0,0,0,0,0,0,0,0,0,0,0,0,0,0,0,0,0,0,0,0,0,0,0,0,0,0,0,0,0,0,0,0,0,0,0,0,0,0,0,0,0,0,0,0,0,0,0,0,0,0,0,0,0,0,0,0,0,0,0,0,0,0,0,0,0,0,0,0,0,0,0,0,0,0,0,0,0,0,0,0,0,0,0,0,0,0,0,0,0,0,0,0,0,0,0,0,0,0,0,0,0,0,0,0,0,0,0,0,0,0
0.0266666666666667,0.0266666666666667,0.0133333333333333,0,0,0.00666666666666667,0,0.00666666666666667,0,0,0,0,0,0.0133333333333333,0,0,0.0133333333333333,0.0333333333333333,0.0266666666666667,0.00666666666666667,0.02,0.0133333333333333,0.0133333333333333,0.0333333333333333,0.02,0.0333333333333333,0.0133333333333333,0.00666666666666667,0.0133333333333333,0.00666666666666667,0.00666666666666667,0.00666666666666668,0,0,0,0,0,0,0,0,0,0.0133333333333333,0,0.02,0.0266666666666667,0.00666666666666667,0.00666666666666667,0.0133333333333333,0.02,-1,-1,-1,-1,-1,0.02,0.0133333333333333,0.0133333333333333,0.02,0.0266666666666667,0,-1,-1,0.0133333333333333,0.0133333333333333,0.00666666666666667,0.04,0,0.00666666666666667,0,0.00666666666666667,0.02,0,0.0133333333333333,0,0.02,0,0.00666666666666667,0,0,0.02,0.02,0.0133333333333333,0.00666666666666667,0.00666666666666668,0.02,0.02,0,0,0,0,0,0,0,0,0,0,0,0,0,0,0,0,0,0,0,0,0,0,0,0,0,0,0,0,0,0,0,0,0,0,0,0,0,0,0,0,0,0,0,0,0,0,0,0,0,0,0,0,0,0,0,0,0,0,0,0,0,0,0,0,0,0,0,0,0,0,0,0,0,0,0,0,0,0,0,0,0,0,0,0,0,0,0,0,0,0,0,0,0,0,0,0,0,0,0,0,0,0,0,0,0,0,0,0,0,0,0,0,0,0
0.0266666666666667,0.04,0,0,0,0,0,0.00666666666666667,0,0,0,0,0,0,0,0,0,0.0266666666666667,0,0.0333333333333333,0.0133333333333333,0.0133333333333333,0.0466666666666667,0.0133333333333333,0.0266666666666667,0.00666666666666667,0.00666666666666667,0.0266666666666667,0.02,0.0133333333333333,0,0,0,0,-1,0,0,0,0,-1,-1,0.0133333333333333,0.0133333333333333,0.0133333333333333,0.0133333333333333,0.0266666666666667,0.00666666666666667,0.0333333333333333,0.0266666666666667,0.00666666666666667,0.0133333333333333,-1,-1,0.0266666666666667,0.00666666666666668,0.0133333333333333,0.00666666666666668,0.02,0.0266666666666667,-1,-1,-1,-1,-1,-1,0.0133333333333333,0.0133333333333333,0.02,0.04,0.00666666666666667,0.0266666666666667,0.02,0.0933333333333333,0.08,0.06,0.0533333333333333,0.0933333333333333,0.0466666666666667,0.0866666666666667,0.04,0.08,0,0.0133333333333333,0.02,0.02,0.00666666666666667,0.00666666666666667,0.02,0.00666666666666667,0.0133333333333333,0.00666666666666668,0.0133333333333333,0,0,0,0,0,0,0,0,0,0,0,0,0,0,0,0,0,0,0,0,0,0,0,0,0,0,0,0,0,0,0,0,0,0,0,0,0,0,0,0,0,0,0,0,0,0,0,0,0,0,0,0,0,0,0,0,0,0,0,0,0,0,0,0,0,0,0,0,0,0,0,0,0,0,0,0,0,0,0,0,0,0,0,0,0,0,0,0,0,0,0,0,0,0,0,0,0,0,0,0,0,0,0,0,0,0,0,0
0.0266666666666667,0.0266666666666667,0,0,0,0,0,0,0.00666666666666667,0,0,0,0,0,0,0,0.02,0.0266666666666667,0.02,0.02,0,0.02,0.0266666666666667,0.0266666666666667,0.0133333333333333,0.02,0.00666666666666667,0.00666666666666667,0,0,0,0,0,0,-1,0,0,0.0133333333333333,0.00666666666666667,0.0266666666666667,-1,0.0133333333333333,0.0133333333333333,0.00666666666666667,0.00666666666666667,0.00666666666666667,-1,-1,0.02,0,0.0133333333333333,0.00666666666666667,0.02,0.02,0.00666666666666667,0.0266666666666667,0.02,0.02,0.04,0.0266666666666667,-1,-1,-1,-1,-1,-1,-1,0.0133333333333333,0.0666666666666667,0.0533333333333334,0.106666666666667,0.0666666666666666,0.0866666666666667,0.0866666666666667,0.126666666666667,0.0466666666666667,0.06,0.106666666666667,0.0533333333333333,0.106666666666667,0.0666666666666667,0.0533333333333333,0.0533333333333334,0.02,0.02,0.02,0.00666666666666667,0.02,0.0266666666666667,0.00666666666666668,0.0133333333333333,0,0.0266666666666667,0.0133333333333333,0.00666666666666667,0,0.0133333333333333,0,0,0,0,0,0,0,0,0,0,0,0,0,0,0,0,0,0,0,0,0,0,0,0,0,0,0,0,0,0,0,0,0,0,0,0,0,0,0,0,0,0,0,0,0,0,0,0,0,0,0,0,0,0,0,0,0,0,0,0,0,0,0,0,0,0,0,0,0,0,0,0,0,0,0,0,0,0,0,0,0,0,0,0,0,0,0,0,0,0,0,0,0,0,0,0,0,0,0,0,0,0,0
0.0333333333333333,0.0266666666666667,0.00666666666666667,0,0,0,0,0,0,0,0.00666666666666667,0,0,0,0,0,0,0.0133333333333333,0,0,0.00666666666666667,0.0266666666666667,0.02,0.02,0.0133333333333333,0,0,0,0,0,0,0,0,0,0,0.0133333333333333,0,0,0.0133333333333333,0.00666666666666667,0.00666666666666668,0.04,0.0333333333333333,0.02,0.02,0,0.02,0.0133333333333333,0.02,0.0133333333333333,0.0133333333333333,0.00666666666666667,0.0333333333333333,0.00666666666666667,0.00666666666666667,0.0133333333333333,0.0133333333333333,0.02,0.00666666666666667,0.0266666666666667,0.0133333333333333,0.0133333333333333,-1,-1,-1,-1,-1,-1,-1,0.0866666666666667,0.1,0.0666666666666667,0.0533333333333333,0.1,0.0933333333333334,0.0533333333333333,0.08,0.0733333333333333,0.06,0.106666666666667,0.0933333333333333,0.06,0.0933333333333333,0.08,0.04,0,0.0133333333333333,0.02,0.02,0.00666666666666668,0,0,0.0133333333333333,0.00666666666666667,0,0.00666666666666667,0.0266666666666667,0.0133333333333333,0.00666666666666667,0.02,0,0,0,0,0,0,0,0,0,0,0,0,0,0,0,0,0,0,0,0,0,0,0,0,0,0,0,0,0,0,0,0,0,0,0,0,0,0,0,0,0,0,0,0,0,0,0,0,0,0,0,0,0,0,0,0,0,0,0,0,0,0,0,0,0,0,0,0,0,0,0,0,0,0,0,0,0,0,0,0,0,0,0,0,0,0,0,0,0,0,0,0,0,0,0,0,0,0,0,0
0.0266666666666667,0,0,0,0,0,0,0,0,0,0,0,0,0,0,0,0,0.00666666666666667,0.0133333333333333,0.0333333333333333,0.02,0,0,0,0,-1,-1,-1,0,0,0,0,0,0,-1,-1,-1,-1,-1,-1,-1,-1,0.00666666666666667,0.04,0.00666666666666667,0.0533333333333333,0.0266666666666667,0.0333333333333333,0.04,0.0266666666666667,0.0133333333333333,0.0333333333333333,0.0466666666666667,0.0466666666666667,0.00666666666666667,0.02,0.00666666666666667,0.0133333333333333,0.0266666666666667,0.0133333333333333,0.02,0.02,0.0333333333333333,0.0733333333333333,0.0733333333333333,-1,-1,-1,-1,-1,-1,-1,0.0866666666666667,0.06,0.06,0.0666666666666666,0.0466666666666667,0.1,0.106666666666667,0.0866666666666667,0.0666666666666667,0.0333333333333333,0.0533333333333334,0.0933333333333333,0.0866666666666667,0.1,0.0466666666666667,0.04,0.02,0.02,0.0133333333333333,0.00666666666666667,0.0266666666666667,0.02,0.00666666666666667,0.0133333333333333,0.0266666666666667,0.0333333333333333,0.0133333333333333,0.00666666666666667,0,0.0133333333333333,0,0,0,0,0,0,0,0,0,0,0,0,0,0,0,0,0,0,0,0,0,0,0,0,0,0,0,0,0,0,0,0,0,0,0,0,0,0,0,0,0,0,0,0,0,0,0,0,0,0,0,0,0,0,0,0,0,0,0,0,0,0,0,0,0,0,0,0,0,0,0,0,0,0,0,0,0,0,0,0,0,0,0,0,0,0,0,0,0,0,0,0,0,0,0,-1,-1,0
0,0,0,0,0,0,0,0,0,0,0,0,0,0,0,0,0,0,0,0,0,-1,-1,0,0,-1,-1,-1,0,0,0,0,0.0133333333333333,0.0266666666666667,-1,-1,-1,-1,-1,-1,-1,-1,0.02,0.0266666666666667,0.0133333333333333,0,0.0333333333333333,0.0266666666666667,0.0266666666666667,0.0266666666666667,0.0333333333333333,-1,-1,-1,0.0133333333333333,0.0466666666666667,0.0133333333333333,0,0.04,0.0133333333333333,0.0133333333333333,0.0933333333333334,0.12,0.0666666666666667,0.08,0.14,0.12,-1,-1,-1,-1,-1,-1,-1,0.06,0.08,0.12,0.06,0.06,0.08,0.08,0.113333333333333,0.106666666666667,0.08,0.06,0.0466666666666667,0.0466666666666667,0.0733333333333334,0,0.00666666666666668,0.0333333333333333,0.0133333333333333,0.0133333333333333,0.00666666666666667,0.02,0.02,0.00666666666666667,0.02,0,0.02,0.0133333333333333,0.00666666666666667,0.0266666666666667,0.0133333333333333,0,0,0,0,0,0,0,0,0,0,0,0,0,0,0,0,0,0,0,0,0,0,0,0,0,0,0,0,0,0,0,0,0,0,0,0,0,0,0,0,0,0,0,0,0,0,0,0,0,0,0,0,0,0,0,0,0,0,0,0,0,0,0,0,0,0,0,0,0,0,0,0,0,-1,-1,0,-1,0,0,0,0,0,0,0,0,0,0,0,-1,-1,-1,-1,-1,-1,-1,0
0,0,0,0,0,0,0,0,0,0,0,0,0,0,0,0,0,0,-1,0,0,-1,-1,0,0,0,0,0,0,0,0,0,0.0333333333333333,0.0133333333333333,-1,-1,-1,-1,-1,-1,-1,-1,0.0133333333333333,0.02,0.0333333333333333,0.04,0.0266666666666667,0.0133333333333333,-1,-1,-1,-1,-1,-1,0.0333333333333333,0.0133333333333333,0.02,0.04,0.00666666666666667,0.12,0.1,0.113333333333333,0.08,0.0933333333333333,0.08,0.0866666666666667,0.12,0.113333333333333,0.106666666666667,-1,-1,-1,-1,-1,0.0733333333333333,0.06,0.1,0.0733333333333333,0.0666666666666666,0.0666666666666667,0.0666666666666667,0.0866666666666666,0.08,0.0933333333333333,0.0533333333333334,0.0533333333333334,0.0933333333333334,0.1,0.0733333333333333,0.00666666666666667,0.0266666666666667,0.00666666666666667,0.04,0.00666666666666667,0.0266666666666667,0.02,0.0133333333333333,0,0.00666666666666668,0,0.0266666666666667,0.0133333333333333,0.0133333333333333,0.02,0.00666666666666667,0.02,0,0,0,0,0,0,0,0,0,0,0,0,0,0,0,0,0,0,-1,0,-1,-1,0,-1,-1,-1,0,0,0,0,0,0,0,0,0,0,0,0,0,0,0,-1,0,0,0,0,0,0,0,0,0,0,0,0,0,-1,0,0,0,0,0,0,0,0,-1,-1,-1,-1,-1,0,0,-1,-1,0,0,0,0,0,0,0,-1,0,-1,0,0,0,0,0,0,0,0,0,-1,0
0,0,0,0,0,0,0,0,0,0,0,0,0,0,0,0,0,0,0,0,0,-1,-1,-1,-1,0,0,0,0,0,0.00666666666666667,0.0133333333333333,0.0133333333333333,0.0266666666666667,-1,-1,-1,-1,0.02,0.02,0.04,0.02,0.00666666666666667,0.00666666666666667,0.0333333333333333,0.00666666666666667,-1,-1,-1,-1,-1,-1,-1,0,0.00666666666666667,0.0333333333333333,0.02,0.113333333333333,0.1,0.08,0.1,0.0933333333333333,0.106666666666667,0.133333333333333,0.1,0.113333333333333,0.106666666666667,0.1,0.06,0.106666666666667,0.113333333333333,0.0933333333333333,-1,-1,0.106666666666667,0.166666666666667,0.12,0.113333333333333,0.12,0.133333333333333,0.0666666666666666,0.106666666666667,0.08,0.0666666666666667,0.0933333333333333,0.06,0.06,0.0733333333333333,0.0733333333333333,0.0533333333333333,0.00666666666666667,0.00666666666666667,0.0266666666666667,0.0266666666666667,0.02,0.02,0.0133333333333333,0.0133333333333333,0,0.0133333333333333,0.0133333333333333,0.00666666666666667,0.02,0.02,0.00666666666666667,0,0.0133333333333333,0.02,0,0,0,0,0,0,0,0,0,0,0,0,0,0,0,0,0,0,0,0,0,0,0,0,0,0,0,0,-1,-1,0,0,0,0,-1,-1,0,0,0,0,0,0,0,0,0,0,-1,-1,0,0,0,0,0,-1,0,0,0,0,0,0,0,0,-1,-1,-1,-1,-1,0,0,-1,-1,0,0,-1,-1,0,0,0,0,0,-1,0,0,0,0,0,0,0,0,0,0,0
0,0,0,0,0,0,0,0,0,0,0,0,0,0,0,0,0,0,0,0,0,-1,0,0,0,0,0,-1,-1,-1,0,0.0466666666666666,0.0266666666666667,0.00666666666666667,-1,-1,-1,-1,-1,-1,-1,-1,0.0133333333333333,0.0333333333333333,0.0266666666666667,0.0266666666666667,0.0133333333333333,-1,-1,-1,0.0266666666666667,0.04,0.0266666666666667,0.0266666666666667,0.0333333333333333,0.0266666666666667,0.12,0.06,0.106666666666667,0.113333333333333,0.0933333333333334,0.12,0.113333333333333,0.133333333333333,0.113333333333333,0.146666666666667,0.08,0.12,0.0933333333333333,0.126666666666667,0.08,0.126666666666667,0.126666666666667,0.133333333333333,0.113333333333333,0.106666666666667,0.12,0.12,-1,-1,-1,-1,-1,-1,0.06,0.08,0.0733333333333333,0.0533333333333333,0.0666666666666667,0.06,0.06,0.0266666666666667,0.0133333333333333,0.02,0.0266666666666667,0.0266666666666667,0,0.0266666666666667,0.0133333333333333,0.0266666666666667,0.0333333333333333,0.00666666666666667,0.0333333333333333,0,0.00666666666666667,0.00666666666666667,0.00666666666666667,0.0133333333333333,0.0133333333333333,0,0,0,0,0,0,0,0,0,0,0,0,-1,-1,-1,0,0,0,-1,0,0,-1,-1,0,0,0,0,-1,-1,0,-1,-1,0,-1,-1,0,0,-1,-1,-1,-1,-1,-1,-1,0,0,0,0,0,-1,0,0,0,0,0,0,-1,-1,-1,0,-1,0,0,0,0,0,0,-1,-1,-1,0,0,0,0,0,0,0,0,0,-1,0,0,0,0,-1,-1,0,-1,-1,0,0
0,0,0,0,0,0,0,0,0,0,0,0,0,0,0,0,0,0,0,0,0,0,0,0,0,0,0,-1,-1,-1,0.00666666666666667,0.02,0.02,0.0133333333333333,-1,-1,-1,-1,-1,-1,-1,-1,-1,0.0133333333333333,0.02,0.00666666666666667,0.00666666666666667,0.00666666666666667,0.0266666666666667,0.0533333333333334,0.0466666666666666,0.0533333333333334,0.0133333333333333,0.02,0.0866666666666667,0.08,-1,-1,-1,-1,-1,-1,-1,-1,-1,-1,-1,0.106666666666667,0.113333333333333,0.14,0.126666666666667,0.14,0.106666666666667,0.12,0.113333333333333,0.146666666666667,0.1,0.0933333333333333,-1,-1,-1,-1,-1,-1,-1,-1,-1,-1,0.0666666666666667,0.08,0.133333333333333,0.12,0.106666666666667,0.0333333333333333,0.0133333333333333,0.02,0.02,0,0.00666666666666667,0,0.02,0.04,0.0333333333333333,0.0133333333333333,0.00666666666666668,0.00666666666666667,0.02,0.0133333333333333,0.0133333333333333,0.00666666666666668,0.0266666666666667,0,0,0,0,-1,-1,-1,-1,0,0,0,0,0,0,0,0,-1,0,0,0,0,0,0,0,0,-1,-1,0,-1,-1,0,0,-1,0,0,0,0,0,0,-1,-1,-1,0,-1,-1,0,0,-1,-1,0,-1,-1,-1,0,-1,-1,-1,0,-1,0,-1,-1,0,-1,0,-1,-1,-1,0,0,0,0,0,-1,-1,-1,0,-1,0,-1,0,0,-1,-1,0,-1,-1,0,0
0,0,0,0,0,0,0,0,0,0,0,0,0,0,0,0,0,0,0,0,0,0,0,0,0,0,0.0133333333333333,0.00666666666666667,0,0.0266666666666667,0.00666666666666667,0.0133333333333333,0.02,0.00666666666666667,0.0133333333333333,0,0.0133333333333333,0.02,0.02,0.02,0.0133333333333333,0.02,-1,0.00666666666666667,0.00666666666666667,0.0133333333333333,0.0266666666666667,0.0266666666666667,0.0333333333333333,0.0333333333333333,0,0.0133333333333333,0.0333333333333333,0.113333333333333,0.0933333333333334,0.153333333333333,-1,-1,-1,-1,-1,-1,-1,-1,-1,-1,-1,0.113333333333333,0.0666666666666666,0.16,0.113333333333333,0.113333333333333,0.133333333333333,0.133333333333333,0.106666666666667,0.1,0.1,0.06,0.113333333333333,0.106666666666667,0.113333333333333,0.0666666666666667,-1,-1,-1,-1,-1,-1,-1,-1,-1,0.0866666666666667,0.0466666666666667,0.106666666666667,0.0266666666666667,0.02,0,0.0133333333333333,0.0266666666666667,0.02,0.0133333333333333,0.00666666666666667,0.0266666666666667,0.02,0.0133333333333333,0.0133333333333333,0.0133333333333333,-1,0.0333333333333333,0.04,0.0133333333333333,0.0133333333333333,0,0,0,-1,-1,-1,-1,0,0,0,0,0,0,0,0,0,0,0,0,0,0,0,0,0,-1,-1,0,0,-1,0,0,0,0,0,0,0,0,0,0,0,0,0,0,0,0,0,0,0,0,0,0,0,0,0,0,0,0,0,0,0,0,0,0,0,0,0,0,0,0,-1,-1,0,0,0,0,0,-1,0,-1,0,0,-1,-1,0,0,0,0,0
0,0,0,0,0,0,0,0,0,0,0,0,0,0,0,0,0,0,0,0,0,0,0,0,0,0,0.00666666666666667,0.00666666666666667,-1,-1,0.0266666666666667,0.0133333333333333,0.0133333333333333,0,-1,-1,-1,-1,-1,-1,-1,-1,-1,0.0266666666666667,0.0266666666666667,0.0466666666666667,0.0466666666666667,0.0333333333333333,0.0466666666666667,0.0266666666666667,0.0666666666666667,-1,-1,-1,-1,0.1,-1,-1,-1,-1,-1,-1,-1,-1,-1,-1,-1,0.12,0.1,0.14,0.113333333333333,0.106666666666667,0.106666666666667,0.126666666666667,0.126666666666667,0.133333333333333,0.126666666666667,0.166666666666667,0.126666666666667,0.106666666666667,0.0733333333333333,0.0866666666666667,0.106666666666667,0.0866666666666667,0.08,0.113333333333333,-1,-1,-1,-1,-1,-1,-1,-1,0.0133333333333333,0.04,0.0133333333333333,0.0133333333333333,0.0133333333333334,0.0133333333333333,0.02,0.00666666666666667,0.0133333333333333,-1,-1,-1,-1,-1,-1,0.02,0.02,0.00666666666666667,0.0266666666666667,0,0,0,0,0,0,0,0,0,0,0,0,0,0,0,0,0,0,0,0,0,0,0,0,0,0,0,0,0,0,0,0,0,0,0,0,0,0,0,0,0,0,0,0,0,0,0,0,0,0,0,0,0,0,0,0,0,0,0,0,0,0,0,-1,-1,0,0,0,-1,-1,0,-1,0,-1,0,-1,0,0,0,0,0,0,0,0,0,0,0
0,0,0,0,0,0,0,0,0,0,0,0,0,0,0,0,0,0,0,0,0,0,0,0,0,0.0266666666666667,0.02,0.0133333333333333,-1,-1,0,0.00666666666666667,0.0266666666666667,0.0133333333333333,0.02,-1,-1,-1,-1,-1,-1,-1,-1,0.02,0.0333333333333333,0.00666666666666667,0.04,0.0333333333333333,-1,-1,-1,-1,-1,-1,-1,0.113333333333333,0.106666666666667,0.0733333333333333,0.126666666666667,0.113333333333333,0.166666666666667,0.126666666666667,0.106666666666667,0.12,0.166666666666667,0.14,0.146666666666667,0.0933333333333334,0.18,0.106666666666667,0.1,0.126666666666667,0.133333333333333,0.106666666666667,0.106666666666667,0.166666666666667,0.173333333333333,0.146666666666667,0.106666666666667,0.1,0.133333333333333,0.0733333333333334,0.0866666666666667,0.106666666666667,0.14,0.08,0.0733333333333333,0.0866666666666667,0.12,0.1,-1,-1,-1,-1,0.0933333333333334,0.00666666666666667,0.0133333333333333,0.02,0,0.02,-1,-1,-1,-1,-1,-1,-1,-1,-1,0.0266666666666667,0,0.0133333333333333,0,0.02,0,-1,-1,-1,-1,-1,-1,0,0,0,0,0,0,-1,-1,0,-1,-1,-1,-1,0,0,-1,-1,0,-1,-1,0,0,0,0,0,0,0,0,0,0,0,0,0,0,0,0,0,0,0,0,0,0,0,0,0,0,0,0,0,0,0,0,0,0,0,0,0,0,0,0,0,0,0,0,0,0,0,0,0,0,0,0,-1,-1,0,-1,-1,-1,0
0,0,0,0,0,0,0,0,0,0,0,0,0,0,0,0,0,0,0,0,0,0,0,0,0.00666666666666667,0.0133333333333333,0.02,0.0133333333333333,-1,-1,-1,0.0133333333333333,0.02,0.02,0.02,-1,-1,-1,-1,-1,-1,-1,-1,0.0333333333333333,0.0266666666666667,0.02,0.0133333333333333,-1,-1,-1,-1,-1,-1,-1,0.0933333333333333,0.106666666666667,0.113333333333333,0.153333333333333,0.166666666666667,0.18,0.166666666666667,0.126666666666667,0.146666666666667,0.133333333333333,0.0866666666666667,0.126666666666667,0.153333333333333,0.113333333333333,0.16,0.113333333333333,-1,-1,-1,-1,-1,-1,-1,-1,0.146666666666667,0.0733333333333333,0.0933333333333333,0.113333333333333,0.146666666666667,0.106666666666667,0.133333333333333,0.113333333333333,0.14,0.1,0.133333333333333,0.0866666666666667,0.0866666666666666,0.0733333333333334,0.1,0.12,0.113333333333333,0.06,0.0266666666666667,0,0.0266666666666667,0.0333333333333333,-1,-1,-1,-1,-1,-1,-1,0.00666666666666667,-1,0.00666666666666667,0,0.0133333333333333,0.02,0.00666666666666667,0,0,0,0,0,0,0,0,0,0,0,0,0,0,0,0,-1,-1,-1,-1,0,0,-1,-1,0,-1,-1,0,-1,-1,-1,-1,-1,-1,-1,-1,0,0,0,0,0,0,0,0,0,0,0,0,0,0,0,0,0,0,0,0,0,0,0,0,0,0,0,0,0,0,0,0,0,0,0,0,0,0,0,0,0,0,0,0,0,0,0,0,0,0
0,0,0,0,-1,-1,-1,-1,0,0,-1,-1,-1,-1,-1,0,0,0,0,0,0,0,0,0.00666666666666667,0.02,0.0133333333333333,0.0333333333333333,0.0266666666666667,0.00666666666666667,-1,-1,0.02,0.0333333333333333,0,0.02,0.02,0.0266666666666667,0.0533333333333333,0.0333333333333333,0.02,0.0266666666666667,0.02,0.06,0.0466666666666667,0.06,0.0333333333333333,0.0266666666666667,0.02,-1,-1,0.126666666666667,0.126666666666667,0.0933333333333334,0.14,0.16,0.12,0.18,0.18,0.173333333333333,0.16,0.173333333333333,0.186666666666667,0.12,0.186666666666667,0.12,0.18,0.133333333333333,0.173333333333333,0.186666666666667,0.16,-1,-1,-1,-1,-1,-1,-1,-1,0.126666666666667,0.14,0.106666666666667,0.166666666666667,0.153333333333333,0.16,0.146666666666667,0.106666666666667,0.126666666666667,0.1,0.0933333333333334,0.133333333333333,0.126666666666667,0.1,0.1,0.0733333333333334,0.12,0.06,0.12,0.0133333333333333,0.00666666666666667,0.0333333333333334,0.02,0.0333333333333334,0.00666666666666667,-1,0.0133333333333333,0.02,0.02,0.00666666666666667,0.0133333333333333,0.0266666666666667,0.0133333333333333,0.0133333333333333,0.02,0.02,0.02,0.0133333333333333,0,0,0,0,0,0,0,0,0,0,0,0,0,0,0,0,0,0,0,0,0,0,0,0,0,0,0,0,0,0,0,0,0,0,0,0,0,0,0,0,0,0,0,0,0,0,0,0,0,0,0,0,0,0,0,0,0,0,0,0,0,0,0,0,0,0,0,0,0,0,0,0,0,-1,-1,0,0,0,0,0,-1,0,0,0
0,0,0,-1,-1,-1,-1,0,0,0,0,0,0,-1,-1,0,0,0,0,0,0,0,0,0.0133333333333333,0.00666666666666667,0,0.0133333333333333,0,0.0266666666666667,-1,-1,0.0266666666666667,0.00666666666666667,0.02,0.0266666666666667,0.02,0.0333333333333333,0.02,0.0266666666666667,0.00666666666666667,0.0333333333333333,0.0266666666666667,0.04,0.06,0.0266666666666667,0.02,0.0333333333333333,0.0266666666666667,0.126666666666667,0.14,0.14,0.1,0.14,0.126666666666667,0.16,0.173333333333333,0.106666666666667,0.14,0.186666666666667,0.14,-1,-1,-1,-1,-1,-1,-1,-1,-1,-1,-1,-1,-1,-1,-1,0.16,0.166666666666667,0.133333333333333,0.113333333333333,0.14,0.146666666666667,0.173333333333333,-1,-1,-1,-1,-1,0.113333333333333,0.106666666666667,0.126666666666667,0.1,0.126666666666667,0.12,0.146666666666667,0.1,0.0933333333333333,0.0933333333333333,0.04,0.0333333333333333,0,0.0133333333333333,0.00666666666666667,0.0333333333333333,0,0.02,0.0133333333333333,0,0.0133333333333333,0.0133333333333333,0,0.0266666666666667,0.00666666666666667,0.0333333333333333,0.00666666666666667,0.0266666666666667,0,0.00666666666666667,0,0,0,0,0,0,0,0,0,0,0,0,0,0,0,0,0,0,0,0,0,0,0,0,0,0,0,0,0,0,0,0,0,0,0,0,0,0,0,0,0,0,0,0,0,0,0,0,0,0,0,0,0,0,0,0,0,0,0,0,0,0,0,0,0,0,0,0,0,0,0,0,0,0,0,0,0,0,0,0,0,0,0
0,0,0,-1,-1,0,0,0,0,0,0,0,0,-1,-1,0,0,0,0,0,0,-1,-1,-1,0.0333333333333333,-1,-1,0.0133333333333333,0.0133333333333333,-1,-1,0.04,0.00666666666666667,0.0133333333333333,0.0133333333333333,0.04,0.04,-1,-1,-1,-1,-1,-1,-1,-1,0.0266666666666667,0.0666666666666667,0.14,0.12,0.153333333333333,0.08,0.0866666666666667,0.12,0.16,0.16,0.08,0.18,-1,0.18,0.166666666666667,-1,-1,-1,-1,-1,-1,-1,0.226666666666667,0.146666666666667,0.213333333333333,0.153333333333333,0.18,0.173333333333333,0.12,0.146666666666667,0.18,0.226666666666667,0.2,0.133333333333333,0.126666666666667,0.18,0.18,-1,-1,-1,-1,-1,-1,-1,-1,-1,-1,0.0666666666666667,0.0933333333333333,0.12,0.1,0.0933333333333333,0.0866666666666667,0.02,0.00666666666666667,0.0133333333333333,0.00666666666666667,0.00666666666666667,0.04,0.0133333333333333,0.02,-1,0.0266666666666667,0.00666666666666667,0.04,0.02,0.0133333333333333,0.0333333333333333,0.02,0.0266666666666667,0.02,0.0133333333333333,0,0,0,0,0,0,0,0,0,0,0,0,0,0,0,0,0,0,0,0,0,0,0,0,0,0,0,0,0,0,0,0,0,0,0,0,0,0,0,0,0,0,0,0,0,0,0,0,0,0,0,0,0,0,0,0,0,0,0,0,0,0,0,0,0,0,0,0,0,0,0,0,0,0,0,0,0,0,0,0,0,0,0
0,0,0,0,-1,0,0,0,0,0,0,0,0,0,0,0,0,0,0,0,0,0.0133333333333333,0.00666666666666667,0.0266666666666667,0.02,0.02,0.00666666666666667,0.0133333333333333,0.0133333333333333,-1,-1,0.0133333333333333,0.0133333333333333,0.00666666666666667,0.0266666666666667,0.04,0.02,-1,-1,-1,-1,-1,-1,-1,-1,0.0333333333333333,0.12,0.126666666666667,0.146666666666667,0.16,0.16,0.193333333333333,0.166666666666667,0.1,0.166666666666667,-1,-1,-1,-1,0.106666666666667,0.166666666666667,0.213333333333333,0.2,0.206666666666667,0.186666666666667,0.213333333333333,0.186666666666667,0.266666666666667,0.166666666666667,0.206666666666667,0.193333333333333,0.126666666666667,0.206666666666667,0.193333333333333,0.153333333333333,0.213333333333333,0.153333333333333,0.2,0.146666666666667,0.16,0.173333333333333,0.146666666666667,-1,-1,-1,-1,-1,-1,-1,-1,-1,-1,-1,-1,-1,-1,-1,0.06,0.0266666666666667,0.0133333333333333,0.0333333333333333,0.04,0.00666666666666667,0.02,0.0333333333333333,0,0.0133333333333333,0.02,0.0133333333333333,0.0333333333333333,0.02,0.0266666666666667,0.0133333333333333,0,0.0133333333333333,0.00666666666666667,0.0133333333333333,0,0,0,0,0,-1,-1,-1,-1,0,0,0,0,0,0,0,0,-1,-1,0,0,0,0,0,0,0,0,0,0,0,0,0,0,0,0,0,0,0,0,0,0,0,0,0,0,0,0,0,0,0,0,0,0,0,0,0,0,0,0,0,0,0,0,0,0,0,0,0,0,0,0,0,0,0,0,0,0,0,0,0,0,0,0
0,0,0,0,-1,0,0,0,0,0,0,0,0,0,0,0,0,0,0,0,0,0.02,-1,-1,-1,-1,-1,0,0.0266666666666667,-1,-1,0.0266666666666667,0.0266666666666667,0.0333333333333333,0.02,0.02,0.0133333333333333,-1,-1,-1,-1,0.06,0.0266666666666667,0.0333333333333333,0.06,0.0333333333333333,0.133333333333333,0.146666666666667,0.16,0.173333333333333,0.16,0.16,-1,-1,-1,-1,-1,-1,-1,0.246666666666667,0.153333333333333,0.193333333333333,0.206666666666667,0.2,0.193333333333333,0.186666666666667,0.2,0.22,0.166666666666667,0.186666666666667,0.2,0.226666666666667,0.2,0.18,-1,-1,-1,-1,-1,0.186666666666667,0.206666666666667,-1,-1,-1,-1,0.153333333333333,0.133333333333333,-1,-1,-1,-1,-1,-1,-1,-1,-1,0.146666666666667,0.0933333333333334,0.12,0.02,0.02,0.02,0.0333333333333333,0,0.0133333333333333,0.0333333333333333,0.00666666666666667,0.02,0.00666666666666667,0.02,0.02,0.00666666666666667,0.02,0.02,0.00666666666666667,0.0133333333333333,0.0133333333333333,0.0133333333333333,0.0133333333333333,0,0,0,-1,-1,-1,-1,0,0,0,0,-1,-1,-1,-1,-1,-1,0,0,0,0,0,0,0,0,0,0,0,0,0,-1,0,0,0,0,0,0,0,0,0,-1,-1,-1,-1,-1,-1,-1,-1,-1,-1,-1,-1,-1,-1,-1,0,0,-1,-1,-1,-1,-1,-1,-1,-1,-1,-1,-1,0,0,0,0,0,-1,-1,-1,-1,-1,0,0,0
0,0,0,0,0,-1,-1,-1,0,0,0,0,0,0,0,0,0,0,-1,0,0.02,0,-1,-1,-1,-1,0.0133333333333333,0.02,0.00666666666666667,-1,-1,0.0266666666666667,0.0266666666666667,0.0266666666666667,0.0333333333333333,0.0466666666666667,0.0666666666666667,0.0266666666666667,0.00666666666666667,0.0266666666666667,0.02,0.0133333333333333,0.0133333333333333,0.04,0.06,0.126666666666667,0.133333333333333,0.146666666666667,0.153333333333333,-1,-1,-1,-1,-1,-1,-1,-1,0.2,0.206666666666667,0.246666666666667,0.26,0.186666666666667,0.226666666666667,0.213333333333333,0.186666666666667,0.2,0.166666666666667,-1,-1,-1,-1,-1,-1,-1,-1,-1,-1,-1,-1,-1,-1,-1,-1,-1,-1,-1,-1,-1,-1,-1,-1,0.126666666666667,0.173333333333333,-1,-1,-1,0.106666666666667,0.12,0.126666666666667,0.0933333333333333,0.0333333333333333,0.04,0.0466666666666667,0.0133333333333333,0.00666666666666667,-1,-1,-1,-1,0.0266666666666667,0.00666666666666668,0.00666666666666667,0.0266666666666667,0.0133333333333333,0.0333333333333333,0.00666666666666667,0.02,-1,-1,-1,-1,0,-1,-1,-1,0,0,0,0,-1,-1,-1,-1,-1,-1,-1,-1,0,0,0,0,0,0,0,0,0,-1,-1,-1,-1,-1,0,0,0,0,0,0,0,0,-1,-1,-1,-1,-1,-1,-1,-1,-1,-1,-1,-1,-1,-1,-1,0,0,-1,-1,-1,-1,-1,-1,-1,-1,-1,-1,-1,0,0,0,0,0,-1,-1,-1,-1,-1,0,0,0
0,0,0,0,0,0,0,0,0,0,0,0,0,0,0,-1,-1,0,-1,0,0.0266666666666667,0.0333333333333333,0.02,0.0133333333333333,0.0133333333333333,0.0333333333333333,0.02,0.0266666666666667,0.02,-1,-1,0.0133333333333333,0.0266666666666667,0.0333333333333333,0.02,0.0266666666666667,0.04,0.02,0.0466666666666667,0.0333333333333333,0.0466666666666667,0.0333333333333333,0.0333333333333333,0.06,0.0733333333333334,0.133333333333333,0.2,0.193333333333333,-1,-1,-1,-1,-1,-1,0.146666666666667,0.213333333333333,0.253333333333333,0.226666666666667,0.233333333333333,0.22,0.206666666666667,0.286666666666667,0.206666666666667,0.22,0.313333333333333,-1,-1,-1,-1,-1,-1,-1,-1,-1,-1,-1,-1,0.266666666666667,0.233333333333333,0.266666666666667,0.213333333333333,-1,-1,-1,-1,-1,-1,-1,-1,-1,-1,-1,-1,-1,0.133333333333333,0.113333333333333,0.12,0.12,0.106666666666667,0.0933333333333333,-1,-1,-1,-1,-1,-1,-1,-1,-1,-1,0.0133333333333333,0.02,0,0.00666666666666667,-1,-1,-1,-1,-1,-1,-1,-1,-1,-1,-1,0,0,0,0,0,-1,-1,-1,-1,-1,-1,0,0,0,0,0,0,0,-1,-1,-1,-1,-1,-1,-1,-1,0,0,0,0,0,0,0,0,0,-1,-1,-1,0,0,-1,-1,-1,0,0,-1,-1,-1,0,0,0,0,-1,-1,-1,-1,0,0,-1,0,0,-1,0,0,0,0,0,0,0,0,0,0,0,0,0
0,0,0,0,0,0,-1,-1,0,0,0,0,0,0,0,0,-1,0,0,0,0,-1,-1,-1,0.0266666666666667,0.0133333333333333,0.0133333333333333,0.00666666666666667,0.02,-1,-1,0.0133333333333333,0.0266666666666667,0.00666666666666667,0.0333333333333333,0.0533333333333334,0.04,0.0466666666666667,0.0533333333333334,0.0266666666666667,0.06,0.06,0.0333333333333333,0.0533333333333334,0.166666666666667,0.126666666666667,0.166666666666667,0.16,0.173333333333333,-1,-1,0.193333333333333,0.193333333333333,0.22,0.2,0.253333333333333,0.266666666666667,0.213333333333333,0.246666666666667,0.22,0.233333333333333,0.233333333333333,0.253333333333333,0.233333333333333,0.266666666666667,-1,-1,-1,-1,-1,-1,0.2,0.266666666666667,0.226666666666667,0.22,0.273333333333333,0.22,0.22,0.153333333333333,0.2,0.12,0.173333333333333,-1,-1,-1,0.213333333333333,0.173333333333333,-1,-1,-1,-1,-1,-1,-1,0.106666666666667,0.153333333333333,0.173333333333333,-1,-1,-1,-1,-1,-1,-1,-1,-1,-1,-1,-1,-1,0.00666666666666667,0.00666666666666668,0.00666666666666667,0.0133333333333333,0.0133333333333333,-1,-1,-1,-1,-1,0.00666666666666667,0,-1,-1,0,0,0,0,0,0,-1,0,0,0,0,0,0,0,0,0,-1,-1,-1,-1,-1,-1,-1,-1,-1,0,0,0,0,0,0,0,0,0,0,0,0,0,0,0,0,0,0,0,0,0,0,0,0,0,0,0,0,0,0,0,0,0,0,0,0,0,-1,0,0,0,0,0,0,0,0,0,0,0,0,0
0,0,0,0,0,0,0,0,0,0,0,0,-1,-1,0,0,0,0,0,0.0266666666666667,0.0266666666666667,0,0.0133333333333333,0.02,0.00666666666666667,0.04,0.0266666666666667,0.00666666666666667,0.04,0.00666666666666667,0.0333333333333333,0.0333333333333333,0.02,0.0266666666666667,0.04,0.04,0.0266666666666667,0.0266666666666667,0.0266666666666667,0.0266666666666667,0.04,0.00666666666666667,0.0533333333333333,0.166666666666667,0.226666666666667,0.173333333333333,0.153333333333333,0.153333333333333,0.226666666666667,0.16,0.253333333333334,0.206666666666667,0.206666666666667,0.206666666666667,0.18,0.253333333333333,0.233333333333333,0.266666666666667,0.28,0.286666666666667,-1,-1,-1,-1,0.28,0.306666666666666,0.3,0.266666666666667,0.186666666666667,0.246666666666667,0.3,0.233333333333333,0.266666666666666,0.206666666666667,0.266666666666667,0.293333333333333,0.273333333333333,0.12,0.213333333333333,0.193333333333333,0.18,0.14,-1,-1,-1,-1,-1,-1,-1,-1,-1,0.1,-1,-1,0.12,0.146666666666667,0.126666666666667,0.113333333333333,-1,-1,-1,-1,-1,-1,-1,0.04,-1,-1,-1,-1,0.0133333333333333,0.0333333333333333,0.00666666666666667,0.00666666666666667,0,-1,0.0333333333333333,0.0133333333333333,0,0.0133333333333333,0.04,0.0266666666666667,0,0,0,0,0,0,0,0,0,0,0,0,0,0,0,-1,-1,-1,-1,-1,-1,-1,-1,-1,-1,0,0,0,0,0,0,0,0,0,0,-1,-1,-1,-1,-1,-1,-1,-1,-1,-1,-1,-1,-1,-1,0,0,0,0,-1,-1,-1,-1,-1,-1,-1,-1,-1,-1,-1,-1,-1,-1,0,0,0,0,0,0,0,0,0,0,0
0,0,0,0,0,0,0,0,0,0,0,0,-1,0,0,0,0,0,0,0.0266666666666667,0.02,0,-1,-1,-1,-1,-1,-1,0.0133333333333333,-1,-1,0.02,0.0266666666666667,0.0333333333333333,0.04,0.0333333333333333,0.0266666666666667,-1,-1,-1,-1,-1,-1,-1,-1,0.16,0.193333333333333,0.186666666666667,0.18,0.186666666666667,0.24,0.26,0.266666666666667,0.166666666666667,0.226666666666667,0.266666666666667,0.32,-1,-1,-1,-1,-1,-1,-1,0.313333333333333,0.253333333333333,0.28,0.286666666666667,0.22,0.34,0.393333333333333,0.253333333333333,0.293333333333333,0.246666666666667,0.26,0.253333333333333,-1,-1,-1,0.28,0.253333333333334,0.16,-1,-1,-1,-1,-1,-1,-1,-1,-1,-1,-1,-1,-1,-1,0.0933333333333333,0.1,-1,-1,-1,0.0466666666666667,-1,-1,-1,-1,-1,-1,-1,-1,0.02,0.0333333333333333,0.0266666666666667,0.0266666666666667,0.00666666666666667,0.0133333333333333,0.02,0,0,0.00666666666666667,0,0.00666666666666667,0,0,0,0,0,0,0,0,0,0,0,0,0,0,-1,-1,-1,-1,-1,-1,-1,-1,0,0,0,0,0,0,0,0,0,0,0,0,0,-1,-1,-1,-1,-1,-1,-1,-1,-1,-1,-1,-1,-1,-1,0,0,0,-1,-1,-1,-1,-1,-1,-1,-1,-1,-1,-1,-1,-1,-1,-1,0,0,0,0,0,0,0,0,0,0,0
0,0,0,0,0,0,0,0,0,0,0,0,0,0,0,0,0,0,0,-1,-1,0,0,-1,0.0266666666666667,-1,-1,-1,0.0133333333333333,-1,-1,-1,0.02,0.0333333333333333,0.04,0.0333333333333333,0.0533333333333333,-1,-1,-1,-1,-1,-1,-1,-1,0.126666666666667,0.193333333333333,0.206666666666667,0.24,0.22,0.286666666666666,0.193333333333333,0.206666666666667,-1,-1,-1,-1,-1,-1,-1,-1,-1,0.4,0.286666666666667,0.426666666666667,0.333333333333333,0.32,0.333333333333333,0.26,0.28,0.293333333333333,-1,-1,-1,-1,-1,-1,-1,-1,0.28,0.226666666666667,0.306666666666667,0.133333333333333,0.22,0.153333333333333,0.186666666666667,0.233333333333333,0.213333333333333,-1,-1,-1,-1,-1,-1,-1,-1,0.166666666666667,0.12,-1,-1,-1,-1,-1,-1,-1,-1,-1,-1,-1,-1,0.0133333333333333,0.0133333333333333,0.0266666666666667,0.0133333333333333,0,0.02,0,0.0133333333333333,0,0.02,0.0133333333333333,0.00666666666666667,0.00666666666666667,0,-1,0,0,0,0,0,0,0,0,0,0,0,-1,-1,-1,-1,-1,0,0,0,0,0,0,0,0,0,0,0,0,0,0,0,0,-1,-1,-1,-1,-1,-1,-1,-1,0,0,-1,-1,0,0,0,0,0,-1,-1,-1,-1,-1,-1,-1,-1,-1,-1,-1,-1,-1,-1,-1,0,0,0,0,0,0,0,0,0,0,0
0,0,0,0,0,0,0,0,0,0,0,0,0,0,0,0,0,0,0.02,0.0133333333333333,0.0133333333333333,0.0266666666666667,0.00666666666666667,-1,0,0.02,0.0266666666666667,0.00666666666666667,0.0133333333333333,0.06,-1,-1,0.0333333333333333,0.04,0.0333333333333333,0.0266666666666667,0.0266666666666667,-1,-1,-1,0.02,0.0333333333333333,0.0933333333333333,0.18,0.186666666666667,0.166666666666667,0.233333333333333,0.24,0.26,0.186666666666667,-1,-1,-1,-1,-1,-1,-1,-1,-1,0.433333333333333,0.426666666666666,0.486666666666667,0.38,0.466666666666667,0.386666666666667,0.4,0.406666666666667,-1,-1,-1,-1,-1,-1,-1,-1,-1,-1,-1,-1,-1,0.26,0.253333333333333,0.24,0.313333333333333,0.286666666666667,0.233333333333333,0.186666666666667,0.213333333333333,0.233333333333333,0.246666666666667,0.213333333333333,0.226666666666667,0.16,0.146666666666667,-1,-1,0.18,0.126666666666667,-1,-1,-1,-1,-1,-1,-1,0.0266666666666667,0.00666666666666667,0.02,0.0466666666666667,0.0133333333333333,0.02,0.02,0.02,0.0133333333333333,0.00666666666666668,0.00666666666666667,0,0,-1,0.00666666666666667,0.02,-1,-1,-1,-1,-1,0,0,0,0,0,0,0,0,0,0,-1,-1,0,0,0,0,0,0,0,0,0,0,0,0,0,0,0,0,0,0,0,-1,-1,-1,0,0,-1,-1,-1,0,0,-1,-1,0,0,0,0,0,0,0,0,0,0,0,0,0,0,0,0,0,-1,-1,-1,0,0,0,0,0,0,0,0,0,0,0
0,0,0,0,0,0,-1,-1,-1,0,0,0,0,0,0,0,0,0,0.0133333333333333,0.02,-1,0.00666666666666667,0.0133333333333333,0.00666666666666667,0.0333333333333333,0.0533333333333333,0.0133333333333333,0.0333333333333333,0.0133333333333333,0.0333333333333333,-1,-1,0.0466666666666667,0.02,0.0266666666666667,0.0533333333333333,0.0333333333333333,0.0133333333333333,0.0533333333333333,0.0733333333333334,0.0533333333333334,0.04,0.16,0.206666666666667,0.146666666666667,0.16,0.173333333333333,0.26,-1,-1,-1,-1,-1,-1,-1,-1,0.426666666666667,0.4,0.426666666666667,0.5,0.526666666666667,0.466666666666667,0.5,0.413333333333333,0.46,0.393333333333333,0.44,-1,-1,-1,-1,-1,-1,-1,-1,-1,-1,-1,-1,-1,0.3,0.273333333333333,0.286666666666667,0.273333333333333,0.266666666666667,0.213333333333333,0.24,0.246666666666667,0.233333333333333,0.24,0.26,0.26,0.24,0.193333333333333,0.2,0.113333333333333,0.14,0.166666666666667,0.1,-1,-1,0.12,0,0.02,0.00666666666666668,0.04,0.00666666666666667,0.0133333333333333,0.02,0.0266666666666667,0.04,0,0.00666666666666667,0.02,0.02,0.0133333333333333,0.00666666666666667,0.0133333333333333,-1,-1,-1,-1,-1,-1,-1,0,0,0,0,0,0,0,0,0,0,0,0,0,0,0,0,0,0,0,0,0,0,0,0,0,0,0,-1,-1,-1,0,0,0,0,0,0,0,0,0,0,0,0,0,0,0,0,0,0,0,0,0,-1,-1,-1,0,0,0,-1,-1,-1,-1,-1,-1,-1,0,0,0,0,0,0,0,0,0,-1,0
0,0,0,0,0,0,-1,0,0,0,0,0,0,0,0,0,0,0,0,0,0.0133333333333333,0.02,0.0133333333333333,0.02,0.0133333333333333,0.0266666666666667,0.0133333333333333,0.02,0.00666666666666667,0.00666666666666667,-1,-1,0.02,0.0466666666666667,0.02,0.0333333333333333,0.0333333333333333,0.0333333333333333,0.0533333333333334,0.0733333333333333,0.0533333333333334,0.18,0.153333333333333,0.173333333333333,0.173333333333333,0.133333333333333,0.2,0.173333333333333,0.253333333333333,-1,-1,-1,-1,0.4,0.34,0.433333333333333,0.46,0.426666666666667,0.493333333333333,0.553333333333334,0.48,0.52,0.52,0.433333333333333,0.513333333333333,0.386666666666667,0.433333333333333,-1,-1,-1,-1,-1,-1,-1,-1,-1,-1,-1,-1,-1,0.3,0.313333333333333,0.333333333333333,0.186666666666667,0.26,0.3,0.333333333333333,0.266666666666667,0.28,0.213333333333333,0.22,0.233333333333333,0.266666666666667,0.213333333333334,0.16,0.206666666666667,0.18,0.126666666666667,0.146666666666667,0.133333333333333,0.126666666666667,0.1,0.0266666666666667,0.06,0.0133333333333333,0.02,0.0333333333333333,0.0266666666666667,0.00666666666666667,0.00666666666666667,0.0533333333333333,-1,-1,-1,0.0266666666666667,0.0133333333333333,-1,-1,-1,-1,-1,-1,0.0266666666666667,0.0133333333333333,0,0,0,0,0,0,0,0,0,0,0,0,0,0,0,0,0,0,0,0,0,0,0,0,0,0,-1,-1,-1,-1,-1,0,0,0,0,0,0,0,0,0,0,0,0,0,0,0,0,0,0,0,0,0,-1,-1,-1,0,0,0,-1,-1,-1,0,0,0,0,0,0,0,0,0,0,0,0,0,-1,0
0,0,0,0,0,0,0,0,0,0,0,0,0,0,0,0,0,0,0.0133333333333333,0.00666666666666667,0.02,0.00666666666666667,0.02,0.02,0.0266666666666667,0,0.0133333333333333,0.00666666666666667,0.02,0.02,-1,-1,0.02,0.02,0.04,0.0133333333333333,0.0666666666666667,0.04,0.0466666666666667,0.04,-1,-1,-1,-1,-1,0.113333333333333,0.173333333333333,0.206666666666667,0.226666666666667,-1,0.333333333333333,0.34,0.373333333333333,0.366666666666667,0.44,0.513333333333334,0.546666666666667,0.533333333333333,0.56,0.533333333333333,0.64,0.58,0.44,0.56,0.48,0.386666666666667,0.42,-1,-1,-1,-1,-1,-1,-1,-1,-1,-1,-1,0.406666666666667,0.38,0.333333333333333,0.36,0.286666666666667,0.373333333333333,-1,-1,-1,-1,-1,-1,-1,-1,-1,0.16,0.173333333333333,0.12,0.153333333333333,0.153333333333333,0.1,0.0933333333333333,0.1,0.106666666666667,0.02,0.0666666666666667,0.0133333333333333,-1,-1,-1,-1,-1,-1,-1,-1,-1,0.00666666666666667,0.0133333333333333,-1,-1,-1,0.0133333333333333,0,0.0133333333333333,0,0,0,0,0,-1,0,0,0,0,0,0,0,0,0,0,0,0,0,0,0,0,0,0,0,-1,-1,-1,-1,-1,-1,-1,-1,0,0,0,0,-1,-1,-1,-1,0,0,0,0,0,0,0,0,0,0,0,0,0,0,0,0,0,0,0,0,0,0,0,0,0,0,0,0,0,0,0,0,0,0,-1,0,0
0,0,0,0,0,0,0,0,0,0,0,0,0,0,0,0,0,0,0.02,0.0133333333333333,0.02,0.0333333333333333,0.0133333333333333,0.00666666666666667,0.0333333333333333,0.02,0.0266666666666667,0.0266666666666667,0.0266666666666667,0.00666666666666667,0.0266666666666667,-1,0.0266666666666667,0.04,0.0266666666666667,0.0266666666666667,0.0133333333333333,-1,-1,-1,-1,-1,-1,-1,-1,0.206666666666667,0.226666666666667,0.186666666666667,0.246666666666667,0.28,0.326666666666667,0.393333333333333,0.426666666666667,0.406666666666667,0.526666666666667,0.506666666666667,0.553333333333333,0.573333333333333,0.6,0.693333333333334,0.673333333333334,-1,-1,-1,-1,-1,0.48,-1,-1,-1,-1,-1,-1,-1,-1,-1,-1,-1,0.44,-1,-1,-1,0.42,0.346666666666667,-1,-1,-1,-1,-1,-1,-1,-1,-1,-1,-1,0.133333333333333,0.173333333333333,0.146666666666667,-1,-1,-1,-1,-1,-1,-1,-1,-1,-1,-1,-1,-1,-1,-1,-1,0.0333333333333333,0.0133333333333333,0.0133333333333333,0.0466666666666667,0.00666666666666667,0.0266666666666667,0.00666666666666667,0.00666666666666667,0,-1,-1,-1,-1,-1,0,0,0,0,0,0,0,0,0,0,0,0,0,0,0,0,-1,-1,-1,-1,-1,-1,-1,-1,-1,0,0,0,-1,-1,-1,-1,-1,-1,-1,0,0,0,0,0,0,0,0,0,0,0,0,0,0,0,0,0,0,0,0,0,0,0,0,0,0,0,0,0,0,0,-1,-1,-1,-1,0,0
0,0,0,0,0,0,0,0,0,0,0,0,0,0,0,0,0,0,0,0.0133333333333333,0.0333333333333333,0.04,0.00666666666666667,0.0266666666666667,0.00666666666666667,0.00666666666666667,-1,-1,-1,-1,0.04,0.02,0.0133333333333333,0.0333333333333333,0.06,0.02,0.0333333333333333,-1,-1,-1,-1,-1,-1,-1,-1,0.273333333333333,0.246666666666667,0.293333333333333,0.273333333333333,0.24,0.273333333333334,0.326666666666666,0.38,0.44,0.433333333333333,0.553333333333333,-1,-1,-1,-1,-1,-1,-1,-1,-1,-1,0.446666666666667,-1,-1,-1,-1,-1,-1,0.353333333333333,0.333333333333333,0.36,-1,-1,-1,-1,-1,-1,-1,0.473333333333333,0.446666666666667,0.326666666666667,0.386666666666667,0.36,0.366666666666667,-1,-1,-1,-1,-1,-1,0.226666666666667,-1,-1,-1,-1,-1,-1,-1,-1,-1,-1,-1,-1,-1,-1,-1,-1,-1,-1,0.02,0.0133333333333333,0.00666666666666667,0.02,0.04,0.0133333333333333,-1,-1,-1,-1,-1,-1,-1,-1,0,0,0,0,0,0,0,0,0,0,0,0,0,-1,-1,-1,-1,-1,-1,-1,-1,-1,0,0,0,-1,-1,-1,-1,-1,-1,-1,-1,-1,0,0,0,0,0,0,0,0,0,0,0,0,0,0,0,0,0,0,-1,-1,0,0,0,0,0,0,0,-1,0,0,0,0,-1,-1,-1,-1,-1,-1
0,0,0,0,0,0,0,0,0,0,0,0,0,-1,0,0,0,0,0,0,0,0.00666666666666667,0.0266666666666667,0,0,0,0,0.0333333333333333,0.04,0.02,0.0333333333333333,0.0466666666666667,0.0333333333333333,0.04,0.02,0.0666666666666667,0.04,0.0533333333333334,-1,-1,-1,0.126666666666667,0.12,0.12,0.253333333333333,0.233333333333333,0.186666666666667,0.266666666666667,0.246666666666667,0.32,0.353333333333333,0.333333333333333,-1,-1,-1,-1,-1,-1,-1,-1,-1,-1,-1,-1,-1,0.566666666666667,-1,-1,-1,-1,0.346666666666667,0.466666666666667,-1,-1,-1,-1,-1,-1,-1,-1,-1,-1,0.506666666666667,0.566666666666667,0.52,0.486666666666667,0.406666666666667,0.413333333333333,0.366666666666667,0.32,0.306666666666667,0.293333333333333,0.273333333333333,0.233333333333333,0.253333333333334,0.18,0.166666666666667,-1,-1,-1,-1,-1,-1,-1,-1,-1,-1,-1,-1,-1,-1,-1,-1,0.0266666666666667,0.00666666666666668,0,0.0133333333333333,0.0133333333333333,-1,-1,-1,-1,-1,-1,-1,-1,-1,0,0,0,0,0,-1,-1,-1,-1,-1,0,0,-1,-1,-1,-1,-1,-1,-1,-1,0,0,0,-1,-1,-1,-1,-1,-1,-1,-1,-1,-1,-1,-1,0,0,0,0,0,0,-1,0,0,0,0,0,0,-1,-1,-1,-1,-1,-1,-1,0,0,-1,-1,-1,-1,-1,-1,0,0,0,0,-1,-1,-1,-1,-1,-1
0,0,0,0,0,0,0,0,0,0,-1,-1,-1,-1,0,0,0,0,0.0333333333333333,0.02,0.00666666666666667,-1,0.02,0.0133333333333334,0.02,0.0133333333333333,0.00666666666666667,0.0266666666666667,0.0266666666666667,0.0333333333333333,0.0333333333333333,0.00666666666666667,-1,0.02,0.0133333333333333,0.06,0.0266666666666667,0.0466666666666667,0.04,0.06,0.186666666666667,0.146666666666667,0.173333333333333,0.22,0.186666666666667,0.2,0.226666666666667,0.273333333333333,0.253333333333334,0.32,-1,-1,-1,-1,-1,-1,-1,-1,-1,-1,0.96,0.946666666666667,0.873333333333333,0.806666666666667,0.74,0.693333333333333,0.533333333333333,0.46,0.453333333333333,0.42,0.373333333333333,0.42,-1,-1,-1,-1,-1,-1,0.553333333333333,0.566666666666667,0.626666666666667,0.68,0.673333333333333,0.64,0.626666666666667,0.54,0.36,0.386666666666667,0.46,0.306666666666666,0.26,0.286666666666667,0.3,0.253333333333333,0.24,0.173333333333333,0.226666666666667,-1,-1,-1,-1,-1,-1,-1,-1,-1,-1,-1,-1,-1,-1,-1,-1,0.00666666666666667,0.02,0.0133333333333333,0.0133333333333333,0.02,0.02,-1,-1,-1,-1,-1,-1,-1,-1,0,0,0,0,0,-1,-1,-1,-1,-1,0,0,-1,-1,-1,-1,-1,-1,0,0,-1,-1,-1,-1,-1,-1,-1,-1,-1,-1,-1,-1,-1,0,0,0,0,0,-1,-1,-1,-1,0,0,0,0,-1,-1,-1,-1,-1,-1,-1,-1,-1,0,-1,-1,-1,-1,-1,-1,-1,0,0,0,0,0,0,0,0,0,0
0,0,0,0,0,0,0,0,0,0,0,0,0,0,0,0,0,0,0,0,0.00666666666666667,-1,0.02,0.0133333333333333,0,0.0333333333333333,0.0133333333333333,-1,-1,-1,-1,0.0533333333333333,0.0333333333333333,0.0333333333333333,0.04,0.04,0.04,0.0733333333333333,0.0533333333333333,0.0533333333333333,0.08,0.153333333333333,0.16,0.16,0.213333333333333,0.246666666666667,0.24,0.306666666666667,0.266666666666667,0.273333333333333,-1,-1,-1,-1,-1,-1,0.613333333333334,0.693333333333333,0.806666666666667,0.893333333333334,0.906666666666666,0.946666666666667,0.86,0.78,0.706666666666667,0.626666666666667,0.526666666666667,0.5,0.54,0.433333333333333,0.413333333333333,0.46,-1,-1,-1,0.506666666666666,0.44,0.526666666666667,0.5,0.553333333333333,0.646666666666667,0.613333333333333,0.68,0.633333333333333,0.566666666666666,0.573333333333334,0.5,0.426666666666667,0.446666666666667,0.32,0.306666666666667,0.26,0.253333333333333,0.266666666666667,0.206666666666667,0.246666666666667,-1,-1,-1,-1,-1,-1,-1,-1,-1,-1,-1,-1,-1,-1,-1,-1,-1,0.0133333333333333,0.0266666666666667,0,0.0266666666666667,-1,-1,-1,-1,-1,-1,-1,-1,0,0,0,0,0,0,0,-1,-1,-1,-1,-1,0,0,0,-1,-1,0,0,0,0,0,-1,-1,-1,-1,-1,-1,-1,-1,-1,-1,0,0,0,0,0,-1,-1,-1,-1,-1,-1,-1,-1,0,0,0,-1,-1,-1,-1,-1,-1,-1,-1,0,0,-1,-1,-1,-1,0,0,0,0,0,0,0,0,0,0,0,0,0
0,0,0,0,0,0,0,0,0,0,0,0,0,0,0,0,0,0,0,0.0133333333333333,0.00666666666666667,0.02,0,0,0.0133333333333333,0.02,0.00666666666666667,-1,-1,-1,-1,-1,-1,0.0466666666666667,0.0333333333333333,0.04,0.02,0.0533333333333333,0.0266666666666667,0.0533333333333333,0.146666666666667,0.106666666666667,0.14,0.113333333333333,0.16,0.22,0.206666666666667,0.233333333333333,0.24,0.286666666666667,0.28,-1,0.366666666666667,0.44,0.513333333333334,0.56,0.686666666666666,0.826666666666667,0.853333333333334,0.873333333333334,0.933333333333333,0.86,0.813333333333334,0.72,0.626666666666667,0.6,0.606666666666666,0.52,0.406666666666667,-1,0.393333333333333,0.353333333333333,0.393333333333333,0.413333333333333,0.473333333333333,0.44,0.513333333333334,0.613333333333333,0.593333333333333,0.633333333333333,0.753333333333334,0.773333333333333,0.746666666666667,0.726666666666666,-1,-1,-1,-1,-1,-1,-1,-1,0.253333333333333,0.266666666666667,0.206666666666667,0.22,-1,-1,-1,-1,-1,-1,-1,-1,-1,-1,-1,0.04,0.04,0,0.0266666666666667,0.00666666666666668,0.0133333333333333,0.00666666666666667,0,0.0133333333333333,0.02,-1,-1,-1,-1,0,0,0.00666666666666667,0.0133333333333334,0,0,0,0,0,0,0,-1,-1,-1,-1,-1,0,0,0,0,0,0,0,0,0,-1,-1,-1,-1,-1,-1,-1,-1,0,0,0,0,0,0,-1,-1,-1,-1,-1,-1,-1,-1,0,0,0,0,0,-1,-1,-1,0,0,0,0,0,0,0,0,-1,-1,-1,-1,-1,0,0,0,0,-1,-1,-1,-1,-1,-1,0
0,0,0,0,0,0,0,0,0,0,0,0,0,0,0,0,0,0,0.00666666666666667,0.0133333333333333,0.00666666666666667,0.02,0.0333333333333333,0.0266666666666667,0.02,0.0133333333333333,0.02,0.02,0.00666666666666668,0.0266666666666667,0.0133333333333333,-1,-1,0.0133333333333333,0,0.04,0.0266666666666667,0.0533333333333333,0.0133333333333333,0.0533333333333333,-1,-1,-1,-1,-1,-1,0.186666666666667,0.293333333333333,0.273333333333333,0.28,0.36,0.373333333333333,0.34,0.486666666666667,0.466666666666667,0.526666666666667,0.653333333333333,0.64,0.74,0.813333333333333,0.846666666666666,0.766666666666667,0.633333333333333,0.546666666666667,0.553333333333333,-1,-1,-1,-1,-1,-1,0.393333333333333,0.373333333333333,0.42,0.466666666666667,0.44,0.52,0.493333333333334,0.626666666666667,0.613333333333333,-1,-1,-1,-1,-1,-1,-1,-1,-1,-1,-1,-1,0.233333333333334,0.26,0.28,0.16,-1,-1,-1,-1,-1,0.126666666666667,0.0333333333333333,0.06,-1,-1,-1,0.02,0.0333333333333333,0.02,0.04,0.02,0.02,0.02,0.00666666666666667,0.00666666666666667,0,0.00666666666666667,0.00666666666666667,0.0133333333333333,0.00666666666666667,0.0133333333333333,0.0266666666666667,0.00666666666666667,0,0,0,0,0,0,0,0,0,0,0,0,0,0,-1,-1,-1,-1,-1,0,0,0,-1,-1,-1,-1,-1,0,0,0,0,0,0,-1,-1,-1,-1,-1,-1,-1,-1,-1,-1,-1,-1,0,0,0,0,0,0,0,0,0,0,0,0,0,-1,-1,-1,-1,-1,-1,-1,0,0,0,0,-1,-1,-1,-1,-1,-1,-1
0,0,0,0,0,0,0,0,0,0,0,0,0,0,0,0,0,0,0,0.00666666666666667,0.0133333333333333,0.00666666666666667,0.0133333333333333,0.0133333333333333,0.02,0.02,0.0133333333333333,-1,-1,-1,0.0466666666666667,0.0266666666666667,0.02,0.0333333333333333,0.0733333333333334,0.06,0.0133333333333333,0.04,-1,-1,-1,-1,-1,-1,-1,-1,0.173333333333333,0.206666666666667,0.206666666666667,0.226666666666667,0.273333333333333,0.286666666666667,0.333333333333333,0.386666666666667,0.48,0.486666666666667,0.486666666666667,0.673333333333334,0.68,0.579999999999999,0.7,0.626666666666667,0.533333333333334,-1,-1,-1,-1,-1,-1,-1,-1,0.44,0.46,0.386666666666667,0.446666666666667,0.433333333333333,0.473333333333333,-1,-1,-1,-1,-1,-1,-1,-1,-1,-1,-1,-1,-1,-1,-1,0.24,0.273333333333333,0.2,0.2,0.153333333333333,0.173333333333333,-1,-1,-1,-1,-1,-1,-1,-1,-1,0.02,0.04,0.0133333333333333,0.0133333333333333,0.00666666666666667,0.0266666666666667,0.00666666666666667,0.00666666666666667,0.0133333333333333,0.00666666666666667,0.0266666666666667,0.00666666666666667,0.0133333333333333,0,0,0,0,0,0,0,-1,0,0,0.00666666666666667,0.0133333333333333,0.02,0,0.00666666666666667,0.02,0,0,-1,-1,-1,-1,-1,0,0,0,0,-1,0,0,0,0,0,0,-1,-1,-1,-1,-1,-1,-1,-1,-1,-1,-1,-1,-1,-1,0,0,0,0,0,0,0,0,0,0,0,-1,0,0,0,-1,-1,-1,0,0,0,0,0,0,0,-1,-1,-1,-1,-1,-1,-1
0,0,0,0,0,0,0,0,0,0,0,0,0,0,0,0,0,0,0,0.0133333333333333,0.02,0.0133333333333334,0.00666666666666667,0.0133333333333333,0.00666666666666667,0.0133333333333333,0.00666666666666667,0.02,-1,-1,-1,-1,-1,0.0666666666666667,0.00666666666666667,0.02,0.0333333333333333,0.02,-1,-1,-1,-1,-1,-1,-1,0.193333333333333,0.126666666666667,0.173333333333333,0.22,0.22,0.326666666666667,0.293333333333333,0.32,0.28,0.406666666666667,0.473333333333333,0.413333333333333,-1,-1,-1,-1,-1,-1,-1,-1,-1,0.46,0.446666666666667,0.38,0.38,0.413333333333333,0.466666666666667,0.366666666666667,0.346666666666667,-1,-1,-1,-1,-1,-1,-1,-1,0.793333333333333,-1,-1,-1,-1,-1,-1,-1,-1,-1,0.233333333333333,0.286666666666666,-1,-1,-1,-1,-1,-1,-1,-1,-1,-1,-1,-1,-1,0.0333333333333333,0.0133333333333333,0.06,0.00666666666666667,0.02,0.00666666666666667,0.0133333333333333,-1,0.02,0.0133333333333333,0.0133333333333333,0.0133333333333333,0,0.00666666666666667,0.06,0.04,0.0533333333333334,-1,-1,-1,-1,0.00666666666666667,0.00666666666666667,0.00666666666666667,0,0.00666666666666667,0.00666666666666667,0,0,0,0.0333333333333333,-1,-1,-1,-1,-1,0.0133333333333333,0.00666666666666667,0,0,0,0,0,0,0,0,-1,-1,-1,-1,-1,-1,-1,-1,-1,-1,-1,-1,0,0,0,0,0,0,0,0,0,0,0,0,0,0,-1,-1,0,0,0,0,0,0,0,0,0,0,0,0,0,-1,-1,-1,-1,0,0
0,0,0,0,0,0,0,0,0,0,0,0,0,0,0,0,0,0,0.02,0.0133333333333333,0.0133333333333333,0.00666666666666667,0.0133333333333333,0.02,0.0133333333333333,0.02,0,0,0,0,0.0266666666666667,0.0266666666666667,0.0266666666666667,0.0333333333333333,0.06,0.0266666666666667,0.06,0.0666666666666667,0.0266666666666667,0.0466666666666667,0.0933333333333333,0.133333333333333,0.16,0.173333333333333,0.133333333333333,0.0666666666666667,0.126666666666667,0.206666666666667,0.186666666666667,0.266666666666666,-1,-1,-1,-1,-1,-1,-1,-1,-1,-1,-1,-1,-1,-1,-1,-1,0.36,0.38,0.373333333333333,0.386666666666667,0.38,0.386666666666667,0.373333333333333,0.366666666666667,0.453333333333333,-1,-1,-1,0.533333333333333,-1,-1,-1,-1,-1,-1,-1,-1,-1,-1,-1,-1,0.28,0.213333333333333,0.16,0.2,-1,-1,-1,-1,-1,-1,-1,-1,-1,-1,-1,-1,0.0266666666666667,0.02,-1,-1,-1,-1,-1,-1,0.00666666666666667,0.00666666666666667,0,0.06,0.04,0.0933333333333333,-1,-1,-1,-1,-1,-1,-1,-1,0.00666666666666667,0,0.0266666666666667,0.00666666666666667,0,0.02,0.0133333333333333,0.00666666666666667,0.00666666666666668,0.02,0,0,0,0.00666666666666667,0.0266666666666667,-1,-1,-1,-1,-1,0,0,0,0,0,-1,-1,-1,-1,-1,-1,-1,-1,0,0,0,-1,-1,-1,-1,0,0,0,0,0,0,0,0,0,0,-1,-1,0,0,-1,-1,-1,-1,-1,-1,0,0,0,0,0,-1,-1,-1,-1,-1,0
0,0,0,0,0,0,0,0,0,-1,0,0,0,0,0,0,0,0,0.0333333333333333,0.00666666666666667,0.0333333333333333,0.02,0.00666666666666667,0.02,0.0133333333333333,0,0.0333333333333333,-1,-1,-1,-1,-1,-1,-1,0.02,0.04,0.0333333333333333,0.0333333333333333,0.0333333333333333,0.0466666666666667,0.16,0.0733333333333333,0.0666666666666667,0.06,0.126666666666667,0.1,0.16,0.186666666666667,0.16,0.28,-1,-1,-1,-1,-1,-1,-1,-1,-1,-1,0.42,0.413333333333333,0.333333333333333,0.446666666666667,0.386666666666667,0.353333333333333,0.4,0.346666666666667,0.346666666666667,0.293333333333333,0.34,0.32,0.32,0.386666666666667,0.4,-1,-1,-1,-1,-1,-1,-1,-1,0.613333333333333,0.48,0.486666666666667,0.426666666666667,0.406666666666667,0.373333333333333,0.293333333333333,0.293333333333333,0.273333333333333,0.226666666666667,0.213333333333333,0.16,-1,-1,-1,-1,-1,-1,-1,-1,-1,-1,-1,-1,0.0333333333333333,0.02,-1,-1,-1,-1,-1,-1,0.0466666666666666,0.08,0.0666666666666667,-1,-1,-1,-1,-1,-1,-1,-1,0.00666666666666667,0.00666666666666667,0.00666666666666667,0.00666666666666667,0.00666666666666667,0.00666666666666667,0.0133333333333333,0.0133333333333333,0,0.02,0.00666666666666667,0.00666666666666667,0.02,0.00666666666666667,0,0,0,0,-1,-1,-1,-1,-1,0.00666666666666667,0.0266666666666667,0,-1,-1,-1,-1,-1,-1,-1,0,0,-1,-1,-1,-1,-1,-1,-1,-1,-1,0,0,0,0,0,0,0,0,0,-1,-1,-1,-1,-1,-1,-1,-1,-1,0,0,0,0,0,0,0,0,0,0,0,-1
0,0,0,0,0,0,0,0,0,0,-1,0,0,0,0,0,0,0,0,0,0.02,0.00666666666666667,0,0.0133333333333333,0.0333333333333333,0.0133333333333333,0,-1,0.0333333333333333,0.0133333333333333,0.02,0.0133333333333333,0.02,0.0133333333333333,0.0266666666666667,0.0533333333333333,0.0266666666666667,0.04,0,0.00666666666666667,0.08,0.0666666666666666,0.0733333333333334,0.0666666666666667,0.0866666666666666,0.16,0.213333333333333,0.206666666666667,0.2,0.24,-1,-1,0.3,0.233333333333333,0.26,0.333333333333333,0.36,0.286666666666667,0.253333333333333,0.4,0.333333333333333,0.366666666666667,0.346666666666667,0.34,0.306666666666667,0.413333333333333,0.286666666666667,0.34,0.333333333333333,0.293333333333333,0.306666666666667,0.26,-1,-1,-1,-1,-1,-1,-1,0.48,0.48,0.546666666666667,0.473333333333333,0.533333333333333,0.52,0.406666666666667,0.373333333333333,0.386666666666667,0.28,0.253333333333333,0.293333333333333,0.306666666666666,0.193333333333333,0.166666666666667,-1,-1,-1,-1,-1,-1,-1,-1,-1,-1,-1,-1,0.0266666666666667,0.0133333333333333,-1,-1,-1,-1,-1,-1,-1,0.0466666666666667,0.0266666666666667,0.0533333333333334,-1,-1,-1,-1,-1,0.0466666666666667,0.04,0.02,0.00666666666666667,0.00666666666666667,0,0,0.0133333333333333,0.00666666666666667,0.0133333333333333,0.00666666666666667,0.0133333333333333,0.00666666666666667,0.02,0.02,0.0266666666666667,0.02,0,0.0133333333333333,0.00666666666666668,0.0133333333333333,-1,-1,-1,-1,-1,0.00666666666666667,0.0333333333333333,0.0133333333333333,-1,-1,-1,-1,0,0,-1,-1,-1,-1,-1,-1,-1,-1,-1,-1,0,0,0,0,0,0,-1,-1,-1,-1,0,0,0,0,-1,0,0,0,0,0,-1,-1,-1,0,0,0,-1,-1,-1,-1,-1,-1
0,0,0,0,0,0,0,0,0,0,-1,0,0,0,0,0,0,0,0,0,0.00666666666666667,0.04,0.02,0.02,0.0133333333333333,0.0266666666666667,0.00666666666666667,0,0.0466666666666667,0.0133333333333333,0.02,0.0333333333333333,0.02,0.02,0,0.00666666666666667,0,0,0.0333333333333333,0.0466666666666667,-1,-1,-1,-1,-1,-1,-1,0.106666666666667,0.16,0.213333333333333,0.153333333333333,0.206666666666667,0.213333333333333,0.286666666666667,0.32,0.306666666666667,0.273333333333333,0.3,0.24,0.293333333333333,0.286666666666667,0.246666666666667,0.28,0.313333333333333,0.346666666666667,0.32,0.34,0.413333333333333,0.333333333333333,0.3,0.326666666666667,0.28,0.346666666666667,-1,-1,-1,0.346666666666667,0.34,0.42,0.373333333333333,0.493333333333333,0.406666666666667,0.406666666666667,0.366666666666667,0.433333333333333,0.406666666666667,0.426666666666667,0.34,0.34,0.233333333333333,0.226666666666667,0.266666666666667,0.246666666666667,0.2,-1,-1,-1,-1,-1,-1,-1,0.0266666666666667,0.0333333333333333,0.0333333333333333,0.0333333333333333,0.0266666666666667,0.00666666666666667,0.0133333333333333,0.02,-1,0.02,0.0733333333333333,0.0466666666666667,0.08,0.0866666666666667,0.08,0.0266666666666667,0.0733333333333334,0.0133333333333333,-1,0.06,0.06,0.0666666666666667,0.06,0.06,0.0133333333333333,0.00666666666666667,0,0.00666666666666667,0.00666666666666667,0.0133333333333333,0.0133333333333333,0.00666666666666667,0.02,0.0133333333333333,0.0333333333333333,0.02,0.00666666666666667,0.00666666666666667,0,0,0.0266666666666667,0.0333333333333333,0.0133333333333333,0.02,0.02,0.0133333333333333,0.00666666666666667,0,0.00666666666666667,0.00666666666666667,0,0.02,0.04,0.0266666666666667,0.04,0,0,-1,-1,-1,-1,-1,-1,-1,0,0,-1,0,0,0,-1,-1,-1,-1,-1,-1,-1,-1,0,0,0,0,-1,-1,-1,-1,-1,-1,-1,-1,0,0,0,-1,-1,-1,-1,-1,-1
0,0,0,0,0,0,0,0,0,0,-1,0,0,0,0,0,0,0,0,0,0.0133333333333333,0.02,0.0333333333333333,0.00666666666666667,0,0.0133333333333333,0.02,0,-1,-1,0.0133333333333333,0.02,-1,0.0133333333333333,0,0,0.0533333333333334,0.0666666666666666,0.0266666666666667,0.04,-1,-1,-1,-1,-1,-1,-1,-1,0.146666666666667,0.16,0.16,0.146666666666667,0.146666666666667,0.293333333333333,0.206666666666667,0.306666666666667,0.273333333333333,0.273333333333333,0.28,0.266666666666667,0.28,0.293333333333333,0.286666666666667,0.32,0.266666666666667,0.213333333333333,0.26,0.266666666666667,0.28,0.286666666666667,0.313333333333333,0.246666666666667,0.253333333333333,0.3,0.313333333333333,0.326666666666667,0.353333333333333,0.32,0.386666666666666,0.38,0.4,0.366666666666667,0.433333333333333,0.393333333333333,-1,-1,-1,-1,-1,-1,0.233333333333333,0.24,0.173333333333333,0.233333333333333,-1,-1,-1,0.18,-1,-1,0.0533333333333333,0.0666666666666666,0.0533333333333333,0.0533333333333334,0.0133333333333333,0.02,0.0133333333333333,0.02,0.0133333333333333,0.06,0.0466666666666667,0.0466666666666667,0.0466666666666667,0.04,0.06,0.04,0.0466666666666667,0.0733333333333333,0.06,0.0133333333333333,0.1,0.00666666666666667,0.08,0.04,0.0133333333333333,0.0133333333333333,0.0266666666666667,0.00666666666666667,0.0133333333333333,-1,0.00666666666666667,0.0133333333333333,0.00666666666666667,0,0.0133333333333333,0.0133333333333333,0.00666666666666667,0.0133333333333333,0.02,0,0,0.00666666666666667,0.02,0.0333333333333333,0,0.02,0.0133333333333333,0.0133333333333333,0,0.0266666666666667,0.00666666666666667,-1,-1,-1,0,0.0266666666666667,0.0133333333333333,0,-1,-1,-1,0,0,-1,-1,-1,-1,-1,0,0,0,-1,-1,-1,-1,-1,0,0,-1,0,0,-1,-1,-1,-1,-1,-1,-1,-1,0,0,0,0,0,0,-1,-1,-1,-1,-1
0,0,0,0,0,0,0,0,0,0,0,-1,0,0,0,0,0,0,0,0,0.0266666666666667,0,0.0266666666666667,0.0533333333333333,0.0133333333333333,0.00666666666666667,0.0133333333333333,0.0133333333333333,0.0333333333333333,0.02,0.0133333333333333,0.0266666666666667,0.0133333333333333,0.04,0,0.0266666666666667,0.0266666666666667,0.0533333333333333,0.04,0.0266666666666667,-1,-1,-1,-1,-1,-1,0.126666666666667,0.173333333333333,0.14,0.133333333333333,0.106666666666667,0.153333333333333,0.213333333333334,0.253333333333333,0.24,0.18,0.253333333333333,0.28,0.28,0.266666666666667,0.26,0.24,0.313333333333333,0.253333333333333,0.22,0.253333333333333,0.233333333333333,0.266666666666667,-1,-1,0.32,0.28,0.246666666666667,0.22,0.24,0.293333333333333,0.333333333333333,0.306666666666667,0.313333333333333,0.34,-1,-1,-1,-1,-1,-1,-1,-1,-1,-1,0.16,0.166666666666667,0.166666666666667,0.233333333333333,0.14,0.14,0.113333333333333,0.0866666666666667,0.106666666666667,0.0866666666666667,0.0133333333333333,0.0466666666666667,0.06,0.0266666666666667,0.0333333333333333,0.0266666666666667,0.00666666666666667,0.0866666666666667,0.0466666666666667,0.0533333333333334,0.0266666666666667,0.0466666666666667,0.06,0.04,0.02,0.0266666666666667,0.0266666666666667,0.0666666666666667,0.06,0.04,0.0333333333333333,0.0333333333333333,0.0533333333333334,0.06,0.02,-1,-1,-1,-1,-1,0,0.0133333333333333,0.0333333333333333,0.02,0.0266666666666667,0,0.0133333333333333,0.0266666666666667,0.02,0,0.02,0.0533333333333333,0.0133333333333333,0.00666666666666667,0.02,0.02,0,0.00666666666666667,0.0133333333333333,0.00666666666666668,-1,-1,-1,-1,0,0.0133333333333333,0.04,0.00666666666666667,0.0133333333333333,0,-1,-1,-1,-1,-1,-1,-1,-1,-1,0,0,0,0,-1,-1,-1,-1,-1,-1,0,0,0,-1,-1,0,-1,-1,-1,-1,0,0,0,0,0,0,-1,-1,-1,-1,-1
0,0,0,0,0,0,0,0,0,0,0,-1,0,0,-1,-1,0,0,0,0,0.02,0.0133333333333333,0.02,0.0266666666666667,0.0266666666666667,0,0.02,0.0133333333333333,0.0133333333333333,-1,-1,-1,-1,-1,-1,0.0333333333333333,0.02,0.0333333333333333,0.02,0.0466666666666667,0.0333333333333333,0.106666666666667,0.153333333333333,0.12,0.0733333333333333,0.12,0.113333333333333,0.14,0.1,0.106666666666667,0.14,0.0933333333333334,0.166666666666667,0.153333333333333,0.2,0.273333333333333,0.18,0.166666666666667,0.246666666666667,0.233333333333334,0.193333333333333,0.246666666666667,0.253333333333333,0.246666666666667,0.28,0.266666666666667,-1,-1,-1,-1,0.326666666666667,0.266666666666667,0.273333333333333,0.26,0.226666666666667,0.28,0.306666666666667,0.28,-1,-1,-1,-1,-1,-1,-1,-1,-1,0.273333333333333,0.246666666666667,0.233333333333333,0.2,0.18,0.186666666666667,0.18,0.153333333333333,0.173333333333333,0.133333333333333,0.126666666666667,0.08,0.12,0.0733333333333334,0.0266666666666667,0.0266666666666667,0.0133333333333333,0.0133333333333333,0.0333333333333333,0.0533333333333333,0.0533333333333333,0.06,0.04,0.04,0.04,0.0466666666666667,0.0866666666666667,0.0266666666666667,0.0266666666666667,0.0333333333333333,0.0133333333333333,0.0333333333333333,0.0133333333333333,0.04,0.08,-1,-1,-1,-1,-1,-1,-1,-1,0.0266666666666667,0.00666666666666667,0.00666666666666667,0.0266666666666667,0.0133333333333333,0.00666666666666667,0.0133333333333333,0.02,0.0133333333333333,0,0.0333333333333333,0.00666666666666667,0.00666666666666667,0.0333333333333333,0.0333333333333333,0.0266666666666667,0.02,0.02,0.0133333333333333,0.04,-1,-1,0.0133333333333333,0.0333333333333333,0.0333333333333333,0.00666666666666667,0.02,0.0133333333333333,0.0133333333333333,0.0133333333333333,0,-1,-1,-1,-1,-1,-1,-1,0,0,-1,-1,-1,-1,-1,-1,-1,-1,0,-1,0,-1,-1,-1,-1,-1,-1,-1,-1,0,0,0,0,0,0,-1,-1,-1,0,0
0,0,0,0,0,0,0,0,0,0,0,0,0,0,0,0,0,0,0,0,0,0,0,0,0.02,0.02,0.02,0.0133333333333333,0.0133333333333333,0.0266666666666667,0.00666666666666667,-1,-1,-1,0.0266666666666667,0.02,0.02,0.0333333333333333,0.0333333333333333,0.04,0.0266666666666667,0.0266666666666667,0.1,0.0533333333333333,0.0933333333333333,0.146666666666667,0.133333333333333,0.106666666666667,0.153333333333333,0.14,0.16,0.16,0.22,0.206666666666667,0.14,0.2,0.253333333333333,0.146666666666667,0.18,0.22,0.193333333333333,0.233333333333333,0.226666666666667,0.24,0.186666666666667,0.153333333333333,-1,-1,-1,-1,0.186666666666667,0.2,0.246666666666667,0.18,0.266666666666667,0.24,0.193333333333333,0.193333333333333,0.286666666666667,-1,-1,-1,-1,0.266666666666666,0.286666666666667,0.246666666666667,0.253333333333333,0.18,0.18,0.186666666666667,0.153333333333333,0.12,0.18,0.06,0.0733333333333333,0.04,0.0266666666666667,0.0533333333333334,0.0533333333333334,0.0666666666666667,0.0266666666666667,0.0333333333333333,0.0133333333333333,0,0,0.0133333333333333,0.08,0.0933333333333334,0.08,0.02,0.0533333333333333,0.0666666666666667,0.1,-1,0.0466666666666667,0.0533333333333333,0.0333333333333333,0.02,0.0333333333333333,0.0133333333333333,0.0333333333333333,-1,-1,-1,-1,-1,-1,0.00666666666666667,0.0266666666666667,0.0133333333333333,0.0266666666666667,0,0.00666666666666667,0.0266666666666667,0.00666666666666667,0.00666666666666668,0.0266666666666667,0.02,0.0133333333333333,0,0.00666666666666668,0.0133333333333333,0.00666666666666667,0,0.0333333333333333,0.0133333333333333,0.0133333333333333,0.04,0.0133333333333333,0.00666666666666667,0.0266666666666667,0.00666666666666667,0.0333333333333333,0.0266666666666667,0.0266666666666667,0.0133333333333333,0.02,0.0133333333333333,-1,-1,-1,-1,-1,-1,-1,-1,-1,-1,-1,0,-1,-1,-1,0,0,-1,-1,-1,-1,-1,0,-1,-1,-1,-1,-1,0,0,0,0,0,0,0,0,0,0,0,0,0,0
0,0,0,0,0,0,0,0,0,0,0,0,0,0,0,0,0,0,0,0,0,0,0,0.0266666666666667,0.0133333333333333,0.0133333333333333,0.0133333333333333,0.0133333333333333,0.0133333333333333,0.0266666666666667,0.02,-1,-1,-1,0.0333333333333334,0.0333333333333333,0,0.0133333333333333,0.02,0.0266666666666667,0.02,0.0266666666666667,0.0733333333333334,0.1,0.1,0.126666666666667,-1,-1,-1,-1,0.12,0.126666666666667,0.166666666666667,0.126666666666667,0.153333333333333,0.146666666666667,0.186666666666667,0.16,0.206666666666667,0.22,-1,-1,-1,-1,-1,-1,0.246666666666667,0.213333333333333,0.153333333333333,0.193333333333333,0.233333333333333,0.253333333333333,0.26,0.186666666666667,-1,-1,-1,0.22,0.306666666666667,-1,0.3,0.22,0.24,0.246666666666667,0.213333333333333,0.233333333333333,0.153333333333333,0.186666666666667,0.186666666666667,0.16,0.0866666666666667,0.14,0.133333333333333,0.133333333333334,0.06,0.06,0.06,0.0466666666666667,0.0466666666666667,0,0,0,0,0.0866666666666667,0.06,0.06,0.0866666666666667,0.06,-1,-1,-1,-1,-1,-1,0.0333333333333333,0.0466666666666667,0.06,0.0533333333333333,0.0866666666666667,0.0266666666666667,0.06,-1,-1,0.0266666666666667,0.00666666666666667,0,0.00666666666666667,0.0133333333333333,0.0266666666666667,0.0133333333333333,0.00666666666666667,0.02,0.02,0.0133333333333333,0.00666666666666667,0.02,0.0266666666666667,0.0333333333333333,0,0,0.06,0.0133333333333333,0.0533333333333333,0.02,0.0133333333333333,0.00666666666666667,0.02,0.00666666666666667,0.00666666666666667,0.00666666666666667,0.00666666666666667,0.02,0.02,0,-1,0.0133333333333333,0.0266666666666667,0.0133333333333333,-1,-1,-1,-1,-1,-1,-1,-1,0,0,0,0,-1,-1,-1,-1,-1,-1,-1,-1,-1,-1,0,0,0,0,0,0,0,0,0,0,0,0,0,0,0,0,0,0,0,0
0,0,0,0,0,0,0,0,0,0,0,0,0,0,0,0,0,0,0,0,0,0.02,0.0133333333333333,0,0.0133333333333333,0.0133333333333333,0,0.02,0.0266666666666667,0,0.0133333333333333,0.0133333333333333,0.00666666666666667,0.0133333333333333,0.04,0.00666666666666667,0.02,0.0266666666666667,0.0266666666666667,0.0266666666666667,0.0333333333333333,0.0266666666666667,-1,-1,-1,-1,-1,-1,-1,-1,0.153333333333333,0.106666666666667,0.1,0.106666666666667,-1,-1,-1,-1,-1,-1,-1,-1,-1,-1,-1,-1,-1,0.153333333333333,0.166666666666667,0.226666666666667,0.26,0.16,0.2,-1,-1,-1,-1,-1,0.173333333333333,0.18,0.206666666666667,0.246666666666667,0.193333333333333,0.173333333333333,0.146666666666667,0.2,0.166666666666667,0.12,0.18,0.18,0.12,0.113333333333333,0.113333333333333,0.106666666666667,0.0866666666666667,0.06,0.0533333333333333,0.06,0.04,0,0,0,0.0266666666666667,-1,-1,-1,-1,-1,-1,-1,-1,-1,0.0666666666666667,0.106666666666667,0.0533333333333333,0.04,0.0733333333333333,0.0533333333333334,0.0666666666666667,0.0733333333333333,0.06,0.0933333333333333,0.04,0.0133333333333333,0.02,0.0133333333333333,0.00666666666666667,0.02,0.02,0.0133333333333334,0.0333333333333333,0,0.0466666666666667,0.04,0.02,0.0333333333333333,0.0133333333333333,0.0266666666666667,0,0.0333333333333333,0.0266666666666667,0.0333333333333333,0.0333333333333333,0.00666666666666667,0.02,0.02,0.0133333333333333,0.02,-1,-1,-1,-1,-1,-1,-1,0.0133333333333333,0.0266666666666667,0.0133333333333333,0.00666666666666667,-1,-1,0.02,0,0.02,0,0,0,0,-1,-1,-1,-1,-1,-1,-1,-1,-1,-1,0,0,0,0,0,0,0,0,0,0,0,0,0,0,0,0,0,0,0,0,0,0
0,0,0,0,0,0,0,0,0,0,0,0,0,-1,0,-1,0,0,0,0,0,0,0.0266666666666667,0.00666666666666667,0,0.0133333333333333,0,0.0266666666666667,0.02,0.00666666666666667,0.00666666666666667,-1,-1,-1,0.0133333333333333,0.0266666666666667,0.0266666666666667,0.02,0.0266666666666667,0.0133333333333333,-1,-1,-1,-1,0.146666666666667,-1,-1,0.16,0.146666666666667,0.146666666666667,0.166666666666667,0.12,0.173333333333333,-1,-1,-1,-1,-1,-1,-1,-1,0.113333333333333,0.14,0.153333333333333,0.14,0.153333333333333,0.186666666666667,0.146666666666667,0.1,-1,-1,-1,-1,-1,-1,0.193333333333333,0.2,0.166666666666667,0.18,0.22,0.16,0.14,0.213333333333333,0.186666666666667,0.173333333333333,0.0866666666666667,0.173333333333333,0.14,0.113333333333333,0.146666666666667,0.173333333333333,0.146666666666667,0.12,0.126666666666667,0.0466666666666667,0.04,0.0466666666666667,-1,-1,0.0333333333333333,0,0.08,-1,-1,-1,-1,-1,0.0666666666666667,0.0333333333333333,0.08,0.0266666666666667,0.0466666666666667,0.06,0.0666666666666666,0.0533333333333333,0.06,0.1,0.0333333333333333,0.0733333333333333,0.0466666666666667,0.0266666666666667,0.0666666666666666,0.08,0.0466666666666666,0.0266666666666667,0.00666666666666667,0.0333333333333333,0.0133333333333333,-1,-1,-1,0.0133333333333333,0.0266666666666667,0.0333333333333333,0.00666666666666667,0.0133333333333333,0.04,0.0266666666666667,0,0.02,0.0266666666666667,0.0133333333333333,0.04,-1,-1,-1,-1,-1,-1,-1,-1,-1,-1,-1,-1,0,0.00666666666666667,0.00666666666666668,0.0133333333333333,0,0.0333333333333333,-1,-1,-1,-1,0,0,0,-1,-1,-1,-1,-1,-1,0,0,0,0,0,0,0,0,0,0,0,0,0,0,0,0,0,0,0,0,0,0,0,0,0,0
0,0,0,0,0,0,0,0,0,0,0,0,0,0,0,0,0,0,0,0,0,0,0,0.02,0.0266666666666667,0,0.0133333333333333,0.02,-1,0.0133333333333333,0.0133333333333333,0.02,-1,-1,0.02,0.00666666666666667,0.0333333333333333,0.00666666666666667,0.0133333333333333,0.04,-1,-1,-1,-1,0.0866666666666667,0.08,0.1,0.0933333333333333,0.113333333333333,0.12,0.12,0.153333333333333,0.0866666666666667,-1,0.14,0.12,0.133333333333333,0.18,0.173333333333333,0.16,0.166666666666667,0.113333333333333,0.133333333333333,0.126666666666667,0.166666666666667,0.12,0.126666666666667,-1,-1,-1,-1,-1,0.133333333333333,0.126666666666667,0.186666666666667,0.16,0.16,0.186666666666667,0.26,0.0933333333333333,0.14,0.18,0.153333333333333,0.153333333333333,0.193333333333333,0.126666666666667,0.126666666666667,0.166666666666667,0.206666666666667,0.12,0.146666666666667,-1,-1,-1,-1,-1,-1,-1,-1,0.02,0.06,0.04,0.1,0.0533333333333333,0.06,0.06,0.02,0.0933333333333334,0.106666666666667,0.0733333333333333,0.0533333333333333,0.06,0.0666666666666667,0.0533333333333334,0.1,-1,0.04,0.0666666666666667,0.0666666666666667,0.0533333333333333,0.06,0.0933333333333334,0.02,0.02,0.0133333333333333,-1,-1,-1,-1,-1,-1,-1,0.0333333333333333,0.00666666666666667,0.0266666666666667,0.02,0.02,0.02,0.0333333333333333,0.0266666666666667,0.02,0.0333333333333333,0.02,-1,-1,-1,-1,-1,-1,-1,-1,-1,-1,0.0266666666666667,0.0266666666666667,0.0333333333333333,-1,-1,-1,-1,-1,-1,-1,-1,-1,-1,0,0,-1,0,0,0,0,0,0,0,0,0,0,0,0,0,0,0,0,0,0,0,0,0,0,0,0,0,0,0,0,0,0,0
0,0,0,0,0,0,0,0,0,0,0,0,0,0,0,0,0,0,0,0,0,0,0,0,0.00666666666666667,0.0133333333333333,0.00666666666666667,0.02,0.02,0.02,0.00666666666666667,0.00666666666666667,-1,-1,0.0133333333333333,0.0133333333333333,0.0133333333333333,0.0266666666666667,0,0.00666666666666667,0.0266666666666667,0.02,0.0133333333333333,0.06,0.06,0.0866666666666667,0.0666666666666667,0.106666666666667,0.113333333333333,0.1,0.0866666666666667,0.12,0.126666666666667,0.12,0.106666666666667,0.133333333333333,0.12,0.106666666666667,-1,-1,-1,0.166666666666667,0.113333333333333,-1,-1,-1,-1,-1,-1,-1,0.126666666666667,0.16,0.126666666666667,0.106666666666667,0.166666666666667,0.18,0.166666666666667,0.12,0.14,0.206666666666667,0.113333333333333,0.146666666666667,0.193333333333333,0.0666666666666667,0.0666666666666667,0.0533333333333333,-1,-1,-1,-1,-1,-1,-1,-1,-1,-1,0.0533333333333333,0.0133333333333333,0.0266666666666667,0.1,0.0733333333333333,0.0733333333333333,0.06,0.0333333333333333,0.06,0.0666666666666666,0.0666666666666667,0.06,0.08,0.0466666666666667,0.0666666666666666,0.0533333333333334,0.0733333333333333,0.0666666666666667,0.0466666666666667,0.0733333333333334,0.06,0.04,0.02,0.0466666666666667,0.06,0.06,-1,-1,-1,-1,-1,-1,-1,-1,-1,0.0333333333333333,0.0333333333333333,-1,-1,-1,-1,0.0266666666666667,0.02,-1,-1,0.0466666666666667,0.0266666666666667,-1,-1,-1,-1,-1,0.02,0.0266666666666667,-1,-1,-1,-1,0.02,-1,-1,-1,-1,-1,-1,-1,-1,-1,0.0133333333333333,0.0333333333333334,0,0,0,0,0,0,0,0,0,0,0,0,0,0,0,0,0,0,0,0,0,0,0,0,0,0,0,0,0,0,0,0,0,0
0,0,0,0,0,0,0,0,0,0,0,0,0,0,0,0,0,0,0,0,0,-1,0,0,0.0333333333333333,0.0266666666666667,0.00666666666666667,0.0266666666666667,0,0.0133333333333333,0.0133333333333334,0.00666666666666667,-1,-1,0.04,0.0266666666666667,0.02,0.0333333333333333,0.0133333333333333,0.0333333333333333,0.00666666666666667,0.0133333333333333,0.02,0.0466666666666667,0.0866666666666667,0.0533333333333334,0.0666666666666667,0.0866666666666667,0.113333333333333,-1,-1,0.1,0.126666666666667,0.0933333333333333,0.1,0.0666666666666666,0.0933333333333333,0.0733333333333333,-1,-1,-1,-1,-1,-1,-1,-1,-1,0.166666666666667,0.18,0.1,0.12,0.14,0.0733333333333333,0.113333333333333,-1,-1,-1,0.173333333333333,0.153333333333333,0.133333333333333,0.14,0.16,0.0933333333333333,-1,-1,-1,-1,-1,-1,-1,-1,0.08,0.0733333333333333,0.113333333333333,0.0933333333333333,0.06,0.02,0.0133333333333333,0.0666666666666667,0.0866666666666667,0.0866666666666667,0.08,0.0533333333333333,0.06,0.0266666666666667,0.0466666666666667,0.0666666666666667,0.0533333333333334,0.06,0.0466666666666667,0.04,0.0466666666666667,0.0733333333333333,0.0733333333333333,0.0333333333333333,0.08,-1,0.0933333333333333,0.0866666666666667,0.0666666666666667,0.06,0.0266666666666667,-1,-1,-1,-1,-1,-1,0.0266666666666667,-1,-1,-1,-1,-1,-1,-1,-1,0.02,0.0266666666666667,0.00666666666666667,0.0333333333333333,0,0.00666666666666667,0.0266666666666667,0.04,-1,-1,-1,-1,-1,-1,-1,-1,-1,0.0133333333333333,-1,-1,-1,-1,0.02,0,0.0533333333333334,0.0133333333333333,0.02,0.0133333333333333,0,0,0,0,0,0,0,0,0,0,0,0,0,0,0,0,0,0,0,0,0,0,0,0,0,0,0,0,0,0,0,0,0,0,0
0,0,0,0,0,0,0,0,0,0,0,0,0,0,0,0,0,0,0,0,0,-1,0,0,0,0.0133333333333333,0.00666666666666667,0.00666666666666667,0.02,0.00666666666666667,0.0133333333333333,0.0133333333333333,-1,-1,-1,0.0133333333333333,0.0133333333333333,0.0266666666666667,0.0333333333333333,0.04,0.00666666666666667,0.0133333333333333,0.00666666666666667,0.0133333333333333,0.0266666666666667,0.0466666666666667,-1,-1,-1,-1,-1,-1,0.1,0.0666666666666666,0.06,0.1,0.0733333333333333,0.126666666666667,0.0533333333333334,0.12,0.106666666666667,-1,-1,-1,0.106666666666667,0.12,0.113333333333333,0.126666666666667,0.12,0.126666666666667,0.0866666666666667,0.193333333333333,-1,-1,-1,-1,-1,-1,0.18,0.106666666666667,0.06,0.0533333333333334,0.0466666666666667,-1,-1,-1,0.0666666666666666,0.1,0.113333333333333,0.113333333333333,0.113333333333333,0.06,0.08,0.1,0.0666666666666667,0.0133333333333333,0.04,0.02,0.0866666666666667,0.04,0.0466666666666666,0.0466666666666666,0.0466666666666667,0.0666666666666667,0.0466666666666667,0.02,0.0266666666666667,0.06,0.04,0.0266666666666667,0.0533333333333334,0.06,0.0533333333333333,0.0533333333333334,0.0866666666666667,0.0666666666666667,0.04,0.0933333333333333,0.0866666666666666,0.0866666666666667,0.0466666666666667,0.0333333333333333,-1,-1,-1,-1,-1,-1,-1,-1,-1,-1,-1,-1,-1,-1,0.0333333333333333,0,0,0.00666666666666667,0,0.0333333333333333,-1,-1,-1,-1,-1,-1,-1,-1,-1,-1,-1,-1,0.0533333333333333,0,0,0,0,0,0,0,0,0,0,0,0,0,0,0,0,0,0,0,0,0,0,0,0,0,0,0,0,0,0,0,0,0,0,0,0,0,0,0,0,0,0,0,0,0
0,0,0,0,0,0,0,0,0,0,0,0,0,0,0,0,0,0,0,0,0,0,0,0,0,0.0133333333333333,0.0266666666666667,0.00666666666666667,0,0.0266666666666667,0.0133333333333333,0,-1,-1,-1,0,0.0266666666666667,0.0133333333333333,0,0.02,0.02,0.04,0.0133333333333333,0.02,-1,-1,-1,-1,-1,-1,-1,-1,0.0733333333333333,0.0266666666666667,0.113333333333333,0.0866666666666667,0.113333333333333,0.0933333333333334,0.0666666666666666,0.16,0.0533333333333334,0.133333333333333,0.0866666666666667,0.1,0.0666666666666667,0.0733333333333333,0.0733333333333333,0.14,0.14,0.106666666666667,0.08,-1,-1,-1,-1,-1,-1,0.106666666666667,0.113333333333333,0.0666666666666667,0.08,0.0466666666666667,0.0133333333333333,0.133333333333333,0.08,0.153333333333333,0.06,0.126666666666667,0.1,0.08,0.0666666666666667,0.08,0.0866666666666666,0.0333333333333333,0.0333333333333333,0.0133333333333333,0.0266666666666667,0.113333333333333,0.08,0.04,0.08,0.0666666666666667,0.08,0.0533333333333333,0.0533333333333333,0.06,0.0866666666666667,0.0933333333333334,0.0666666666666667,0.0666666666666666,0.08,0.0533333333333333,-1,-1,-1,-1,-1,0.00666666666666667,0.0733333333333334,0.08,0.0133333333333333,0.02,0.0466666666666667,0.02,-1,-1,-1,-1,-1,-1,-1,-1,0.0133333333333333,0.06,-1,0.0533333333333334,0.0266666666666667,0,0.00666666666666667,0.00666666666666667,0,0.0333333333333333,-1,-1,-1,-1,-1,-1,-1,-1,0.0266666666666667,0,0,0,0,0,0,0,0,0,0,0,0,0,0,0,0,0,0,0.00666666666666667,0,0,0,0,0,0,0,0,0,0,0,0,0,0,0,0,0,0,0,0,0,0,0,0,0,0,0,0,0,0
0,0,0,0,0,0,0,0,0,0,0,0,0,0,0,0,0,0,0,0,0,0,0,0,0,0,0,0.00666666666666667,0.0133333333333333,0.0133333333333333,0,0.0133333333333333,0.0133333333333333,-1,-1,0.00666666666666667,0.0133333333333333,0.0133333333333333,0.0133333333333333,0.0133333333333333,0.0133333333333333,0.0266666666666667,0.04,0.0133333333333333,0.0133333333333333,-1,-1,-1,-1,-1,-1,-1,-1,0.0933333333333333,0.08,0.06,0.1,0.04,0.0866666666666667,0.12,0.16,0.113333333333333,0.0866666666666667,0.0866666666666667,0.1,0.12,0.08,-1,-1,0.113333333333333,0.106666666666667,-1,-1,-1,-1,-1,-1,-1,0.04,0.0466666666666667,0.0733333333333333,0.0733333333333333,0.08,0.133333333333333,0.14,0.0666666666666667,0.1,0.0866666666666667,0.0733333333333333,0.12,0.0533333333333333,0.0666666666666666,0.08,0.0466666666666667,0.02,0.0333333333333333,0.0666666666666667,0.06,0.0266666666666667,0.0533333333333334,0.0466666666666667,0.06,0.06,0.0466666666666667,0.0866666666666667,0.04,0.0733333333333333,-1,-1,-1,-1,-1,-1,-1,-1,-1,-1,0.0133333333333333,0.0266666666666667,0.00666666666666668,0.0333333333333333,0.02,0.0266666666666667,0.0133333333333333,-1,-1,-1,-1,0.0466666666666667,0.08,-1,-1,-1,-1,-1,0.0466666666666667,0.0466666666666667,0.00666666666666667,0,0.00666666666666667,0.00666666666666667,0.06,-1,-1,0.0333333333333333,0.02,0.04,0.0266666666666667,0.0466666666666667,0.0266666666666667,0.0333333333333333,0,0,0,0,0.00666666666666667,0,0,0.00666666666666667,0,0.00666666666666667,0,0,0,0,0,0,0,0,0,0,0,0,0,0,0,0,0,0,0,0,0,0,0,0,0,0,0,0,0,0,0,0,0,0,0,0,0,0,0
0,0,0,0,0,0,0,0,0,0,0,0,0,0,0,0,0,0,0,0,0,0,0,0,0,0,0,0.02,0.00666666666666667,0.00666666666666667,0.02,0.0333333333333333,0.00666666666666667,0.00666666666666667,0.0266666666666667,0.0266666666666667,0.0133333333333333,0.00666666666666667,0.0266666666666667,0.00666666666666667,0.02,0.0133333333333333,0.00666666666666667,0.0133333333333333,0.0533333333333334,-1,-1,-1,-1,-1,-1,0.0800000000000001,0.08,0.06,0.08,0.08,0.0666666666666667,0.0866666666666666,0.1,0.1,0.106666666666667,0.126666666666667,0.0666666666666666,0.0933333333333333,0.113333333333333,0.08,0.0866666666666667,-1,0.0933333333333333,0.0733333333333333,0.0866666666666667,0.0733333333333333,-1,-1,-1,-1,-1,-1,-1,0.02,0.04,0.0266666666666667,0.02,0.1,0.0666666666666666,0.0933333333333333,0.08,0.0666666666666667,0.06,0.06,0.0733333333333334,0.0466666666666667,0.0466666666666667,0.0133333333333333,0.0133333333333333,0.0266666666666667,0.0333333333333333,0.0466666666666667,0.06,0.0466666666666667,0.02,0.06,0.0533333333333334,0.0666666666666666,-1,-1,-1,-1,-1,-1,-1,-1,-1,-1,-1,-1,0.06,0.0466666666666667,0.04,0.00666666666666667,0.02,0.04,0.0133333333333333,0.02,0.0466666666666667,0.0466666666666667,-1,-1,-1,-1,-1,-1,-1,-1,-1,-1,0.0666666666666666,0.00666666666666667,0,0,0,0.0533333333333333,0.0266666666666667,0.04,0.0666666666666667,0.02,0.0133333333333333,0,0,0,0.00666666666666667,0.00666666666666667,0.00666666666666667,0,0,0,0.00666666666666667,0,0,0,0.00666666666666668,0,0,0,0,0,0,0,0,0,0,0,0,0,0,0,0,0,0,0,0,0,0,0,0,0,0,0,0,0,0,0,0,0,0,0,0,0,0,0
0,0,0,0,0,0,0,0,0,0,0,0,0,0,0,-1,0,0,0,0,0,0,0,0,0,0,0,0,0.00666666666666667,0.00666666666666667,0.00666666666666667,0.0133333333333333,0,0.0266666666666667,0.0133333333333333,0.02,0.0266666666666667,0.0266666666666667,0.02,0.00666666666666667,0.00666666666666667,0.00666666666666667,0.0133333333333333,0.00666666666666667,0.0133333333333333,0.04,0.00666666666666667,-1,-1,-1,-1,0.0666666666666667,0.08,0.08,0.0666666666666667,0.0666666666666667,0.113333333333333,0.0866666666666667,0.1,0.0933333333333333,0.06,0.0533333333333333,0.0666666666666667,0.0933333333333334,0.106666666666667,0.06,0.133333333333333,0.08,0.113333333333333,0.1,0.06,0.08,-1,-1,-1,-1,-1,-1,-1,0.0466666666666667,0.0466666666666666,0.0466666666666667,0.0533333333333333,0.06,0.0666666666666667,0.08,0.06,0.106666666666667,0.0466666666666667,0.0466666666666667,0.0466666666666667,0.0333333333333333,0.02,0.02,0.02,0.0533333333333334,0.0266666666666667,0.0466666666666667,0.0333333333333333,-1,0.0733333333333333,0.0466666666666667,0.04,0.0466666666666667,-1,-1,-1,-1,-1,-1,-1,0.0466666666666667,0.02,0.0533333333333333,0.0533333333333333,0.04,0.0533333333333333,0.0466666666666666,0,0.0133333333333333,0.0266666666666667,0.04,-1,-1,-1,-1,-1,-1,-1,-1,-1,-1,-1,0.0266666666666667,0,0,0.04,0,0,0.02,0,0.00666666666666667,0.00666666666666668,0.00666666666666667,0,0,0,0,0,0,0,0.00666666666666667,0.00666666666666667,0,0,0,0,0,0,0,0,0,0,0.0133333333333333,0,0,0,0,0,0,0,0,0,0,0,0,0,0,0,0,0,0,0,0,0,0,0,0,0,0,0,0,0,0,0,0,0,0,0,0
0,0,0,0,0,0,0,0,0,0,0,0,0,-1,-1,0,0,0,0,0,0,0,0,0,0,0,0,0,0,0.02,0.0333333333333333,0.02,0.00666666666666667,0.00666666666666667,0,0.02,0.0133333333333333,0.00666666666666667,0.00666666666666667,0,0.00666666666666667,0.0133333333333333,0,0.0133333333333333,0.0133333333333333,-1,-1,-1,-1,-1,-1,-1,0.0733333333333333,0.04,0.0466666666666667,0.0666666666666667,0.1,0.0800000000000001,0.0333333333333333,0.0866666666666667,0.0866666666666667,0.0666666666666667,0.106666666666667,0.06,0.06,0.06,0.08,0.1,0.0666666666666667,0.12,0.06,0.0466666666666666,0.0733333333333333,-1,-1,-1,-1,0.0733333333333333,0.1,0.0466666666666667,0.04,0.0133333333333333,0.0466666666666667,0.0533333333333333,0.0666666666666667,0.02,0.0466666666666667,0.106666666666667,0.0533333333333334,0.0866666666666667,0.0533333333333334,0.00666666666666668,0.0133333333333333,-1,-1,-1,-1,0.0266666666666667,0.0333333333333333,-1,0.0333333333333333,0.0133333333333333,0.02,0.0266666666666667,-1,0.0466666666666667,0.02,0.0133333333333333,0.0266666666666667,0.0466666666666667,0.0133333333333333,0.0266666666666667,0.0266666666666667,0.0333333333333333,0.04,0.02,0.0466666666666667,0,0,0,0.00666666666666667,0.06,-1,-1,-1,-1,-1,-1,-1,0.06,0,0.00666666666666667,0.00666666666666667,0,0.00666666666666667,0.0266666666666667,0.0133333333333333,0.0133333333333333,0.00666666666666667,0.02,0.02,0,0.02,0.0133333333333333,0,0.00666666666666667,0.00666666666666667,0.0133333333333333,0.00666666666666667,0.00666666666666668,0,0,0.00666666666666667,0.0133333333333333,0,0,0.00666666666666667,0,0,0,0,0,0,0,0,0.00666666666666667,0,0,0,0,0,0,0,0,0,0,0,0,0,0,0,0,0,0,0,0,0,0,0,0,0,0,0,0,0,0,0,0,0,0
0,0,0,0,0,0,0,0,0,0,0,0,0,0,0,0,0,0,0,0,0,0,0,0,0,0,0,0,0,0,0,0.0133333333333333,0.00666666666666667,0,0.0133333333333333,0.0133333333333333,0.00666666666666667,0.0333333333333333,0,0.00666666666666667,0.00666666666666667,0.0133333333333333,0.0133333333333333,0.00666666666666667,0.00666666666666667,-1,-1,-1,-1,0.0466666666666667,0.0466666666666667,0.0333333333333333,0.08,-1,0.06,0.0666666666666667,0.0466666666666667,0.0466666666666666,0.0733333333333333,0.0933333333333334,0.1,0.0866666666666667,0.0466666666666667,0.0533333333333334,0.0733333333333333,0.0466666666666667,0.0733333333333333,0.08,0.0933333333333333,0.06,0.0866666666666667,0.0466666666666667,0.0666666666666667,0.0733333333333333,-1,0.0866666666666667,-1,-1,-1,-1,0.0133333333333333,0.0133333333333333,0.0466666666666667,0.08,0.06,0.0333333333333333,0.06,0.06,0.0466666666666667,0.0266666666666667,-1,-1,0.0133333333333333,0.00666666666666667,-1,-1,0.0533333333333334,0.06,0.0466666666666667,-1,0.02,0.02,0.0266666666666667,0.0733333333333333,0.04,0.06,0.02,0.02,0.00666666666666667,0.0466666666666667,0.02,0.04,0.0266666666666667,0.04,0.04,0.0333333333333333,0.00666666666666668,0.00666666666666667,0.00666666666666667,0,0.00666666666666667,0.0666666666666666,0.02,-1,-1,0.0666666666666666,0.06,0.04,0.0533333333333333,0.0333333333333333,0.00666666666666667,0.02,0.02,0.0133333333333333,0.02,0.0133333333333333,0,0.00666666666666667,0.0266666666666667,0.0133333333333333,0.02,0.0133333333333333,0.00666666666666667,0,0,0.0133333333333333,0.00666666666666667,0,0.00666666666666667,0,0.00666666666666667,0,0,0.00666666666666667,0,0,0.00666666666666667,0,0.0133333333333333,0,0,0,0,0,0,0,0.00666666666666667,0,0,0,0,0,0,0,0,0,0,0,0,0,0,0,0,0,0,0,0,0,0,0,0,0,0,0,0,0,0,0,0,0
0,0,0,0,0,0,0,0,0,0,0,0,0,0,0,0,0,0,0,0,0,0,0,0,0,0,0,0,0,0,0,0,0.00666666666666667,0.00666666666666667,-1,-1,0.0133333333333333,0,0,0.0133333333333333,0.0266666666666667,0,0,0,0.00666666666666667,0.00666666666666667,-1,0,0.0133333333333333,0.00666666666666667,0.04,-1,-1,-1,0.08,0.0933333333333333,0.0933333333333334,0.04,0.06,0.08,0.0533333333333333,0.0733333333333333,0.0666666666666667,0.0466666666666667,0.0533333333333333,0.0733333333333333,-1,-1,-1,0.06,0.0533333333333334,0.0666666666666667,0.0733333333333333,0.04,0.0466666666666667,0.0533333333333333,0.06,-1,-1,-1,0.0333333333333333,0.0133333333333333,0.0133333333333333,0.0133333333333333,0.0466666666666667,0.0466666666666667,0.0333333333333333,0.00666666666666667,0,-1,-1,0.0266666666666667,0.02,0.02,0.0533333333333334,0.0333333333333333,0.00666666666666667,0.0266666666666667,0.0266666666666667,0.0266666666666667,0.0333333333333333,0.0266666666666667,0.00666666666666667,0.02,0.0266666666666667,0.0266666666666667,0.0266666666666667,0.0333333333333333,0.02,0.00666666666666667,0.0266666666666667,0.02,0.0533333333333333,0.02,0.0133333333333333,0,0,0.00666666666666667,0,0,0,0.00666666666666667,0.0133333333333333,0.00666666666666667,0.00666666666666667,0.00666666666666668,0.00666666666666667,0.0466666666666667,0.02,0.0333333333333333,0.0133333333333333,0.02,0.0133333333333333,0.0133333333333333,0.00666666666666667,0.0133333333333333,0.0466666666666666,0.0266666666666667,0.0133333333333333,0.00666666666666667,0.00666666666666667,0.00666666666666667,0.00666666666666667,0.0133333333333333,0.0266666666666667,0.02,0,0,0,0,0.00666666666666667,0.00666666666666668,0,0,0,0.00666666666666667,0.00666666666666667,0,0.00666666666666667,0,0,0,0,0,0,0,0,0,0,0,0,0,0,0,0,0,0,0,0,0,0,0,0,0,0,0,0,0,0,0,0,0,0,0,0,0,0,0,0,0
0,0,0,0,0,0,0,0,0,0,0,0,0,-1,-1,-1,-1,-1,-1,0,0,0,0,0,0,0,0,0,0,0,0,0,0,-1,-1,-1,-1,0.0266666666666667,0.0133333333333333,0.0133333333333333,0.02,0.02,0.0133333333333333,0,0.02,0.00666666666666667,0.02,0.0133333333333333,0,-1,-1,-1,-1,-1,-1,0.06,0.0733333333333333,0.0666666666666667,0.0333333333333333,0.0533333333333334,0.0533333333333333,0.0333333333333333,0.06,0.0666666666666667,0.0666666666666667,0.06,0.06,-1,-1,0.0333333333333333,0.1,0.0466666666666667,0.06,0.0866666666666666,0.0266666666666667,0.0733333333333333,0.0533333333333334,0.0733333333333333,-1,0.0533333333333333,0.00666666666666667,0.02,0.0133333333333333,0.04,0.02,0.0333333333333333,0.0333333333333333,0.02,0,0.00666666666666667,0.0133333333333333,0.0133333333333333,0.0133333333333333,0.0466666666666667,0.02,0.0466666666666667,0.0333333333333333,0.0266666666666667,0.04,0.04,0.0133333333333333,0.0133333333333333,0.0133333333333333,0.00666666666666667,0.06,0.02,0.0133333333333333,0.02,0.0133333333333333,0.02,0.0533333333333334,0.0266666666666667,0.02,0.0333333333333333,0,0,0.00666666666666667,0.00666666666666668,0,0.00666666666666667,0,0.0133333333333333,0.00666666666666667,0,0.0133333333333333,0.00666666666666667,0.00666666666666667,0.0333333333333333,0.02,0,0.00666666666666668,0.0266666666666667,0.00666666666666667,0.0133333333333333,0.0266666666666667,0,0.0266666666666667,0.0133333333333333,0,0.0266666666666667,0.0266666666666667,0.0133333333333333,0.0133333333333333,0.00666666666666667,0.02,0.0133333333333333,0.00666666666666667,0.00666666666666667,0,0.00666666666666667,0,0.02,0.00666666666666667,0,0,0,0,0.00666666666666667,0,0,0,0,0,0,0,0,0,0,0,0,0,0,0,0,0,0,0,0,0,0,0,0,0,0,0,0,0,0,0,0,0,0,0,0,0,0,0,0,0,0
0,0,0,0,0,0,0,0,0,0,0,0,0,0,-1,0,0,0,0,0,0,0,0,0,0,0,0,0,0,0,0,-1,-1,-1,-1,0.02,0,0.0133333333333333,0.00666666666666667,0.00666666666666667,0.0133333333333333,0.00666666666666667,0.00666666666666667,0.00666666666666667,0,0.00666666666666667,0,0,0.00666666666666667,0.00666666666666667,-1,-1,-1,-1,-1,-1,0.04,0.0933333333333333,0.0266666666666667,0.0733333333333333,0.106666666666667,0.0466666666666667,0.0533333333333334,0.0333333333333333,0.0666666666666666,0.0666666666666667,0.0733333333333333,0.0466666666666666,0.0466666666666667,0.08,0.0533333333333333,0.06,0.0266666666666667,0.0866666666666667,-1,0.0466666666666667,0.0733333333333334,0.0533333333333333,0.0666666666666667,0.02,0.02,0.0333333333333333,0.02,0.0466666666666667,0.0133333333333333,0.02,0.00666666666666667,0,0,0.00666666666666667,0.0133333333333333,0.0133333333333333,0.00666666666666667,0.00666666666666668,0.04,0.0133333333333333,0.0266666666666667,0.0333333333333333,0.0266666666666667,0.0133333333333333,0.02,0.0133333333333333,0.02,0.02,0.00666666666666667,0.02,0.04,0.02,0.02,0.0466666666666667,0.0533333333333334,0.0333333333333333,0.0333333333333333,0.00666666666666667,0.00666666666666667,0,0,0,0.00666666666666667,0.00666666666666667,0.02,0.00666666666666667,0,0,0.0133333333333333,0.00666666666666667,0.00666666666666667,0.00666666666666667,0.0333333333333333,0.0333333333333333,0.02,0.0333333333333333,0.0333333333333333,0.0333333333333333,0.0266666666666667,0.00666666666666667,0.0133333333333333,0.00666666666666667,0.04,0.0133333333333333,0.0266666666666667,0,0.00666666666666667,0.0133333333333333,0,0.00666666666666667,0.0133333333333333,0.00666666666666667,0.00666666666666667,0.00666666666666667,0,0,0.0133333333333333,0,0.00666666666666667,0,0,0,0,0,0,0,0,0,0,0,0,0,0.00666666666666667,0,0,0,0,0,0,0,0,0,0,0,0,0,0,0,0,0,0,0,0,0,0,0,0,0,0,0,0,0,0,0
0,0,0,0,0,0,0,0,0,0,0,0,0,0,0,0,0,0,0,0,0,0,0,0,0,0,0,0,0,0,-1,-1,-1,-1,0,0,0.0133333333333333,0.02,0,0.02,0.00666666666666667,0.00666666666666667,0,0.0133333333333333,0,0,0.02,0.0133333333333333,0.02,0.00666666666666667,0.02,-1,-1,-1,-1,-1,0.0533333333333333,0.0333333333333333,0.0466666666666667,0.0333333333333333,0.06,0.0333333333333333,0.0666666666666667,0.04,0.0533333333333334,0.0266666666666667,0.08,0.04,0.0666666666666667,0.06,0.0266666666666667,0.0333333333333333,0.04,0.0533333333333333,0.0333333333333333,0.0533333333333333,0.0533333333333334,0.04,0.02,0.0666666666666667,0.02,0.02,0.0133333333333333,0.00666666666666667,0.0133333333333333,0.02,0.0133333333333333,0,0.00666666666666667,0.00666666666666667,0.00666666666666668,0.00666666666666667,0.0133333333333333,0.0133333333333333,0.0333333333333333,0.0266666666666667,0.0266666666666667,0.0266666666666667,0.02,0.04,0.0533333333333333,0.04,0.0333333333333333,0.0333333333333333,0.00666666666666667,0.02,0.0466666666666667,0.0133333333333333,0.02,0.0333333333333333,0.0333333333333333,0.0133333333333333,0,0,0.00666666666666667,0,0,0,0,0,0.0133333333333333,0,0,0.0133333333333333,0.0466666666666667,0.0133333333333333,0.0266666666666667,0.0133333333333333,0.0333333333333333,0.04,0.0666666666666666,0.0266666666666667,0.0333333333333333,0.02,0.0533333333333333,0.04,0.02,0.0266666666666667,0.0533333333333334,0,0.0466666666666667,0.0266666666666667,0.0133333333333333,0.04,0.0266666666666667,0.0266666666666667,0.00666666666666667,0,0.00666666666666667,0.0133333333333333,0.00666666666666667,0,0.00666666666666667,0.0133333333333333,0,0.0133333333333333,0,0.00666666666666667,0,0,0,0,0,0,0.00666666666666667,0,0,0,0.00666666666666667,0,0,0,0,0,0,0,0,0,0,0,0,0,0,0,0,0,0,0,0,0,0,0,0,0,0,0,0,0,0,0
0,0,0,0,0,0,0,0,0,0,0,0,0,0,-1,-1,-1,-1,-1,-1,0,0,0,0,0,0,0,0,0,0,-1,-1,0,0,0,0,0,0,0.02,0.02,0.0133333333333333,0,0.00666666666666667,0.02,0.00666666666666667,0.02,0.00666666666666667,0.0266666666666667,0,0.0133333333333333,0.0133333333333333,-1,-1,-1,-1,-1,-1,0.00666666666666667,0.0466666666666667,0.0466666666666667,0.0333333333333333,0.06,0.06,0.0266666666666667,0.0266666666666667,0.06,0.06,0.06,0.0666666666666667,0.0466666666666666,0.0533333333333333,0.0733333333333333,0.0333333333333333,0.0533333333333334,0.0666666666666667,0.0333333333333333,0.0266666666666667,0.0266666666666667,0.0333333333333333,0.0133333333333333,0.00666666666666667,0.00666666666666667,0,0,0,0.0133333333333333,0.00666666666666667,0.00666666666666667,0.02,0.00666666666666668,0,0.00666666666666667,0.02,0.02,0.0133333333333333,0.0266666666666667,0.0333333333333333,0.0533333333333334,0.02,0.02,0.06,0.0333333333333333,0.0333333333333333,0.02,0.0266666666666667,0.02,0.04,0,0.0266666666666667,0,0.02,0.00666666666666667,0,0,0,0,0,0.02,0,0,0.02,0.0266666666666667,0.0266666666666667,0.0266666666666667,0.0133333333333333,0.02,0.0266666666666667,0.0333333333333333,0.0133333333333333,0.08,0.0666666666666667,0.08,0.0333333333333333,0.0733333333333333,0.0533333333333333,0.0466666666666667,0.0533333333333333,0.0466666666666667,0.04,0.02,0.0133333333333333,0.0266666666666667,0.0333333333333333,0.0133333333333333,0.02,0.0266666666666667,0.00666666666666667,0.00666666666666667,0.0266666666666667,0.00666666666666667,0.00666666666666667,0.00666666666666667,0.00666666666666667,0.00666666666666667,0.00666666666666667,0,0.0133333333333333,0,0,0,0,0,0,0,0,0.00666666666666667,0,0,0,0,0.0266666666666667,0.00666666666666668,0.02,0,0,0,0,0,0,0,0,0,0,0,0,0,0,0,0,0,0,0,0,0,0,0,0,0,0,0
0,0,0,0,0,0,0,0,0,0,0,0,0,0,-1,-1,-1,0,0,0,0,0,0,0,0,0,0,0,0,0,0,0,0,0,0,0,0,0,0,0,0.0133333333333333,0,0.00666666666666667,0.02,0.0133333333333333,0.00666666666666667,0.00666666666666667,0.00666666666666667,0.02,0.00666666666666667,0.0133333333333333,0,-1,-1,-1,-1,0.04,0.0333333333333333,0.0466666666666667,0.0666666666666667,0.0266666666666667,0.0533333333333333,0.00666666666666667,0.0466666666666667,0.0266666666666667,0.0666666666666667,0.0666666666666667,0.0266666666666667,0.0666666666666667,0.02,0.0133333333333333,0.02,0.0466666666666667,0.0333333333333333,0.02,0.04,0.0533333333333334,0.04,0.0266666666666667,0.00666666666666667,0,0,0,0.02,0.00666666666666667,0,0.0133333333333333,0.02,0.00666666666666667,0.0133333333333333,0,0.00666666666666667,0.00666666666666667,0.0266666666666667,0.0266666666666667,0.02,0.0333333333333333,0.0266666666666667,0.0133333333333333,0.00666666666666667,0.0333333333333333,0.00666666666666667,0.0266666666666667,0.00666666666666667,0.0333333333333333,0.0133333333333333,0.04,0.04,0.0133333333333333,0,0,0,0.00666666666666667,0,0,0.00666666666666667,0,0.00666666666666667,0.00666666666666667,0.00666666666666667,0,0.00666666666666667,0.00666666666666668,0.0533333333333334,0.0266666666666667,0.02,0.0666666666666666,0.06,0.0866666666666667,0.06,0.06,0.106666666666667,0.12,0.0866666666666667,0.0733333333333334,0.12,0.0933333333333334,0.0733333333333333,0.0866666666666667,0.08,0.0466666666666667,0.0666666666666666,0.0133333333333333,0.00666666666666667,0.00666666666666667,0.0266666666666667,0.02,0.0333333333333333,0.02,0.00666666666666667,0.02,0,0.0133333333333333,0,0,0.00666666666666667,0,0,0.00666666666666667,0,0,0,0,0,0,0.00666666666666667,0.00666666666666667,0.0133333333333333,0.00666666666666667,0.02,0.02,-1,-1,-1,0,0,0,0,0,0,0,-1,-1,-1,-1,0,0,0,0,0,0,0,0,0,0,0,0,0,0,0
0,0,0,0,0,0,0,0,0,0,0,0,0,0,0,0,0,0,0,0,0,0,0,0,0,0,0,0,0,0,0,0,-1,0,0,0,0,0,0,-1,-1,-1,0,0,0.0266666666666667,0.0133333333333333,0.04,0.02,0.0133333333333333,0.0133333333333333,0.00666666666666667,0.0133333333333333,0.00666666666666667,-1,0.00666666666666667,0.00666666666666667,0,0.00666666666666667,0.0333333333333333,0.04,0.02,0.0266666666666667,0.0466666666666667,0.0466666666666667,0.0266666666666667,0.0266666666666667,0.0266666666666667,0.02,0.0666666666666667,0.0266666666666667,0.0266666666666667,0,0.0333333333333333,0.02,0.0466666666666667,0.0333333333333333,0.0133333333333333,0.0133333333333333,0,0,0,0,0.00666666666666667,0.0333333333333333,0.0266666666666667,0.00666666666666667,0.02,0.0266666666666667,0.0333333333333333,0.0266666666666667,0.0133333333333333,0.1,0.1,0.1,0.1,0,0.00666666666666667,0.0666666666666667,0.0266666666666667,0.02,0.02,0.00666666666666667,0.00666666666666667,0.02,0.00666666666666667,0.0333333333333333,0.02,0.0333333333333333,0,0,0,0.0133333333333333,0,0,0,0,0,0,0.00666666666666667,0.0133333333333333,0.0333333333333333,0.0133333333333333,0.00666666666666667,0.02,0.04,0.0266666666666667,0.0133333333333333,0.0933333333333334,0.0533333333333333,0.0733333333333333,0.0866666666666667,0.0933333333333333,0.126666666666667,0.106666666666667,0.14,0.113333333333333,0.0866666666666667,0.0666666666666666,0.06,0.08,0.0533333333333333,0.06,0.1,0.0266666666666667,0.0533333333333334,0.00666666666666667,0.0133333333333333,0.0333333333333333,0.0133333333333333,0.00666666666666667,0.00666666666666667,0.0133333333333333,0,0.00666666666666667,0,0.00666666666666668,0,0,0,0,0,0.00666666666666668,0,0,0,0.04,-1,-1,-1,-1,-1,-1,-1,-1,-1,0,0,-1,-1,-1,-1,-1,-1,-1,-1,-1,0,0,0,0,0,0,0,0,0,0,0,0,0,0
0,0,0,0,0,0,0,0,0,0,0,0,0,0,0,0,0,0,0,0,0,0,0,0,0,0,-1,-1,-1,0,-1,-1,-1,0,0,0,0,-1,-1,-1,-1,-1,0,0,0,0,0.00666666666666667,0,0.00666666666666667,0.00666666666666667,0.00666666666666667,0,0.02,0.00666666666666667,0.00666666666666667,0,0.00666666666666667,0.00666666666666667,0.00666666666666667,0.0333333333333333,0.0533333333333334,0.0466666666666667,0.0466666666666667,0.02,0.0333333333333333,0.00666666666666667,0.02,0.0133333333333333,0.0533333333333333,0.0333333333333333,0.0333333333333333,0.02,0.0333333333333333,0.0266666666666667,0.0133333333333333,0,0,0.0133333333333333,0.02,0.0266666666666667,0.00666666666666667,0.0133333333333333,0.02,0.0266666666666667,0.0133333333333333,0.0333333333333333,0.04,0.0266666666666667,0.00666666666666667,0.0333333333333333,0.04,0.06,0.12,0.113333333333333,0.08,0.106666666666667,0.06,0.0933333333333333,0.0866666666666667,0.0933333333333334,0.00666666666666667,0.0133333333333333,0.02,0.02,0.0266666666666667,0.0466666666666667,0,0,0,0,0,0,0,0,0,0,0,0.0133333333333333,0.00666666666666667,0,0.0333333333333333,0.00666666666666667,0.0133333333333333,0.04,0.0466666666666667,0.08,0.06,0.0933333333333333,0.12,0.1,0.16,0.186666666666667,0.206666666666667,0.173333333333333,0.193333333333333,0.18,0.126666666666667,0.153333333333333,0.0866666666666667,0.0933333333333333,0.0933333333333333,0.0533333333333334,0.06,0.0333333333333333,0.0333333333333333,0.02,0.0466666666666667,0.0333333333333333,0.0266666666666667,0,0,0.00666666666666667,0.0133333333333333,0,0,0,0.00666666666666667,0,0.00666666666666668,0,0,0,0,0.0133333333333333,0,-1,-1,-1,-1,-1,-1,-1,-1,-1,-1,0,0,-1,-1,-1,-1,-1,-1,-1,-1,-1,0,0,0,0,0,0,0,0,0,0,0,0,-1,-1
0,0,0,0,0,0,0,0,0,0,0,0,0,0,0,0,0,0,0,0,0,0,0,0,-1,-1,-1,-1,-1,0,-1,-1,-1,-1,0,0,0,0,-1,-1,-1,-1,-1,0,0,0,0,0,0,0,0.00666666666666667,0.02,0,0.00666666666666667,0.00666666666666667,0,0.00666666666666667,0.00666666666666667,0.00666666666666667,0.0133333333333333,0.02,0.04,0.0266666666666667,0.0333333333333333,0.04,0.02,0.02,0.0266666666666667,0.0866666666666667,0.02,0.0133333333333333,0,0,0.02,0.02,0.0266666666666667,0.02,0.02,0.0133333333333333,0,0,0.00666666666666667,0.0266666666666667,0.04,0.02,0.0266666666666667,0.00666666666666667,0.0133333333333333,0.0133333333333333,0.0333333333333333,0.0133333333333333,0.04,0.106666666666667,0.153333333333333,0.08,0.106666666666667,0.0733333333333333,0.106666666666667,0.0866666666666667,0.1,0.0933333333333334,0.0933333333333333,0.133333333333333,0.0466666666666667,0,0,0,0,0,0.00666666666666667,0,0,0.00666666666666667,0.00666666666666667,0.00666666666666667,0.0133333333333333,0,0.0133333333333333,0.00666666666666667,0.00666666666666667,0.02,0.02,0.0266666666666667,0.02,0.0466666666666667,0.06,0.08,0.08,0.16,0.193333333333333,0.246666666666667,0.24,0.313333333333333,0.286666666666667,0.293333333333333,0.286666666666667,0.186666666666667,0.213333333333333,0.106666666666667,0.0733333333333333,0.153333333333333,0.0666666666666666,0.02,0.06,0.0466666666666667,0.04,0.02,0.0133333333333333,0.02,0,0.0133333333333333,0,0.00666666666666667,0.00666666666666667,0,0,0,0.00666666666666667,0,0,0,0,0,0,0,0,-1,-1,-1,-1,-1,-1,-1,-1,-1,0,0,-1,-1,-1,-1,-1,0,0,0,0,0,0,0,0,0,0,0,0,0,0,-1,-1,-1,-1
0,0,0,0,0,0,0,0,0,0,0,0,0,0,0,0,0,0,0,0,0,0,0,-1,-1,-1,-1,0,0,0,0,0,0,0,0,0,0,0,-1,-1,-1,0,0,0,0,0,0,0,0,0,0,0,0,0,0,0,0,0,0.00666666666666667,0,0,0,0,0,0,0,0.0133333333333333,0.00666666666666667,0.02,0.02,0.00666666666666667,0.0266666666666667,0.0266666666666667,0.02,0.0333333333333333,0.00666666666666667,0.0266666666666667,0.0133333333333333,0.0133333333333333,0.02,0.0266666666666667,0.0266666666666667,0.02,0.0466666666666667,0.02,0.0266666666666667,0.0333333333333333,0.0333333333333333,0.0133333333333333,0.02,0.0266666666666667,0.0866666666666667,0.08,0.08,0.1,0.0733333333333334,0.1,0.0866666666666667,0.08,0.126666666666667,0.1,0.08,0.00666666666666667,0.0266666666666667,0.0266666666666667,0.0333333333333333,0.0266666666666667,0,0,0,0,0,0.00666666666666667,0,0,0,0.00666666666666667,0,0,0.02,0.00666666666666667,0,0.02,0.0333333333333333,0.02,0.1,0.12,0.18,0.18,0.28,0.32,0.433333333333333,0.4,0.413333333333333,0.36,0.32,0.32,0.233333333333333,0.146666666666667,0.173333333333333,0.106666666666667,0.08,0.0466666666666667,0.08,0.0733333333333333,0.0533333333333334,0.0133333333333333,0.02,0.02,0,0.00666666666666667,0.00666666666666668,0,0.00666666666666667,0,0,0,0,0,0,0.00666666666666667,0,0,0,0,0,-1,-1,-1,-1,-1,-1,-1,-1,-1,0,0,0,0,0,0,0,0,0,0,0,0,0,0,0,0,0,0,0,0,0,-1,-1,-1,-1
0,0,0,0,0,0,0,0,0,0,0,0,0,0,0,0,0,0,0,0,0,0,0,0,-1,0,0,0,0,0,0,0,0,0,0,0,0,0,0,0,0,0,-1,-1,-1,-1,0,0,0,0,0,0,0,0,0,0,0,0,0,0,0,0,0,0,0,0,0.00666666666666667,0,0.0466666666666667,0.02,0.0266666666666667,0.00666666666666667,0.0133333333333333,0.0666666666666667,0.0466666666666667,0.04,0.02,0.0266666666666667,0.00666666666666667,0.02,0.02,0.02,0.0333333333333333,0.02,0.0533333333333333,0.0266666666666667,0.04,0.02,0.0133333333333333,0.02,0.0266666666666667,0.14,0.12,0.1,0.0933333333333334,0.06,0.166666666666667,0.1,0.08,0.0133333333333333,0.0533333333333333,0,0.0333333333333333,0.0133333333333333,0.02,0.02,0.0133333333333333,0.0466666666666667,0.0133333333333333,0,0.00666666666666667,0,0.00666666666666667,0,0.0133333333333333,0.00666666666666667,0.0133333333333333,0.04,0.0266666666666667,0.0133333333333333,0.0133333333333333,0.00666666666666667,0.06,0.04,0.08,0.0666666666666666,0.106666666666667,0.153333333333333,0.246666666666667,0.366666666666667,0.38,0.513333333333334,0.566666666666667,0.613333333333333,0.526666666666667,0.566666666666667,0.426666666666667,0.353333333333333,0.2,0.166666666666667,0.14,0.0933333333333333,0.1,0.06,0.0466666666666667,0.04,0.0266666666666667,0.0733333333333333,0.00666666666666667,0,0.02,0.0133333333333333,0,0,0,0.00666666666666667,0.00666666666666667,0,0,0.00666666666666667,0,0.00666666666666667,0,0,0.00666666666666667,0,-1,-1,-1,-1,-1,-1,-1,-1,0.0266666666666667,0.0266666666666667,0,0,0,0,0,0,0,0,0,0,0,0,0,0,0,0,0,0,0,0,0,-1,-1,-1
0,0,0,0,0,0,0,0,0,0,0,0,0,0,0,0,0,0,0,0,0,0,0,0,0,0,0,0,0,0,0,0,0,0,0,0,0,0,0,-1,-1,-1,-1,-1,-1,-1,-1,0,0,0,0,0,0,0,0,0,0,0,0,0,0,0,0,0,0,0,0,0.0133333333333333,0.00666666666666667,0.0533333333333333,0.0466666666666667,0.0333333333333333,0.02,0.02,0.0533333333333333,0.0266666666666667,0.00666666666666667,0.00666666666666667,0.0266666666666667,0.0266666666666667,0.0333333333333333,0.0266666666666667,0.0266666666666667,0.0533333333333334,0.04,0.0266666666666667,0.02,0.0333333333333333,0.0266666666666667,0.04,0.0266666666666667,0.1,0.1,0.1,0.1,0.1,0.0466666666666667,0.06,0.04,0.0333333333333333,0.0466666666666666,0.0266666666666667,0.0266666666666667,0.04,0.0466666666666666,0.0333333333333333,0.06,0.04,0.06,0.0466666666666666,0.0466666666666667,0.02,0.0333333333333333,0.00666666666666667,0,0,0.00666666666666667,0.00666666666666667,0.02,0.0133333333333333,0.00666666666666667,0.0333333333333333,0.0266666666666667,0.0466666666666667,0.04,0.113333333333333,0.173333333333333,0.186666666666667,0.253333333333333,0.433333333333333,0.493333333333333,0.626666666666667,0.8,0.84,0.7,0.613333333333333,0.546666666666666,0.386666666666667,0.266666666666667,0.186666666666667,0.0933333333333333,0.106666666666667,0.0666666666666667,0.0466666666666667,0.0333333333333333,0.0466666666666667,0.0266666666666667,0.0333333333333333,0.00666666666666668,0.02,0,0.0466666666666667,0.00666666666666667,0,0.00666666666666667,0,0,0,0,0,0,0,0,0,0.00666666666666667,0,-1,-1,0.00666666666666667,0,0.0133333333333333,0.02,0.02,0.00666666666666668,0.0133333333333333,0.0133333333333333,0,0,0,0,0,0,0,0,0,0,0,0,0,0,0,0,0,0,0,0,0,-1,-1,-1
0,0,0,0,0,0,0,0,0,0,0,0,0,0,0,0,0,0,0,-1,-1,0,0,0,0,0,0,0,0,0,0,0,0,0,0,0,0,0,-1,-1,-1,-1,-1,-1,-1,-1,-1,0,0,0,0,0,0,0,0,0,0,0,0,0,0,0,0,0,0.00666666666666667,0.00666666666666667,0,0.00666666666666667,0,0,0.0133333333333333,0,0,0.0133333333333333,0.02,0.0266666666666667,0.00666666666666667,0.0266666666666667,0.02,0,0.0133333333333333,0.02,0.02,0.0266666666666667,0.02,0.0133333333333333,0.04,0.00666666666666667,0.0266666666666667,0.0133333333333333,0.0466666666666667,0.0866666666666667,0.0133333333333333,0.04,0.04,0.0333333333333333,0.0133333333333333,0.0266666666666667,0.0333333333333333,0.0466666666666667,0.0333333333333333,0.0266666666666667,0.0333333333333333,0.0533333333333333,0.04,0.0466666666666667,0.06,0.06,0.0466666666666667,0.04,0.04,-1,0.0866666666666667,0.02,0.0533333333333333,0.0333333333333333,0.0533333333333333,0.0533333333333334,0.06,0.02,0.06,0.106666666666667,0.126666666666667,0.14,0.0733333333333333,0.186666666666667,0.113333333333333,0.24,0.32,0.4,0.653333333333333,0.753333333333334,0.946666666666667,0.993333333333333,0.913333333333333,0.653333333333334,0.52,0.366666666666667,0.253333333333333,0.24,0.18,0.126666666666667,0.0666666666666667,0.0666666666666666,0.02,0.04,0.0533333333333333,0.0266666666666667,0.113333333333333,0.0333333333333333,0.04,0.04,0.0733333333333334,0.0733333333333333,0.0333333333333333,0.0266666666666667,0.0466666666666667,0.0533333333333334,0.02,0.0333333333333333,0.0133333333333333,0.0333333333333333,0.04,0.0133333333333333,0.0266666666666667,0.0333333333333334,0.0133333333333333,0.0133333333333333,0.0266666666666667,0.0266666666666667,0.0266666666666667,0.0133333333333333,-1,-1,-1,0.02,-1,-1,0,0,0,0,0,0,0,0,0,0,0,0,0,0,0,0,0,0,0,-1,-1,-1
0,0,0,0,0,0,0,0,0,0,0,0,0,0,0,0,0,0,0,-1,-1,0,0,0,0,0,0,0,0,0,0,0,0,0,0,0,0,0,0,-1,-1,-1,-1,-1,-1,-1,-1,-1,0,0,0,0,0,0,0,0,0,0,0,0,0,0,0,0,0,0.0133333333333333,0.0133333333333333,0.00666666666666667,0.0133333333333333,0.00666666666666667,0,0.02,0.0133333333333333,0.00666666666666667,0,0.00666666666666667,0,0,0.0133333333333333,0.00666666666666667,0.00666666666666667,0,0.00666666666666667,0.00666666666666667,0.02,0,0.00666666666666667,0.00666666666666667,0.02,0,0,0.0533333333333334,0.02,0.0133333333333333,0.0333333333333333,0.0333333333333333,0.04,0.0266666666666667,0.04,0.0333333333333333,0.0333333333333333,0.0266666666666667,0.06,0.04,0.04,0.06,0.06,0.02,0.06,0.0333333333333333,0.0466666666666667,0.0733333333333333,0.0933333333333333,0.0666666666666667,0.02,0.0533333333333334,0.0333333333333333,0.0533333333333333,0.0466666666666667,0.04,0.0466666666666667,-1,-1,-1,0.0933333333333334,0.106666666666667,0.18,0.186666666666667,0.366666666666667,0.446666666666667,0.68,0.84,0.96,0.993333333333333,0.926666666666666,0.68,0.513333333333334,0.36,0.213333333333333,0.186666666666667,0.206666666666667,0.0866666666666667,0.1,0.08,0.0533333333333333,0.0666666666666667,0.04,0.02,0.0933333333333333,-1,-1,-1,0.0333333333333333,0.0466666666666667,0.0333333333333333,0.0466666666666667,0.00666666666666667,-1,-1,0.0133333333333333,0.0333333333333333,0.04,0.0333333333333333,0.02,0.0133333333333333,0.0133333333333333,0.0266666666666667,-1,-1,-1,-1,-1,-1,-1,-1,0.0133333333333333,-1,-1,0,0,0,0,0,0,0,0,0,0,0,0,0,0,0,0,0,0,0,-1,-1,-1
0,0,0,0,0,0,0,0,0,0,0,0,0,0,0,0,0,0,0,-1,-1,-1,0,0,0,0,0,0,0,0,0,0,0,0,0,0,0,0,0,-1,-1,-1,-1,-1,-1,-1,-1,-1,0,0,0,0,0,0,0,0,0,0,0,0,0,0,0,0,0,0,0.00666666666666667,0.00666666666666667,0,0.00666666666666667,0.00666666666666667,0,0,0.00666666666666667,0,0.00666666666666667,0.0133333333333333,0.0133333333333333,0,0.02,0,0.00666666666666667,0.02,0,0,0.0133333333333333,0.0133333333333333,0,0,0,0.00666666666666667,0.02,0.0266666666666667,0.0333333333333333,0.02,0.0533333333333333,0.0666666666666667,0.0333333333333333,0.0533333333333333,0.0133333333333333,0.02,0.0133333333333333,0.0333333333333333,0.0466666666666667,0.0466666666666667,0.0266666666666667,0.0466666666666667,0.0466666666666667,0.0733333333333334,0.0733333333333334,0.06,0.0733333333333333,0.06,0.06,0.08,0.133333333333333,0.06,0.0333333333333333,0.0533333333333334,0.06,0.08,-1,-1,-1,-1,0.113333333333333,0.146666666666667,0.226666666666667,0.353333333333333,0.353333333333333,0.533333333333333,0.733333333333333,0.82,0.8,0.586666666666667,0.513333333333334,0.426666666666667,0.293333333333333,0.266666666666667,0.226666666666667,0.166666666666667,0.153333333333333,0.106666666666667,0.04,0.0466666666666667,0.0533333333333333,0.0333333333333333,0.0133333333333333,0.06,-1,-1,-1,-1,0.0466666666666666,0.04,0.0533333333333334,-1,-1,-1,0.02,0.02,0.02,0.0333333333333333,0.00666666666666667,0.0133333333333333,0.02,0.0266666666666667,-1,-1,0.02,-1,-1,-1,-1,0.0266666666666667,0.00666666666666667,0,0,0,0,0,0,0,0,0,0,0,0,0,0,0,0,0,0,0,0,0,0,-1,-1
0,0,0,0,0,0,0,0,0,0,0,0,0,0,0,0,0,0,0,0,-1,-1,0,0,0,0,0,0,0,-1,-1,0,0,0,0,0,0,0,0,0,-1,-1,-1,-1,-1,0,0,0,0,0,0,0,0,0,0,0,0,0,0,0,0,0,0,0,0,0,0.0133333333333333,0.00666666666666667,0,0.00666666666666667,0,0.0266666666666667,0,0,0,0.00666666666666667,0,0.00666666666666667,0.0133333333333333,0.0133333333333333,0.00666666666666667,0.02,0.0133333333333334,0.00666666666666667,0.0133333333333333,0.00666666666666667,0,0.02,0.02,0.00666666666666667,0.0266666666666667,0.0333333333333333,0.0333333333333333,0.02,0.0333333333333333,0.0333333333333333,0.0266666666666667,0.0333333333333333,0.0533333333333334,0.04,0.0533333333333334,0.0466666666666667,0.0333333333333333,0.0466666666666666,0.0466666666666667,0.0333333333333333,0.04,0.04,0.06,0.04,0.0733333333333334,0.06,0.0866666666666667,0.0866666666666667,0.0866666666666667,0.0933333333333333,0.146666666666667,0.06,0.0266666666666667,0.113333333333333,0.06,-1,0.126666666666667,0.106666666666667,0.213333333333333,0.0733333333333333,0.133333333333333,0.166666666666667,0.266666666666667,0.273333333333333,0.3,0.453333333333333,0.513333333333334,0.473333333333334,-1,-1,-1,0.326666666666667,0.266666666666667,0.193333333333333,0.18,0.1,0.0933333333333333,0.04,0.0466666666666667,0.02,0.0133333333333333,0.0133333333333333,0.02,0.0733333333333333,-1,-1,-1,-1,-1,-1,-1,-1,-1,0.02,0.04,0.0333333333333333,0.0266666666666667,0.0333333333333333,0.0133333333333333,0.00666666666666667,0.0266666666666667,-1,-1,-1,0.0266666666666667,0.0266666666666667,0.00666666666666668,0.0266666666666667,0.04,0,-1,-1,-1,0,0,0,0,0,0,0,0,0,0,0,0,0,0,0,0,0,0,0,-1,-1
0,0,0,0,0,0,0,0,0,0,0,0,0,0,0,0,0,0,0,0,-1,-1,0,0,0,0,0,0,0,0,0,0,0,0,0,0,0,0,0,0,-1,-1,0,0,0,0,0,0,0,0,0,0,0,0,0,0,0,0,0,0,0,0,0,0,0,0.00666666666666667,0,0.00666666666666667,0.00666666666666667,0.00666666666666667,0.0133333333333333,0,0,0.0133333333333333,0,0.00666666666666667,0.00666666666666667,0.0266666666666667,0.0133333333333333,0,0,0.0133333333333333,0,0.0133333333333333,0.00666666666666667,0,0,0.02,0.02,0.0333333333333333,0.00666666666666667,0.0533333333333333,0.02,0.0333333333333333,0.0466666666666667,0.0466666666666667,0.0333333333333333,0.0133333333333333,0.0533333333333334,0.04,0.0333333333333333,0.06,0.0333333333333333,0.0333333333333333,0.04,0.0466666666666667,0.0333333333333333,0.0533333333333334,-1,-1,-1,-1,0.0933333333333334,0.0733333333333334,0.0866666666666666,0.0933333333333334,0.0733333333333333,0.0933333333333333,0.0533333333333333,0.0266666666666667,0.0933333333333333,0.08,0.08,0.0666666666666667,0.0733333333333333,0.0933333333333333,0.0733333333333334,0.14,0.246666666666667,-1,-1,-1,-1,-1,-1,-1,-1,0.273333333333333,0.193333333333333,0.18,0.14,0.1,0.0466666666666667,0.06,0.0466666666666667,0.0266666666666667,0.00666666666666667,0.0333333333333333,0.0333333333333333,0.06,-1,-1,-1,-1,-1,-1,-1,-1,-1,0.0133333333333333,0.0466666666666667,0.02,0.0133333333333333,0.0333333333333333,0.0133333333333333,0.00666666666666667,-1,-1,-1,-1,0.0333333333333333,0.0133333333333333,0.00666666666666667,0.0333333333333333,0.02,0,-1,-1,-1,0,0,0,0,0,0,0,0,0,0,0,0,0,0,0,0,0,0,0,-1,-1
0,0,0,0,0,0,0,0,0,0,0,0,0,0,0,0,0,0,0,0,-1,-1,0,0,0,0,0,0,0,-1,-1,-1,-1,-1,0,0,0,0,0,0,0,0,0,0,0,0,0,0,0,0,0,0,0,0,0,0,0,0,0,0,0,0,0,0,0,0,0,0,0,0.00666666666666667,0.00666666666666667,0.0133333333333333,0.00666666666666667,0.00666666666666667,0.0266666666666667,0.00666666666666667,0.00666666666666667,0.02,0.0133333333333333,0.0133333333333333,0.00666666666666667,0.00666666666666667,0.0133333333333333,0.0133333333333333,0.00666666666666667,0.00666666666666667,0.0133333333333333,0.00666666666666667,0.0133333333333333,0.00666666666666667,0.00666666666666667,0.0266666666666667,0.0533333333333333,0.0466666666666667,0.0333333333333333,0.0333333333333333,0.0666666666666667,0.0266666666666667,0.0266666666666667,0.0266666666666667,0.0533333333333333,0.1,-1,-1,-1,0.0533333333333333,-1,-1,-1,-1,-1,-1,0.06,0.08,0.06,0.0866666666666667,0.113333333333333,0.08,0.0666666666666667,0.08,0.0133333333333333,0.0133333333333333,0.02,0.02,0.0533333333333333,0.166666666666667,0.113333333333333,-1,-1,-1,-1,-1,-1,-1,-1,0.26,0.22,0.186666666666667,0.14,0.18,0.14,0.126666666666667,0.06,0.0466666666666667,0.04,0.04,0.02,0.00666666666666668,0.00666666666666667,0.0666666666666667,-1,-1,-1,-1,-1,-1,-1,-1,-1,0.0133333333333333,0.00666666666666667,0.0266666666666667,0.0133333333333333,0.0333333333333333,0.0466666666666667,0.00666666666666668,0.00666666666666667,-1,-1,0.00666666666666667,0,0.00666666666666667,0.0333333333333333,0.0133333333333333,0,-1,-1,-1,-1,0,0,0,0,0,0,0,0,0,0,0,0,0,0,0,0,0,0,0,0,-1
0,0,0,0,0,0,0,0,0,0,0,0,0,0,0,0,0,0,0,0,0,-1,0,0,0,0,-1,-1,0,-1,-1,-1,-1,-1,0,0,0,0,0,0,0,0,0,0,0,0,0,0,0,0,0,0,0,0,0,0,0,0,0,0,0,0,0,0,0,0,0,0,0,0.00666666666666667,0.00666666666666667,0.02,0.0133333333333333,0,0.0533333333333333,0.02,0.02,0.02,0.0133333333333333,0.02,0.0133333333333333,0.0266666666666667,0.00666666666666667,0.0333333333333333,0.02,0.02,0.02,0.00666666666666667,0.00666666666666667,0.02,0.02,0.0466666666666667,0.06,0.0733333333333333,0.02,0.0333333333333333,-1,-1,-1,-1,-1,-1,-1,-1,-1,0.0733333333333334,-1,-1,-1,-1,-1,-1,0.0733333333333333,0.0533333333333333,0.0733333333333333,-1,-1,-1,-1,0.126666666666667,-1,-1,-1,-1,0.12,0.12,0.146666666666667,-1,-1,-1,0.18,0.206666666666667,0.226666666666667,0.233333333333333,0.22,0.213333333333333,0.166666666666667,0.18,0.133333333333333,0.153333333333333,0.133333333333333,0.14,0.0733333333333333,0.0866666666666667,0.0333333333333333,0.0333333333333333,0.0133333333333333,0.02,0.02,0.0933333333333333,-1,-1,-1,-1,-1,-1,-1,-1,-1,0.0333333333333333,0.0266666666666667,0.02,0.02,0.0133333333333333,0,0.02,0.00666666666666667,0.0133333333333333,0.0266666666666667,0,0,0.00666666666666667,0.0133333333333333,0.0133333333333333,0.00666666666666667,0,0,0,0,0,0,0,0,0,0,0,0,0,0,0,0,0,0,0,0,0,0,0,0,-1
0,0,0,0,0,0,0,0,0,0,0,0,0,0,0,0,0,0,0,0,0,-1,-1,0,0,0,0,0,0,0,0,0,0,0,0,0,0,0,0,0,0,0,0,0,0,0,0,0,0,0,0,0,0,0,0,0,0,0,0,0,0,0,0,0,0,0,0,0,0,0,0.02,0.0133333333333333,0.0333333333333333,0.00666666666666667,0,0.0133333333333333,0.00666666666666667,0.0133333333333333,0.02,0,0,0.02,0.0266666666666667,0.0333333333333333,0.00666666666666667,0.0133333333333333,0.02,0.00666666666666667,0.0133333333333333,0.00666666666666667,0.00666666666666667,0.04,0.0333333333333333,0.06,0.0533333333333334,-1,-1,-1,-1,-1,-1,-1,0.0466666666666667,0.06,0.08,0.06,0.08,-1,-1,-1,0.06,-1,-1,-1,-1,-1,-1,-1,-1,-1,-1,-1,-1,-1,0.0733333333333333,0.14,0.106666666666667,0.153333333333333,0.113333333333333,0.166666666666667,0.186666666666667,0.166666666666667,0.166666666666667,0.233333333333334,0.2,0.18,0.14,-1,-1,-1,0.0866666666666667,0.133333333333333,0.1,0.0933333333333333,0.0866666666666667,0.1,0.0133333333333333,0.0133333333333333,0.00666666666666667,0.0733333333333333,-1,-1,-1,-1,-1,-1,-1,-1,-1,0.02,0.0466666666666666,0.02,0.0133333333333333,0.0333333333333333,0.0333333333333333,0.02,0.00666666666666667,0.02,-1,0,0.0333333333333333,0.0333333333333333,0.02,0.00666666666666667,0,0,0,0,0,0,0,0,0,0,-1,-1,-1,0,0,0,-1,-1,-1,-1,-1,-1,0,0,0,-1
0,0,0,0,0,0,0,0,0,0,0,0,0,0,0,0,0,0,-1,0,0,-1,-1,0,0,0,0,0,0,0,0,0,0,0,0,0,0,0,0,0,0,0,0,0,0,0,0,0,0,0,0,0,0,0,0,0,0,0,0.00666666666666667,0,0,0,0,0,0,0,0,0,0,0,0,0.00666666666666667,0,0.02,0.00666666666666667,0.00666666666666667,0.00666666666666667,0.0133333333333333,0.00666666666666667,0.0333333333333333,0.0133333333333333,0.04,0.00666666666666667,0.0133333333333333,0.0133333333333333,0.0133333333333333,0.0133333333333333,0,0.00666666666666667,0.0333333333333333,0.02,0.0133333333333333,0.0533333333333334,0.0533333333333334,0.0533333333333333,-1,0.0533333333333334,0.0266666666666667,0.1,0.0333333333333333,0.06,0.06,0.0333333333333333,0.08,0.06,0.0333333333333333,0.0333333333333333,0.0466666666666667,0.0733333333333333,0.08,0.04,-1,-1,-1,-1,-1,-1,-1,-1,-1,0.14,0.14,0.126666666666667,0.04,0.0933333333333333,0.0933333333333334,0.08,0.14,0.133333333333333,0.126666666666667,0.14,0.2,0.153333333333333,0.126666666666667,-1,0.14,0.113333333333333,-1,-1,-1,0.0733333333333334,0.08,0.08,0.0733333333333333,0.0533333333333334,0.1,0.0466666666666667,0.0666666666666667,0,0.06,-1,-1,-1,-1,-1,-1,-1,-1,-1,0.04,0.0266666666666667,0.02,0.0333333333333333,0.0133333333333333,0.00666666666666668,0.0466666666666667,0.04,0.00666666666666667,0.0133333333333333,0.0133333333333333,0.0133333333333333,0.0133333333333333,0,0.02,0,0,0,0,0,-1,-1,-1,-1,-1,-1,-1,-1,-1,0,0,-1,-1,0,0,0,0,0,0,0,0
0,0,0,0,0,0,0,0,0,0,0,0,0,0,0,0,0,0,0,0,0,0,0,0,0,0,0,0,0,0,0,0,0,0,0,0,0,0,0,0,0,0,0,0,0,0,0,0,0,0,0,0,0,0,0,0,0,0,0,0,0,0,0,0,0,0,0,0,0,0,0,0.00666666666666667,0.00666666666666667,0.0133333333333333,0.0133333333333333,0.02,0.00666666666666667,0.02,0.0133333333333333,0.00666666666666667,0.0133333333333333,0.00666666666666667,0.0133333333333333,0.02,0.0333333333333333,0.02,0.00666666666666667,0.0133333333333333,0.00666666666666667,0.0133333333333333,0.0333333333333333,0.0133333333333333,0.04,0.0666666666666667,-1,-1,0.0666666666666667,0.0333333333333333,0.0666666666666667,0.06,0.0533333333333333,0.0733333333333333,0.0266666666666667,0.0333333333333333,0.113333333333333,0.06,0.06,0.04,0.0466666666666667,0.0133333333333333,0.0466666666666666,-1,-1,-1,-1,0.0466666666666666,0.06,0.0733333333333334,0.0866666666666667,0.0933333333333333,0.12,0.106666666666667,0.126666666666667,0.0666666666666667,0.06,0.0733333333333333,0.0466666666666667,0.0733333333333333,0.0866666666666667,-1,-1,-1,-1,-1,-1,0.2,0.133333333333333,0.0933333333333333,0.0866666666666667,0.08,0.0933333333333334,0.0933333333333333,0.06,0.0666666666666667,0.0866666666666667,0.0666666666666667,0.04,0.02,0.0533333333333334,0.04,-1,-1,-1,-1,-1,-1,-1,-1,-1,0.04,0.0333333333333333,0.0133333333333333,0.00666666666666667,0,0.02,0.00666666666666667,0.0133333333333333,0.0266666666666667,0.02,0.0266666666666667,0.00666666666666667,0.00666666666666667,0.02,0.0133333333333333,-1,-1,-1,-1,-1,-1,-1,-1,-1,-1,-1,-1,-1,-1,0,0,-1,-1,0,0,0,0,0,0,0,0
0,0,0,0,0,0,0,0,0,0,0,0,0,0,0,0,0,0,0,0,0,0,0,0,0,0,0,0,0,0,0,0,0,0,0,0,0,0,0,0,0,0,0,0,0,0,0,0,0,0,0,0,0,0,0,0,0,0,0,0,0,0,0,0,0,0,0,0,0,0,0,0,0.0266666666666667,0.02,0.0133333333333333,0.0133333333333333,0.0133333333333333,0.0133333333333333,0.02,0.0266666666666667,0.0333333333333333,0.0266666666666667,0.00666666666666668,0.0266666666666667,0.0266666666666667,0.0466666666666667,0.0133333333333333,0.0266666666666667,0.00666666666666667,0.02,0.0266666666666667,0.02,0.0266666666666667,0.0533333333333333,0.0866666666666667,-1,0.04,-1,0.0333333333333333,0.0666666666666667,0.0533333333333333,0.0866666666666667,0.06,0.04,0.0266666666666667,0.06,0.06,0.0533333333333333,0.06,0.0466666666666667,0.0466666666666667,0.1,0.0666666666666667,0.0866666666666667,0.0466666666666667,0.08,0.0533333333333334,0.1,0.08,0.0933333333333333,0.12,0.12,0.166666666666667,0.253333333333333,0.113333333333333,0.0866666666666666,0.166666666666667,0.153333333333333,0.173333333333333,0.18,0.18,0.186666666666667,0.226666666666667,0.173333333333333,0.206666666666667,0.253333333333333,0.133333333333333,0.146666666666667,0.153333333333333,0.173333333333333,0.166666666666667,0.12,0.153333333333333,0.1,0.0333333333333333,0.0866666666666667,0.06,0.08,0.0333333333333333,0.0133333333333333,-1,-1,-1,-1,-1,-1,-1,-1,-1,0.00666666666666667,0.00666666666666667,0.0333333333333333,0.04,0,0.02,0.0266666666666667,0.02,0.02,0.02,0.02,0,0.00666666666666667,0.0133333333333333,0.02,-1,-1,-1,-1,-1,-1,-1,-1,-1,-1,-1,-1,-1,-1,0,0,-1,-1,-1,0,0,0,0,0,0,0
0,0,0,0,0,0,0,0,0,0,0,0,0,0,0,0,0,0,0,0,0,0,0,0,0,0,0,0,0,0,0,0,0,0,0,0,0,0,0,0,0,0,0,0,0,0,0,0,0,0,0,0,0.0266666666666667,0.0266666666666667,0.02,0,0,0,0,0,0,0,0,0,0,0,0,0,0,0,0,0,0,0.0133333333333333,0,0.0266666666666667,0.00666666666666667,0.0133333333333333,0.00666666666666667,0.02,0.0333333333333333,0.00666666666666667,0.0266666666666667,0.04,0.02,0.0333333333333333,0.0266666666666667,0.0133333333333333,0.04,0.04,0.0266666666666667,0.0133333333333333,0.0266666666666667,0.06,0.0933333333333334,0.04,-1,-1,-1,0.04,0.0666666666666667,0.06,0.0333333333333333,0.106666666666667,0.0866666666666667,0.02,0.0533333333333333,0.0466666666666666,0.0533333333333334,0.0666666666666667,0.08,0.06,0.0866666666666667,0.0466666666666667,0.0733333333333333,0.08,0.08,0.0666666666666667,0.0733333333333334,0.22,0.213333333333333,0.253333333333333,0.2,0.266666666666667,0.253333333333333,0.106666666666667,0.126666666666667,0.1,0.106666666666667,0.14,0.166666666666667,0.14,0.186666666666667,0.206666666666667,0.16,0.186666666666667,0.113333333333333,0.22,0.146666666666667,0.146666666666667,0.173333333333333,0.186666666666667,0.12,0.12,0.153333333333333,0.153333333333333,0.113333333333333,0.1,0.0533333333333333,0.0466666666666667,-1,-1,-1,-1,-1,-1,-1,-1,0.02,0.0133333333333333,0.02,0.04,0.02,0.0266666666666667,0.0133333333333333,0.00666666666666667,0.00666666666666667,0.02,-1,0.02,0.00666666666666667,0.0266666666666667,0.0133333333333333,-1,-1,-1,-1,-1,-1,-1,-1,-1,-1,-1,-1,-1,-1,-1,-1,0,-1,0,0,0,0,0,0,0,0,0
0,0,0,0,0,0,0,0,0,0,0,0,0,0,0,0,0,0,0,0,0,0,0,0,0,0,0,0,0,0,0,0,0,0,0,0,0,0,0,0,0,0,0,0,0,0,0,0,0,0,0,0,0.0133333333333333,0,0,0.00666666666666667,0.0133333333333333,0,0,0,0,0,0,0,0,0,0,0,0,0,0,0.00666666666666667,0.00666666666666667,0.00666666666666667,0.02,0.02,0.00666666666666667,0.02,0.02,0.02,0.04,0.0333333333333333,0.0333333333333333,0.0133333333333333,0.0533333333333333,0.0333333333333333,0.0333333333333333,0.0266666666666667,0.0866666666666667,0.0266666666666667,0.0133333333333333,0.0266666666666667,0.00666666666666667,0.0733333333333333,-1,0.08,0.0266666666666667,-1,-1,-1,0.0533333333333334,0.1,0.106666666666667,0.0333333333333333,0.0533333333333334,0.0533333333333333,0.0733333333333333,0.0666666666666667,0.0266666666666667,0.0666666666666667,0.0133333333333333,0.0533333333333334,0.06,0.0533333333333334,0.0866666666666667,0.0866666666666667,0.0733333333333333,0.206666666666667,0.2,0.166666666666667,0.186666666666667,0.193333333333333,0.193333333333333,0.253333333333333,0.233333333333333,0.22,0.08,0.1,0.12,0.126666666666667,0.12,0.133333333333333,0.14,0.113333333333333,0.24,0.193333333333333,0.173333333333333,0.133333333333333,0.16,0.126666666666667,0.193333333333333,0.133333333333333,0.0866666666666666,0.193333333333333,0.14,0.133333333333333,0.146666666666667,0.106666666666667,0.0733333333333333,0.0866666666666667,-1,-1,-1,-1,-1,-1,-1,-1,0.0133333333333333,0.0266666666666667,0.0266666666666667,0.02,0.0333333333333333,0.02,0.00666666666666667,0.0333333333333333,-1,-1,-1,0.0133333333333333,0.0133333333333333,0.0133333333333333,-1,-1,-1,-1,-1,-1,-1,-1,-1,-1,-1,-1,-1,-1,-1,-1,-1,-1,-1,0,0,0,0,0,0,0,0,0
0,0,0,0,0,0,0,0,0,0,0,0,0,0,0,0,0,0,0,0,0,0,0,0,0,0,0,0,0,0,0,0,0,0,0,0,0,0,0,0,0,0,0,0,0,0,0,0,0,0,0,0,0.00666666666666667,0,0,0,0.00666666666666667,0.0133333333333333,0.00666666666666667,0,0,0,0,0,0,0,0,0,0,0,0,0,0,0,0,0.02,0.00666666666666667,0.0133333333333333,0.02,0.0333333333333333,0.04,0.02,0.00666666666666667,0.04,0.04,0.0533333333333334,0.0266666666666667,0.04,0.04,0.0333333333333333,0.02,0.0466666666666666,-1,-1,-1,-1,0.0933333333333333,0.0466666666666667,0.0466666666666667,-1,-1,0.0533333333333333,0.0666666666666667,0.0933333333333333,0.08,0.0866666666666667,0.0733333333333333,0.0666666666666667,0.04,0.02,0.1,0.0466666666666667,0.0666666666666666,-1,-1,-1,0.246666666666667,0.126666666666667,0.16,0.14,0.173333333333333,0.22,0.2,0.226666666666667,0.186666666666667,0.16,0.0733333333333333,0.12,0.106666666666667,0.12,0.1,0.1,0.12,0.0933333333333333,0.173333333333333,0.0933333333333334,0.106666666666667,0.153333333333333,0.166666666666667,-1,-1,0.146666666666667,0.12,0.153333333333333,0.106666666666667,0.113333333333333,0.0533333333333334,0.126666666666667,0.106666666666667,0.0666666666666667,-1,-1,-1,-1,-1,-1,-1,0.00666666666666667,0.04,0.0133333333333333,0.0133333333333333,0.0266666666666667,0.0133333333333333,0.0133333333333333,0.0133333333333334,0.0133333333333333,-1,-1,-1,0.02,0.02,0.00666666666666667,0.0333333333333333,-1,-1,-1,-1,-1,-1,-1,-1,-1,-1,-1,-1,-1,-1,-1,-1,-1,-1,0,0,0,0,0,0,0,0,0
0,0,0,0,0,0,0,0,0,0,0,0,0,0,0,0,0,0,0,0,0,0,0,0,0,0,0,0,0,0,0,0,0,0,0,0,0,0,0,0,0,0,0,0,0,0,0,0,0,0,0,0.00666666666666667,0.00666666666666667,0,0,0,0.00666666666666667,0.00666666666666667,0.0133333333333333,0.02,0.0133333333333333,0,0,0,0.00666666666666667,0,0,0.0133333333333333,0,0,0,0,0,0,0,0.06,0.0266666666666667,0.0333333333333333,0.0533333333333334,0.0266666666666667,0.0733333333333333,0.0666666666666666,0.0333333333333333,0.0533333333333334,0.02,0.04,0.0533333333333333,0.0266666666666667,0.04,0.0666666666666667,0.0533333333333334,-1,0.0266666666666667,-1,-1,-1,-1,0.113333333333333,0.06,0.0866666666666667,-1,-1,0.0533333333333333,0.04,0.0866666666666667,0.04,0.06,0.0666666666666667,0.02,0.0666666666666667,0.0933333333333333,0.0466666666666667,0.113333333333333,0.193333333333333,-1,-1,0.213333333333333,0.22,0.146666666666667,0.28,0.213333333333333,0.22,0.206666666666667,0.233333333333333,0.226666666666667,0.18,0.24,0.0933333333333333,0.0733333333333334,0.106666666666667,0.0733333333333333,0.133333333333333,0.126666666666667,0.146666666666667,-1,-1,0.08,0.173333333333333,0.133333333333333,0.2,0.12,0.126666666666667,0.106666666666667,0.126666666666667,0.0933333333333333,0.126666666666667,0.126666666666667,0.1,0.106666666666667,0.12,-1,-1,-1,-1,-1,-1,-1,0.0333333333333333,0.0533333333333333,0.02,0.0133333333333333,0.02,0.02,0.00666666666666667,0.0133333333333333,0.0333333333333333,-1,-1,-1,-1,0.00666666666666667,0,0,-1,-1,-1,-1,-1,-1,-1,-1,-1,-1,-1,-1,-1,-1,0,0,-1,-1,-1,0,0,0,0,0,0,0,0
0,0,0,0,0,0,0,0,0,0,0,0,0,0,0,0,0,0,0,0,0,0,0,0,0,0,0,0,0,0,0,0,0,0,0,0,0,0,0,0,0,0,0,0,0,0,0,0,0,0,0,0,0,0,0.0266666666666667,0,0,0.0266666666666667,0.02,0.0133333333333333,0.0133333333333333,0.0133333333333333,0.02,0,0,0,0.00666666666666667,0,0,0,0,0,0,0,0,0.00666666666666667,0.04,0.02,0.0533333333333334,0.0733333333333333,0.04,0.0533333333333334,0.0466666666666667,0.04,0.04,-1,-1,-1,0.02,-1,-1,-1,-1,-1,-1,-1,-1,-1,0.06,0.1,0.0666666666666666,-1,-1,0.04,0.106666666666667,0.0600000000000001,0.0866666666666667,0.0866666666666666,0.0466666666666667,0.0466666666666667,0.113333333333333,0.2,0.166666666666667,0.173333333333333,-1,-1,0.193333333333333,0.2,0.226666666666667,0.22,0.246666666666667,0.16,0.193333333333333,0.22,0.22,0.206666666666667,0.193333333333333,0.1,0.12,0.08,0.133333333333333,0.106666666666667,0.113333333333333,0.0933333333333333,0.113333333333333,0.1,0.166666666666667,0.12,0.133333333333333,0.106666666666667,0.1,0.126666666666667,0.14,-1,-1,0.16,0.0733333333333333,0.08,0.173333333333333,0.106666666666667,0.1,-1,-1,0.0733333333333333,0.0533333333333333,-1,-1,-1,0.0133333333333333,0.02,0,0.0333333333333333,0.0133333333333333,0.0133333333333333,0.02,0.0133333333333333,0.0133333333333333,-1,0,0.00666666666666667,0,0.0266666666666667,0,-1,-1,-1,-1,-1,-1,-1,-1,-1,-1,-1,-1,-1,-1,-1,0,-1,-1,-1,0,0,0,0,0,0,0,0
0,0,0,0,0,0,0,0,0,0,0,0,0,0,0,0,0,0,0,0,0,0,0,0,0,0,0,0,0,0,0,0,0,0,0,0,0,0,0,0,0,0,0,0,0,0,0,0,0,0.0133333333333333,0.0133333333333333,0.0133333333333333,0.02,0,0.0133333333333333,0.00666666666666667,0.0333333333333333,0.00666666666666667,0.0133333333333333,0.02,0,0.0333333333333333,-1,0,0,0,0,0,0,0,0,0,0,0.00666666666666668,0,0,0.00666666666666667,0.1,0.0333333333333333,0.04,0.04,0.00666666666666667,0.08,-1,-1,-1,-1,-1,0.0266666666666667,0.0333333333333333,-1,-1,-1,0.0466666666666667,-1,-1,-1,-1,-1,0.08,0.0933333333333333,0.0866666666666667,-1,-1,0.04,0.02,0.0466666666666667,0.0733333333333333,0.173333333333333,0.153333333333333,0.16,0.186666666666667,0.2,0.18,0.14,-1,-1,-1,-1,-1,0.253333333333333,0.173333333333333,0.213333333333333,0.22,0.193333333333333,0.233333333333333,0.206666666666667,0.153333333333333,0.0866666666666667,0.0466666666666667,0.0866666666666666,0.106666666666667,0.113333333333333,-1,-1,0.0866666666666667,0.113333333333333,0.12,0.0866666666666667,0.106666666666667,0.06,0.0933333333333334,0.133333333333333,-1,-1,0.126666666666667,0.0866666666666667,0.08,0.113333333333333,0.0933333333333333,0.06,-1,-1,-1,-1,-1,-1,-1,0.08,0.0133333333333333,0.0333333333333333,0.0133333333333333,0.00666666666666668,0.02,0,0.0133333333333333,-1,-1,-1,-1,-1,0.00666666666666667,0,0,-1,-1,-1,-1,-1,-1,-1,-1,0,0,0,0,0,0,-1,-1,-1,-1,0,0,0,0,0,0,0,0
0,0,0,0,0,0,0,0,0,0,0,0,0,0,0,0,0,0,0,0,0,0,0,0,0,0,0,0,0,0,0,0,0,0,0,0,0,0,0,0,0,0,0,0,0,0,0,0,0,0.02,0,0,0.0133333333333333,0,0.02,0.00666666666666667,0.00666666666666667,0.00666666666666667,0.0133333333333333,0.00666666666666667,0.0133333333333333,0,-1,0.0133333333333333,0.02,0.00666666666666667,0,0,0,0,0,0,0,0,0,0,0.00666666666666668,0.00666666666666667,0.04,0.0266666666666667,0.04,-1,-1,-1,-1,-1,-1,0.0333333333333333,0.0133333333333333,0.04,-1,-1,-1,-1,0.0533333333333333,-1,-1,-1,-1,0.0666666666666666,0.0333333333333333,0.04,0.02,0.02,0.0333333333333333,0.106666666666667,0.04,0.166666666666667,0.16,0.193333333333333,0.113333333333333,0.126666666666667,0.153333333333333,0.133333333333333,-1,-1,-1,-1,-1,-1,-1,0.173333333333333,0.133333333333333,0.186666666666667,0.173333333333333,0.16,0.22,0.213333333333333,0.04,-1,-1,0.0933333333333333,0.0866666666666666,-1,-1,0.133333333333333,0.0933333333333333,0.1,0.08,0.0933333333333333,0.0933333333333333,0.12,0.08,-1,-1,0.08,-1,-1,-1,-1,-1,-1,-1,-1,-1,-1,-1,-1,-1,0.0733333333333333,0.0333333333333333,0.0266666666666667,0.0266666666666667,0.00666666666666668,0.0133333333333333,0.00666666666666667,0,-1,-1,-1,-1,-1,0,0,-1,-1,-1,0,0,-1,0,0,0,0,0,0,0,-1,-1,-1,-1,-1,-1,0,0,0,0,0,0,0
0,0,0,0,0,0,0,0,0,0,0,0,0,0,0,0,0,0,0,0,0,0,0,0,0,0,0,0,0,0,0,0,0,0,0,0,0,0,0,0,0,0,0,0,0,0,0,0,0.0133333333333333,0.02,0.00666666666666667,0.02,0.0133333333333333,0,0.02,0.02,0.02,0.00666666666666667,0.0133333333333333,0.0266666666666667,0,0.0133333333333333,0.0133333333333333,-1,0.0133333333333333,0,0,0,0,0,0,0,0,0,0.00666666666666667,0.00666666666666667,0,0,0,0.0466666666666667,0.04,-1,-1,-1,-1,0.06,0.06,0.0333333333333333,0.0866666666666667,0.0666666666666667,0.0733333333333333,-1,-1,-1,-1,0.0666666666666667,-1,-1,0.14,0.106666666666667,0.04,0.0333333333333333,0.0266666666666667,0.106666666666667,0.08,0.06,0.18,0.186666666666667,0.186666666666667,0.233333333333333,0.246666666666667,0.153333333333333,0.146666666666667,0.14,-1,-1,0.2,0.22,0.233333333333333,0.16,0.18,0.206666666666667,0.126666666666667,0.24,0.16,0.186666666666667,0.206666666666667,0.193333333333333,0.22,0.0733333333333333,0.126666666666667,0.0733333333333334,0.1,0.113333333333333,0.0866666666666666,0.0666666666666666,0.106666666666667,0.0733333333333334,-1,-1,-1,0.0733333333333334,0.126666666666667,0.1,0.1,-1,-1,-1,-1,-1,-1,-1,-1,-1,-1,-1,-1,-1,-1,0.0666666666666667,0.04,0.0533333333333333,0.02,0.0133333333333333,0.00666666666666667,0.00666666666666667,0.00666666666666667,0.02,-1,-1,-1,-1,0,0,0,0,0,0,0,0,-1,0,0,0,0,0,-1,-1,-1,-1,-1,-1,-1,-1,-1,-1,-1,-1,0,0
0,0,0,0,0,0,0,0,0,0,0,0,0,0,0,0,0,0,0,0,0,0,0,0,0,0,0,0,0,0,0,0,0,0,0,0,0,0,0,0,0,0,0,0,0,0,0,0,0,0,0.00666666666666667,0.00666666666666668,0,0.0133333333333333,0.00666666666666667,0.0133333333333333,0.02,-1,-1,-1,-1,0.02,0.0333333333333333,0.0266666666666667,-1,0.0133333333333333,0,0.00666666666666667,0,0,0.0133333333333333,0.0133333333333333,0,0,0.0133333333333333,0,0.0133333333333333,0.0133333333333333,0.02,0.0866666666666666,0.0266666666666667,0.0733333333333333,-1,0.0666666666666667,0.0666666666666667,0.04,0.12,0.0866666666666666,0.0866666666666667,0.08,0.0933333333333334,0.106666666666667,-1,-1,-1,-1,0.0466666666666667,0.16,0.0733333333333333,0.04,0.06,0.0266666666666667,0.0533333333333333,0.0666666666666667,0.18,0.14,0.166666666666667,0.213333333333333,-1,0.18,0.133333333333333,0.173333333333333,0.153333333333333,0.146666666666667,0.28,0.173333333333333,0.146666666666667,0.153333333333333,0.193333333333333,0.126666666666667,0.153333333333333,0.133333333333333,0.193333333333333,0.193333333333333,0.166666666666667,0.2,0.193333333333333,0.18,0.166666666666667,0.0733333333333333,0.1,0.0933333333333334,0.126666666666667,0.12,-1,-1,-1,-1,-1,-1,-1,-1,0.08,0.08,0.08,0.0666666666666667,-1,-1,-1,-1,-1,-1,-1,-1,-1,0.0666666666666667,0.0333333333333333,0.04,0.06,0.0733333333333333,0.0733333333333333,0.06,0.0666666666666666,0,0.00666666666666667,0.00666666666666667,0,0.02,0.0133333333333333,0,0,-1,-1,-1,0,0,0,0,0,0,0,-1,0,0,0,-1,-1,-1,-1,-1,-1,-1,-1,0,-1,-1,-1,-1,0,0
0,0,0,0,0,0,0,0,0,0,0,0,0,0,0,0,0,0,0,0,0,0,0,0,0,0,0,0,0,0,0,0,0,0,0,0,0,0,0,0,0,0,0,0,0,0,0,0,0.00666666666666667,0,0.02,0.00666666666666667,-1,-1,-1,-1,-1,-1,-1,-1,-1,-1,0.0333333333333333,0,0.00666666666666667,0,0,0,0.00666666666666667,0,0,0,0,0,0.00666666666666667,0,0.00666666666666667,0,0.0266666666666667,0.0133333333333333,0.06,0.0866666666666667,0.113333333333333,-1,-1,-1,0.1,0.0333333333333333,0.0666666666666667,0.0866666666666667,0.0866666666666667,0.0466666666666667,0.00666666666666668,-1,-1,-1,0.1,0.0666666666666667,0.0466666666666667,0.06,0.06,0.126666666666667,-1,-1,-1,-1,-1,-1,0.133333333333333,0.213333333333333,0.126666666666667,0.14,0.166666666666667,0.166666666666667,0.153333333333333,0.153333333333333,0.153333333333333,0.14,0.166666666666667,0.166666666666667,0.173333333333333,0.0933333333333333,0.153333333333333,0.206666666666667,0.193333333333333,0.186666666666667,0.18,0.186666666666667,0.2,-1,-1,-1,-1,-1,-1,-1,-1,-1,-1,-1,-1,-1,0.06,0.0866666666666667,0.08,0.06,-1,-1,-1,-1,0.06,0.0933333333333334,0.12,0.08,0.06,0.0933333333333333,0.0466666666666667,0.06,0.06,0.0266666666666667,-1,-1,-1,-1,0.02,0,0.02,0,0.00666666666666667,0,0,0,0,0,0,0,0,0,0,0,0,0,0,0,0,-1,-1,-1,-1,-1,-1,-1,0,0,-1,-1,0,0,0,0
0,0,0,0,0,0,0,0,0,0,0,0,0,0,0,0,0,0,0,0,0,0,0,0,0,0,0,0,0,0,0,0,0,0,0,0,0,0,0,0,0,0,0,0,0,0,0,-1,-1,-1,-1,-1,-1,-1,-1,-1,-1,-1,-1,-1,-1,-1,0,0.0133333333333333,0.0266666666666667,0.00666666666666667,0,0,0.00666666666666667,0,0,0,0,0,0.0133333333333333,0.0133333333333333,0,0.02,0.00666666666666667,0.00666666666666667,0.0133333333333333,0.0666666666666667,-1,-1,-1,-1,-1,0.06,0.0933333333333333,0.133333333333333,0.08,0.0866666666666667,0.02,0,0.0266666666666667,0.00666666666666667,0.0133333333333333,0.02,0.0666666666666667,0.04,0.0666666666666666,0.04,0.153333333333333,0.133333333333333,0.14,0.14,0.16,0.12,0.14,0.146666666666667,0.166666666666667,0.14,0.14,0.146666666666667,0.14,0.14,0.16,0.14,0.133333333333333,0.16,0.126666666666667,0.14,0.18,0.22,0.173333333333333,0.153333333333333,0.133333333333333,-1,-1,-1,-1,-1,-1,-1,-1,-1,-1,-1,-1,0.0666666666666666,-1,0.0600000000000001,0.106666666666667,0.0933333333333333,0.146666666666667,0.0533333333333334,0.1,0.0666666666666667,0.113333333333333,0.0533333333333334,0.0666666666666667,0.0866666666666666,0.0666666666666666,0.0666666666666667,0.0466666666666667,0.08,-1,-1,-1,-1,-1,-1,-1,-1,0.0333333333333333,0.02,0.02,0.00666666666666667,0,0,0,0,0,0,0,0,0,0,0,0,0,0,0,0,-1,-1,-1,-1,-1,-1,-1,-1,0,-1,-1,-1,0,0,0,0
0,0,0,0,0,0,0,0,0,0,0,0,0,0,0,0,0,0,0,0,0,0,0,0,0,0,0,0,0,0,0,0,0,0,0,0,0,0,0,0,0,0,0,-1,-1,-1,-1,-1,-1,-1,-1,-1,-1,-1,-1,-1,-1,-1,-1,-1,-1,-1,0.0333333333333333,0.04,0.0333333333333333,-1,0,0,0.00666666666666667,0.00666666666666668,0,0,0.00666666666666667,0,0.00666666666666667,0.00666666666666667,0.0133333333333333,0,0.00666666666666667,0.0533333333333333,0.0133333333333333,0.0266666666666667,0.0933333333333333,-1,-1,-1,-1,-1,0.166666666666667,0.113333333333333,0.1,0.14,0.0266666666666667,0.0333333333333333,0.02,0.0333333333333333,0.0133333333333333,0.0266666666666667,0,0.0466666666666667,0.0466666666666667,0.193333333333333,0.16,0.166666666666667,0.2,0.146666666666667,0.14,0.12,0.113333333333333,0.146666666666667,0.153333333333333,0.16,0.14,0.146666666666667,0.14,0.133333333333333,0.18,0.173333333333333,0.18,0.0733333333333334,0.16,0.16,0.126666666666667,0.18,0.16,0.173333333333333,0.18,-1,-1,-1,-1,-1,-1,-1,-1,0.08,-1,-1,-1,-1,-1,-1,0.08,0.0666666666666667,0.0733333333333333,0.0933333333333333,0.0933333333333334,0.106666666666667,0.0666666666666667,0.0733333333333333,0.0666666666666666,0.0866666666666667,-1,-1,-1,-1,-1,-1,-1,-1,-1,-1,0.0333333333333333,0.04,0.02,0.0533333333333333,0,0,0,0,0,0,0,0,0,0,0,0,0,0,0,0,0,-1,-1,-1,-1,-1,-1,-1,-1,0,-1,-1,-1,0,0,0,0,0
0,0,0,0,0,0,0,0,0,0,0,0,0,0,0,0,0,0,0,0,0,0,0,0,0,0,0,0,0,0,0,0,0,0,0,0,0,0,0,-1,-1,0,0,0,-1,-1,-1,-1,-1,-1,-1,-1,-1,-1,-1,-1,-1,-1,-1,-1,-1,0.00666666666666667,0,0.00666666666666667,0.00666666666666667,0.00666666666666667,0,0,0,0,0,0.00666666666666667,0.00666666666666667,0.00666666666666667,0.00666666666666667,0,0.00666666666666668,0.0266666666666667,0.0333333333333333,0.0533333333333333,0.0133333333333333,0.0333333333333333,0.0533333333333333,0.106666666666667,-1,-1,-1,-1,-1,0.173333333333333,0.16,0.0466666666666667,0.0533333333333334,0.0733333333333334,0.0533333333333333,0.0266666666666667,0.0133333333333333,0.0133333333333333,0.00666666666666667,0.00666666666666667,0.173333333333333,0.2,0.133333333333333,0.166666666666667,0.16,0.126666666666667,0.12,0.146666666666667,0.14,0.16,0.133333333333333,0.133333333333333,0.22,0.126666666666667,0.173333333333333,0.166666666666667,0.193333333333333,0.113333333333333,0.206666666666667,0.206666666666667,0.113333333333333,0.22,0.16,0.213333333333333,0.246666666666667,0.173333333333333,-1,-1,-1,-1,-1,-1,-1,-1,-1,-1,-1,-1,-1,-1,-1,-1,0.1,0.113333333333333,0.0933333333333333,-1,0.0333333333333333,0.0933333333333333,0.08,0.0666666666666666,-1,-1,-1,-1,-1,-1,-1,-1,0.0466666666666667,0.0666666666666666,0.0466666666666667,0.0666666666666667,0.0866666666666667,0.08,0.0466666666666667,0.0866666666666666,0.0133333333333333,0,0,0,0,0,0,0,0,0,0,0,0,0,0,0,0,0,-1,-1,0,-1,-1,-1,0,-1,-1,-1,0,0,0,0,0,0
0,0,0,0,0,0,0,0,0,0,0,0,0,0,0,0,0,0,0,0,0,0,0,0,0,0,0,0,0,0,0,0,0,0,-1,-1,-1,-1,-1,-1,-1,0,0,0,-1,-1,-1,-1,-1,-1,-1,-1,-1,-1,-1,-1,-1,-1,-1,-1,0.0133333333333333,0.00666666666666667,0.02,0.0266666666666667,0.0266666666666667,0,0,0.0133333333333333,0.00666666666666667,0,0.00666666666666667,0,0.0133333333333333,0,0,0.02,0.00666666666666667,0.02,0.0266666666666667,0.0533333333333333,0.0333333333333333,0.0866666666666667,0.0666666666666666,0.0866666666666667,0.233333333333333,-1,-1,-1,-1,-1,0.16,0.0933333333333333,0.0866666666666667,0.0733333333333333,0.0866666666666667,0.02,0.0266666666666667,0.0133333333333333,0.04,0.0866666666666667,0.0666666666666666,0.2,0.186666666666667,0.213333333333333,0.173333333333333,0.213333333333333,0.226666666666667,0.126666666666667,0.16,0.16,0.193333333333333,0.193333333333333,0.133333333333333,0.173333333333333,0.16,0.126666666666667,0.206666666666667,0.226666666666667,0.133333333333333,0.146666666666667,0.186666666666667,-1,-1,0.193333333333333,0.193333333333333,0.166666666666667,0.2,-1,-1,-1,-1,-1,-1,-1,-1,-1,-1,0.08,0.0933333333333333,0.1,-1,-1,-1,-1,-1,-1,0.0933333333333334,0.08,0.0733333333333333,0.126666666666667,-1,-1,-1,-1,0.08,0.0533333333333334,0.0533333333333333,0.04,0.0866666666666666,0.0666666666666666,0.08,0.04,0.04,0.0866666666666667,0.0333333333333333,0.00666666666666667,0,0.0266666666666667,0,0,0,-1,0,0,0,0,0,0,0,0,0,0,0,0,0,0,-1,-1,-1,0,-1,-1,-1,0,0,0,0,0,0,0
0,0,0,0,0,0,0,0,0,0,0,0,0,0,0,0,0,0,0,0,0,0,0,0,0,0,0,0,0,0,0,0,0,-1,-1,-1,-1,-1,-1,-1,-1,-1,-1,-1,-1,-1,-1,-1,-1,-1,-1,-1,-1,-1,-1,-1,-1,-1,-1,-1,-1,0.02,0.0133333333333333,0.0333333333333333,0.02,0.0133333333333333,0.0133333333333333,0.06,0.0266666666666667,0.0733333333333333,0,0.00666666666666667,0.0133333333333333,0,0.00666666666666667,0,0,0.0266666666666667,0.0133333333333333,0.06,0.0333333333333333,0.106666666666667,0.106666666666667,0.113333333333333,0.153333333333333,0.246666666666667,-1,-1,-1,-1,0.22,0.146666666666667,0.0866666666666667,0.173333333333333,0.04,0.0466666666666667,0.0266666666666667,0.02,0.0866666666666667,0.133333333333333,0.06,0.0533333333333334,0.206666666666667,0.16,0.146666666666667,0.153333333333333,0.186666666666667,0.173333333333333,0.2,0.106666666666667,0.14,0.14,0.18,0.213333333333333,0.173333333333333,0.146666666666667,-1,-1,-1,-1,-1,-1,-1,0.146666666666667,0.146666666666667,-1,-1,-1,-1,-1,-1,-1,-1,0.0933333333333333,0.0666666666666666,0.106666666666667,-1,-1,-1,-1,-1,-1,-1,-1,-1,-1,0.0466666666666667,0.06,0.0666666666666666,0.0533333333333334,0.0866666666666667,0.0666666666666667,0.113333333333333,0.0466666666666667,0.06,0.0666666666666666,0.0333333333333333,0.08,0.0533333333333333,0.0333333333333333,0.0466666666666667,0.06,0.0466666666666667,0.0466666666666667,0.0133333333333333,-1,-1,0,0.00666666666666667,0,-1,-1,-1,-1,0,0,0,0,0,0,0,0,0,0,0,0,-1,-1,0,0,-1,-1,0,0,0,0,0,0,0,0
0,0,0,0,0,0,0,0,0,0,0,0,0,0,0,0,0,0,0,0,0,0,0,0,0,0,0,0,0,0,0,0,0,-1,-1,-1,-1,-1,-1,-1,0,0,-1,-1,-1,-1,-1,-1,-1,-1,-1,-1,-1,-1,-1,-1,-1,-1,-1,0.0266666666666667,0.0133333333333333,-1,0.0333333333333333,0.0266666666666667,0.0133333333333333,0.06,0.0466666666666667,0.0333333333333333,-1,-1,0.04,0,0.00666666666666667,0.0333333333333333,0.0133333333333333,0,0.04,0.0266666666666667,0.04,0.0266666666666667,0.08,0.06,0.0666666666666667,0.146666666666667,0.193333333333333,0.22,0.273333333333333,-1,0.3,0.326666666666667,0.2,0.246666666666667,0.2,0.153333333333333,0.1,0.0666666666666666,0.0133333333333333,0.04,0.1,0.0533333333333334,0.0866666666666667,0.06,0.06,0.16,0.166666666666667,0.2,0.14,0.153333333333333,0.186666666666667,0.18,0.193333333333333,0.166666666666667,0.213333333333333,-1,-1,-1,-1,-1,-1,-1,-1,-1,-1,0.233333333333333,0.166666666666667,-1,-1,-1,0.193333333333333,0.22,0.22,-1,-1,-1,-1,-1,-1,-1,-1,-1,-1,-1,-1,-1,-1,0.113333333333333,0.1,0.0733333333333333,0.0533333333333333,0.133333333333333,0.06,0.1,0.08,0.113333333333333,0.113333333333333,0.0666666666666667,0.04,0.0866666666666666,0.0533333333333334,0.0533333333333334,0.08,0.0466666666666667,-1,-1,-1,-1,-1,0,0.00666666666666667,0.00666666666666667,0,-1,-1,0,0,0,0,0,0,0,0,0,0,0,0,0,0,0,0,-1,-1,0,0,0,0,0,0,0,0,-1
0,0,0,0,0,0,0,0,0,0,0,0,0,0,0,0,0,0,0,0,0,0,0,0,0,0,0,0,0,0,0,-1,-1,-1,-1,-1,-1,-1,-1,-1,0,0,-1,-1,-1,-1,-1,-1,-1,-1,-1,-1,-1,-1,0.0333333333333333,0.0133333333333333,0.0333333333333333,0,0.00666666666666667,0.0266666666666667,0.0333333333333333,0.0333333333333333,0.0133333333333333,0.02,0.04,0.00666666666666667,0.0133333333333333,0.0466666666666667,0.0333333333333333,-1,-1,0.0466666666666667,0.04,0.04,0.0933333333333333,0.0666666666666666,0.0266666666666667,0.0466666666666667,0.0133333333333333,0.0333333333333333,0.0533333333333333,0.113333333333333,0.113333333333333,0.173333333333333,0.233333333333333,0.373333333333333,0.453333333333333,0.533333333333333,0.56,0.48,0.4,0.393333333333333,0.206666666666667,0.173333333333333,0.18,0.0466666666666667,0.04,0.213333333333333,0.113333333333333,0.08,0.08,0.153333333333333,0.0866666666666667,0.0933333333333333,0.253333333333333,0.186666666666667,-1,-1,-1,-1,-1,-1,0.16,-1,-1,-1,-1,-1,-1,-1,-1,0.14,0.513333333333334,0.486666666666667,0.24,0.166666666666667,0.193333333333333,0.233333333333333,0.2,-1,-1,-1,-1,-1,-1,-1,-1,-1,-1,-1,-1,0.0733333333333333,0.106666666666667,0.113333333333333,0.0933333333333333,0.126666666666667,0.1,0.1,0.1,0.0666666666666666,0.0666666666666667,0.0933333333333333,0.04,0.0733333333333333,0.08,0.08,0.0666666666666667,0.0466666666666667,0.0933333333333334,0.0466666666666667,-1,-1,-1,-1,-1,-1,-1,-1,0.0133333333333333,0.0133333333333333,0,0,0,0,0,0,0,0,0,0,0,0,0,0,0,0,0,0,0,-1,0,0,0,0,0,0,0,-1,0,-1
0,0,0,0,0,0,0,0,0,0,0,0,0,0,0,0,0,0,0,0,0,0,0,0,0,0,0,0,0,0,0,-1,-1,-1,-1,-1,-1,-1,-1,0,0,0,0,-1,-1,-1,-1,-1,-1,0,0.02,0,0.0266666666666667,0.0133333333333333,0.0266666666666667,0.0266666666666667,0,0.02,0,0.00666666666666667,0.0133333333333333,0.0133333333333333,0.0266666666666667,0,0.04,0.06,0.04,0.0133333333333333,0.04,0.04,-1,0.0266666666666667,0.0733333333333334,-1,-1,0.0733333333333334,0.0266666666666667,0.0466666666666667,0.06,0.06,0.0733333333333333,0.14,0.12,0.253333333333333,0.34,0.48,0.586666666666667,0.733333333333333,0.786666666666667,0.66,0.553333333333333,0.466666666666667,0.306666666666667,0.16,0.153333333333333,0.146666666666667,0.226666666666667,0.166666666666667,0.16,0.18,0.173333333333333,0.133333333333333,-1,-1,-1,-1,-1,-1,-1,-1,-1,-1,0.246666666666667,0.446666666666667,-1,-1,-1,0.48,-1,-1,-1,0.533333333333334,0.386666666666667,0.386666666666667,0.453333333333333,0.56,0.46,0.493333333333333,-1,-1,-1,-1,-1,-1,-1,-1,0.0733333333333333,0.12,0.12,0.06,0.113333333333333,0.146666666666667,0.0933333333333333,-1,0.0733333333333333,0.0733333333333333,0.0866666666666667,0.106666666666667,0.0466666666666667,0.08,0.04,0.0933333333333333,0.113333333333333,0.08,0.0933333333333333,0.06,0.1,0.1,0.08,0.0533333333333334,-1,-1,-1,-1,-1,-1,-1,-1,0.02,0.0133333333333333,0.00666666666666667,0,0,0,0,0,0,0,0,0,0,0,0,0,0,0,0,0,0,0,0,0,0,0,0,0,-1,-1,-1,-1
0,0,0,0,0,0,0,0,0,0,0,0,0,0,0,0,0,0,0,0,0,0,0,0,0,0,0,0,0,0,0,0,-1,0,0,0,0,0,0,0,0,0,0,-1,0,0,0,0.0133333333333333,0.0266666666666667,0.00666666666666667,0.02,0.0133333333333333,0.00666666666666667,0.0133333333333333,0.00666666666666668,0.00666666666666667,0.02,0.0133333333333333,0.00666666666666667,0.02,0.0266666666666667,0.0333333333333333,0.0133333333333333,0.0333333333333333,0.0266666666666667,0.0266666666666667,0.0466666666666667,0.0133333333333333,0.0666666666666667,0.0333333333333333,0.0266666666666667,0.04,0.0466666666666667,-1,-1,-1,0.00666666666666667,0.04,0.04,0.1,0.106666666666667,0.173333333333333,0.206666666666667,0.24,0.326666666666667,0.52,0.753333333333334,0.9,0.973333333333333,0.946666666666667,0.7,0.566666666666667,0.313333333333333,0.28,0.193333333333333,0.113333333333333,0.22,0.2,-1,-1,-1,-1,-1,-1,-1,-1,-1,-1,-1,-1,-1,-1,0.46,0.42,-1,-1,-1,-1,-1,-1,-1,0.453333333333333,0.4,0.433333333333333,0.473333333333333,0.4,0.393333333333333,0.48,-1,-1,-1,0.193333333333333,0.186666666666667,0.24,0.2,0.2,0.22,0.166666666666667,0.16,-1,-1,-1,-1,-1,0.0466666666666667,0.0666666666666667,0.1,0.113333333333333,0.0733333333333333,0.106666666666667,0.0466666666666667,0.0466666666666667,0.0733333333333334,0.0733333333333333,0.0733333333333333,0.06,0.0733333333333333,0.0533333333333334,0.0733333333333333,0,0.00666666666666667,-1,-1,-1,-1,-1,0.0266666666666667,0.02,0,0,0,0.02,0,0,0,0,0,0,0,0,0,0,0,0,0,0,0,0,0,0,0,0,0,0,0,0,-1,-1,-1,-1
0,0,0,0,0,0,0,0,0,0,0,0,0,0,0,0,0,0,0,0,0,0,0,0,0,0,0,0,0,0,0,0,0,0,0,0,0,0,0,0,0,0,0,0,0,0,0,0,0,0,0,0,0,0,0,0,0,0,0,0,0,0.00666666666666667,0,0.00666666666666667,0,0,0,0,0,0,0,0.0133333333333333,0.00666666666666667,0.0133333333333333,0.0133333333333333,0.02,0.0266666666666667,0.02,0.0266666666666667,0.0866666666666667,0.113333333333333,0.126666666666667,0.146666666666667,0.306666666666667,0.453333333333333,0.553333333333334,0.726666666666667,0.88,0.993333333333333,0.946666666666666,0.733333333333334,0.48,0.38,0.246666666666667,0.133333333333333,0.273333333333333,0.166666666666667,0.206666666666667,-1,-1,-1,-1,-1,-1,-1,-1,-1,0.253333333333333,0.213333333333333,0.46,0.413333333333333,-1,-1,-1,-1,-1,-1,-1,-1,-1,-1,0.533333333333333,0.453333333333333,-1,0.546666666666666,0.526666666666667,0.526666666666667,0.546666666666666,0.5,0.546666666666666,0.533333333333333,0.246666666666667,0.28,0.26,-1,-1,-1,-1,-1,-1,-1,-1,-1,-1,-1,-1,-1,0.0933333333333333,0.0933333333333333,0.0533333333333333,0.0866666666666667,0.0666666666666667,0.0866666666666667,0.0733333333333333,0.0866666666666667,0.0533333333333333,0.0733333333333333,0.0866666666666667,0,0,0.00666666666666667,-1,-1,0.00666666666666667,0,0.02,0.02,0.0266666666666667,0,0.0133333333333333,0.00666666666666667,0.02,0,0,0,0,0,0,0,0,0,0,0,0,0,0,0,0,0,0,0,0,0,0,0,0,-1,-1,-1,-1
0,0,0,0,0,0,0,0,0,0,0,0,0,0,0,0,0,0,0,0,0,0,0,0,0,0,0,0,0,0,0,0,0,0,0,0,0,0,0,0,0,0,0,0,0,0,0,0,0,0,0,0,0,0,0,0,0,0,0,0,0.00666666666666667,0,0,0,0,0.00666666666666667,0.00666666666666667,0.00666666666666667,0,0.00666666666666667,0,0,0.00666666666666667,0.0133333333333333,0,0.0266666666666667,0.0333333333333333,0.0333333333333333,0.06,0.06,0.0666666666666667,0.153333333333333,0.18,0.22,0.34,0.48,0.586666666666667,0.786666666666667,0.84,0.713333333333333,0.666666666666667,0.486666666666667,0.293333333333333,0.253333333333333,0.193333333333333,0.226666666666667,0.16,0.26,-1,-1,-1,-1,-1,0.246666666666667,-1,-1,-1,-1,-1,0.12,0.186666666666667,-1,-1,-1,-1,-1,-1,0.453333333333333,0.4,-1,-1,-1,-1,-1,0.473333333333333,0.526666666666666,0.513333333333334,0.54,0.513333333333334,0.606666666666666,-1,-1,-1,-1,-1,-1,-1,-1,-1,-1,-1,-1,-1,-1,-1,-1,-1,0.126666666666667,0.0866666666666667,0.08,0.08,0.0533333333333333,0.08,0.08,0.06,0.0533333333333333,0.02,0.0266666666666667,0.02,0.0133333333333333,0.0133333333333333,0.0266666666666667,0.0133333333333333,0,0.02,0.02,0.02,0.02,0.00666666666666667,0.0266666666666667,0,0.00666666666666667,0.00666666666666667,0,0,0,0,0,0,0,0,0,0,0,0,0,0,0,0,0,0,0,0,0,0,-1,-1,-1,-1,-1
0,0,0,0,0,0,0,0,0,0,0,0,0,0,0,0,0,0,0,0,0,0,0,0,0,0,0,0,0,0,0,0,0,0,0,0,0,0,0,0,0,0,0,0,0,0,0,0,0,0,0,0,0,0,0,0,0,0,0,0,0,0.00666666666666667,0,0,0.00666666666666667,0,0,0.00666666666666667,0.00666666666666667,0,0.02,0.00666666666666667,0.0133333333333333,0,0.02,0.00666666666666667,0.0133333333333333,0.0533333333333333,0.0266666666666667,0.0333333333333333,0.1,0.14,0.146666666666667,0.166666666666667,0.253333333333333,0.426666666666667,0.453333333333333,0.486666666666667,0.6,0.626666666666667,0.453333333333333,0.36,0.293333333333333,0.22,0.3,0.173333333333333,0.206666666666667,0.133333333333333,0.166666666666667,0.126666666666667,-1,-1,-1,-1,-1,-1,-1,-1,-1,-1,0.226666666666667,0.213333333333333,-1,0.426666666666667,0.42,0.473333333333333,-1,-1,-1,-1,-1,-1,-1,-1,0.48,0.486666666666667,-1,-1,-1,-1,-1,-1,-1,-1,-1,-1,-1,-1,-1,-1,-1,-1,-1,-1,-1,-1,-1,0.133333333333333,0.113333333333333,0.106666666666667,0.0733333333333333,0.126666666666667,0.113333333333333,0.0933333333333333,0.04,0.0266666666666667,0.00666666666666667,0.0133333333333333,0.0133333333333333,0.00666666666666667,0.0266666666666667,0.0133333333333333,0.0133333333333333,0.00666666666666667,-1,-1,-1,-1,-1,-1,0.00666666666666667,0.02,0.02,0,0,0,-1,-1,-1,0,0,0,0,0,0,0,0,0,0,0,0,0,0,0,0,-1,-1,-1,-1,-1
0,0,0,0,0,0,0,0,0,0,0,0,0,0,0,0,0,0,0,0,0,0,0,0,0,0,0,0,0,0,0,0,0,0,0,0,0,0,0,-1,-1,-1,-1,0,0,0,0,0,0,0,0,0,0,0,0,0,0,0,0,0,0,0,0,0,0.00666666666666667,0,0,0,0,0.00666666666666667,0.00666666666666667,0,0,0.0133333333333333,0.0133333333333333,0.0133333333333333,0.0133333333333333,0.02,0.02,0.0333333333333333,0.0466666666666667,0.06,0.0933333333333334,0.233333333333333,0.18,0.246666666666667,0.286666666666667,0.32,0.4,0.346666666666667,0.373333333333334,0.266666666666667,0.173333333333333,0.133333333333333,0.24,0.16,-1,-1,-1,-1,-1,-1,-1,-1,-1,-1,0.253333333333334,0.2,0.213333333333333,0.166666666666667,0.226666666666667,0.18,0.233333333333333,0.173333333333333,0.206666666666667,0.473333333333333,-1,-1,-1,-1,-1,-1,0.493333333333333,0.493333333333333,0.5,0.513333333333333,0.486666666666667,-1,-1,-1,-1,-1,-1,-1,-1,-1,-1,-1,-1,-1,-1,-1,-1,-1,0.32,-1,-1,0.126666666666667,0.0666666666666667,0.12,0.1,0.0866666666666667,0.02,0.0266666666666667,0.0333333333333333,0.0333333333333333,0.0533333333333333,0.00666666666666667,0.0266666666666667,0.02,0.02,0.0133333333333333,-1,-1,-1,-1,-1,-1,-1,0.0133333333333333,0.02,0,-1,-1,-1,-1,-1,-1,-1,-1,0,0,0,0,0,0,0,0,0,0,0,0,0,0,0,-1,-1,-1,-1,-1
0,0,0,0,0,0,0,0,0,0,0,0,0,0,0,0,0,0,0,0,0,0,0,0,0,0,0,0,0,0,0,0,0,0,-1,-1,-1,-1,-1,-1,-1,-1,-1,-1,0,0,0,0,0,0,0,0,0,0,0,0.00666666666666667,0.0133333333333333,0.00666666666666667,0.0133333333333333,0,0,0,0,0,0,0,0,0.00666666666666667,0.00666666666666667,0.00666666666666667,0.00666666666666667,0,0.00666666666666667,0,0.0133333333333333,0.0133333333333333,0.0133333333333334,0.04,0.0333333333333333,0.06,0.04,0.0866666666666667,0.146666666666667,0.106666666666667,0.146666666666667,0.206666666666667,0.166666666666667,0.246666666666667,0.26,0.22,0.213333333333333,0.173333333333333,0.146666666666667,0.246666666666667,0.24,-1,-1,-1,-1,-1,-1,0.273333333333333,0.206666666666667,0.246666666666667,0.28,0.266666666666667,0.213333333333333,0.2,0.28,0.2,0.213333333333333,0.22,0.226666666666667,0.193333333333333,0.18,0.193333333333333,-1,-1,0.52,0.513333333333334,0.506666666666666,0.513333333333333,0.513333333333333,0.506666666666667,0.62,0.466666666666666,0.566666666666667,0.52,0.486666666666667,-1,-1,-1,-1,-1,-1,-1,-1,-1,-1,-1,-1,-1,-1,-1,-1,-1,-1,0.24,0.133333333333333,0.0466666666666667,0.0466666666666667,0.02,0.04,0.0466666666666667,0.0266666666666667,0.0266666666666667,0.00666666666666667,0.02,0.0133333333333333,0.0333333333333333,0.0333333333333333,0.00666666666666667,-1,0.0133333333333333,0.0133333333333333,0.02,0.02,0.0133333333333333,0.02,0.00666666666666667,0.00666666666666667,0.02,-1,-1,-1,-1,-1,-1,-1,-1,0,0,0,0,0,0,0,0,0,0,-1,-1,0,0,0,0,0,0,-1,-1
0,0,0,0,0,0,0,0,0,0,0,0,0,0,0,0,0,0,0,0,0,0,0,0,0,0,0,0,0,0,0,0,0,-1,-1,-1,-1,-1,-1,-1,-1,-1,-1,-1,0,0,0,0,0,0,0,0.0266666666666667,0.0133333333333333,0.00666666666666667,0.0266666666666667,0.00666666666666667,-1,-1,-1,0,0,0,0,0,0,0,0,0,0,0.00666666666666667,0,0.00666666666666667,0.00666666666666667,0,0,0.00666666666666667,0,0.02,0.0266666666666667,0.0466666666666666,0.0466666666666667,0.16,-1,0.26,0.186666666666667,0.106666666666667,0.113333333333333,0.153333333333333,0.166666666666667,0.146666666666667,0.0866666666666667,0.113333333333333,0.08,0.166666666666667,0.166666666666667,0.186666666666667,-1,-1,0.32,0.253333333333333,0.293333333333333,0.266666666666667,0.286666666666667,0.26,-1,-1,-1,-1,-1,-1,-1,-1,-1,0.213333333333333,0.2,0.246666666666667,0.18,-1,-1,-1,-1,0.46,0.44,0.52,0.546666666666666,0.486666666666667,0.593333333333334,0.533333333333333,0.64,-1,-1,-1,-1,-1,-1,-1,0.333333333333333,-1,-1,-1,-1,-1,-1,-1,-1,-1,0.0933333333333333,0.0866666666666667,0.0533333333333333,0.04,0.0266666666666667,0.02,0.02,0.0133333333333333,0.04,0.0133333333333333,0.0466666666666667,0.04,0.0133333333333333,0.02,0.04,0.0133333333333333,0.00666666666666667,0.00666666666666667,0.0133333333333333,0.0133333333333333,0.02,0.02,0.00666666666666667,0.02,0.0133333333333333,0.0133333333333334,-1,-1,-1,-1,-1,-1,-1,-1,0,0,0,0,0,0,0,0,0,-1,-1,-1,-1,-1,0,0,0,0,0,0
0,0,0,0,0,0,0,0,0,0,0,0,0,0,0,0,0,0,0,0,0,0,0,0,0,0,0,0,0,0,0,0,0,0,-1,-1,-1,-1,-1,-1,-1,-1,-1,-1,0,0,0,0.00666666666666667,0.00666666666666667,0.02,0.00666666666666667,0,0,0,0.00666666666666667,0.00666666666666667,0.00666666666666667,0.0333333333333333,0.0133333333333333,0,0,0,0.00666666666666667,0,0,0,0,0,0,0,0,0.0133333333333333,0,0,0,0.00666666666666667,0.00666666666666667,0.02,0.0333333333333333,0.02,0.113333333333333,0.106666666666667,-1,-1,0.153333333333333,0.08,0.06,0.0533333333333333,0.1,0.0666666666666666,0.0733333333333333,0.06,0.06,0.14,0.133333333333333,0.313333333333333,0.313333333333333,-1,-1,-1,0.233333333333333,0.306666666666667,0.26,0.22,-1,-1,-1,-1,-1,-1,-1,0.22,0.186666666666667,0.28,-1,-1,-1,-1,-1,-1,-1,0.233333333333333,0.246666666666667,0.28,0.293333333333333,0.293333333333333,0.606666666666667,0.626666666666667,0.54,0.56,-1,-1,-1,-1,-1,0.353333333333333,0.353333333333333,-1,-1,-1,-1,-1,0.206666666666667,0.153333333333333,0.16,-1,-1,-1,-1,0.0933333333333333,0.146666666666667,0.0266666666666667,0.0533333333333334,0.0266666666666667,0.0266666666666667,0.0133333333333333,0.0333333333333333,0.0333333333333333,0.0266666666666667,0.0266666666666667,0.00666666666666667,0.00666666666666667,0.02,0.00666666666666667,0.02,0.02,0.02,0.0133333333333333,0.0266666666666667,0.0266666666666667,0.00666666666666667,0.0133333333333334,-1,-1,0.0133333333333333,0,0,0,0,0,0,0,0,0,0,0,0,0,-1,-1,-1,-1,-1,-1,-1,-1,0,0,0,0
0,0,0,0,0,0,0,0,0,0,0,0,0,0,0,0,0,0,0,0,0,0,0,0,0,0,0,0,0,0,0,0,0,0,-1,-1,-1,-1,-1,-1,0,0,0,0,0,0.02,0.0133333333333333,0,0,0,0.00666666666666667,0.00666666666666667,0,0,0,0,0,0,0,0,0,0,0,0,0,0,0,0.00666666666666667,0,0,0,0,0,0.00666666666666667,0,0.00666666666666667,0.00666666666666667,0.00666666666666667,0.0133333333333333,0.146666666666667,0.0466666666666667,0.0866666666666667,0.113333333333333,0.12,0.04,0.0533333333333333,0.08,0.04,0.0733333333333333,0.0333333333333333,0.0466666666666667,0.04,0.06,0.273333333333333,0.26,0.313333333333333,0.266666666666667,0.293333333333333,-1,-1,-1,0.253333333333334,0.253333333333333,0.266666666666667,0.28,0.213333333333333,0.26,0.286666666666667,0.22,0.213333333333333,-1,-1,0.286666666666667,0.206666666666667,-1,-1,-1,-1,-1,0.26,0.313333333333333,0.28,0.24,0.3,-1,0.326666666666667,0.326666666666666,0.366666666666667,-1,-1,-1,-1,-1,-1,-1,0.226666666666667,0.233333333333333,0.2,0.166666666666667,0.24,-1,-1,-1,-1,-1,-1,-1,-1,-1,-1,0.113333333333333,0.1,0.0466666666666666,0.04,0.02,0.0133333333333333,0.0266666666666667,0.0133333333333333,0.02,0.04,0.0133333333333333,0.02,0.0333333333333333,0.0266666666666667,0,0.0266666666666667,0.0266666666666667,0.04,0.0133333333333333,0.04,0.0133333333333333,0.00666666666666667,0.0133333333333333,0,0,0,0,0,0,0,0,0,0,0,0,0,0,0,0,0,0,-1,-1,-1,-1,-1,-1,-1,0,0
0,0,0,0,0,0,0,0,0,0,0,0,0,0,0,0,0,0,0,0,0,0,0,0,0,0,0,0,0,0,0,0,0,0.0133333333333333,-1,0,0,0,0,0,0,0,0,0,0,0.00666666666666667,-1,0.04,0.00666666666666667,0,0,0.00666666666666667,0.00666666666666667,0,0,0,0,0,0,0,0,0,0,0,0,0.00666666666666667,0,0,0,0,0,0,0,0.00666666666666667,0.0133333333333333,0.00666666666666667,0.0133333333333333,0.02,0.0733333333333333,0.113333333333333,0.1,0.113333333333333,0.08,0.02,0.0266666666666667,0.04,0.0333333333333333,0.0333333333333333,0.0666666666666666,0.0466666666666667,0.0333333333333333,0.0333333333333333,0.32,0.366666666666667,0.266666666666667,0.22,0.266666666666667,0.273333333333333,0.273333333333333,-1,-1,-1,0.233333333333333,0.286666666666667,0.206666666666667,-1,-1,-1,-1,-1,-1,-1,0.293333333333334,0.24,-1,0.18,0.24,0.2,0.273333333333333,-1,-1,-1,-1,-1,-1,-1,0.32,0.406666666666667,-1,-1,-1,-1,0.293333333333333,0.306666666666667,0.273333333333334,0.28,-1,-1,-1,-1,-1,-1,-1,-1,-1,-1,-1,-1,-1,-1,0.0933333333333334,0.0933333333333334,0.0666666666666667,0.02,0.0266666666666667,0.04,0.0133333333333333,0.0466666666666667,0.0333333333333333,0.0133333333333333,0.02,0.0466666666666667,0.00666666666666667,0.0266666666666667,0.0333333333333333,0.00666666666666667,0.00666666666666667,0.00666666666666667,-1,0.0133333333333333,0.0133333333333333,0.0133333333333333,0.0133333333333333,0.02,0.02,0,0,0,0,0,0,0,0,0,0,0,0,0,-1,-1,0,0,0,-1,-1,-1,-1,-1,-1,-1
0,0,0,0,0,0,0,0,0,0,0,0,0,0,0,0,0,0,0,0,0,0,0,0,0,0,0,0,0,0,0,0,0,0,0.0133333333333333,0,0,0,0,0,0,0,0,0.00666666666666667,0,0.00666666666666668,0.02,0.00666666666666668,0,0,0,0,0,0,0,0,0,0,0,0,0,0,0.00666666666666667,0,0.00666666666666667,0,0,0,0,0,0,0.00666666666666667,0,0,0.00666666666666667,0,0.00666666666666667,0.0733333333333333,0.0533333333333333,0.1,0.0266666666666667,0.0666666666666666,0.0133333333333333,0.0133333333333333,0.0466666666666667,0.0333333333333333,0.0266666666666667,0.0333333333333333,0.02,0.0133333333333333,0.02,0.0866666666666667,0.28,0.253333333333333,0.26,0.213333333333333,0.273333333333333,0.173333333333333,0.273333333333333,0.246666666666667,-1,-1,-1,-1,-1,-1,-1,-1,-1,-1,0.24,0.246666666666667,0.353333333333333,0.226666666666667,-1,-1,-1,-1,-1,-1,-1,-1,-1,-1,-1,-1,0.4,0.426666666666667,0.44,0.406666666666667,0.3,0.273333333333333,0.293333333333333,-1,-1,-1,-1,-1,-1,-1,-1,-1,-1,-1,-1,-1,-1,0.2,0.12,0.0733333333333334,0.0866666666666667,0.0866666666666667,0.0733333333333334,0.106666666666667,0.0333333333333333,0.0266666666666667,0.02,0.0133333333333333,0.04,0.0533333333333334,0.02,0.0266666666666667,0.0333333333333333,0.02,0.0266666666666667,-1,-1,-1,-1,-1,0.00666666666666667,0.02,0.00666666666666667,0.0266666666666667,0.02,0.0133333333333333,0,0,0,0,0,0,0,0,0,0,0,0,-1,-1,-1,-1,0,0,0,-1,-1,-1,-1,-1
0,0,0,0,0,0,0,0,0,0,0,0,0,0,0,0,0,0,0,0,0,0,0,0,0,0,0,0,0,0,0,0,0,0,0,0,0,0,0,0,0,0,0,0,0,0,0,0,0,0,0,0,0,0,0,0.00666666666666667,0.00666666666666667,0.02,0.00666666666666667,0,0,0,0,0,0,0,0,0.00666666666666667,0,0.00666666666666667,0,0,0,0,0,0.06,0.06,0.00666666666666667,0.0866666666666667,0.0533333333333333,0.106666666666667,0.0466666666666666,0.00666666666666667,0.0266666666666667,0.02,0.106666666666667,-1,-1,0.04,0.0133333333333333,0.0666666666666667,0.0733333333333333,0.206666666666667,0.233333333333333,0.18,0.193333333333333,0.22,0.2,0.233333333333333,0.213333333333333,0.26,-1,-1,-1,-1,0.233333333333333,0.286666666666667,0.24,0.266666666666667,0.266666666666667,-1,-1,-1,-1,-1,-1,-1,-1,-1,-1,-1,-1,-1,-1,-1,-1,0.393333333333333,0.46,0.466666666666667,0.346666666666666,0.353333333333333,0.38,0.373333333333333,0.3,-1,-1,-1,-1,-1,-1,-1,-1,0.24,-1,-1,-1,-1,-1,0.153333333333333,0.12,0.0666666666666667,0.14,0.126666666666667,0.0533333333333333,0.146666666666667,0.02,0.04,0.0266666666666667,0.02,0.02,0,0.0333333333333333,0.02,0.02,0.0333333333333333,0.00666666666666668,0.00666666666666667,0.0133333333333333,0.04,0.0333333333333333,0.0133333333333333,0.0133333333333333,0.0266666666666667,0.02,0.00666666666666667,0.02,0,0,0,0,0,0,0,-1,-1,-1,0,0,-1,-1,-1,-1,-1,-1,-1,0,0,-1,-1,-1
0,0,0,0,0,0,0,0,0,0,0,0,0,0,0,0,0,0,0,0,0,0,0,0,0,0,0,0,0,0,0,0,0,0,0,0,0,0,0,0,0,0,0,0,0,0,0,0,0.0133333333333333,0.00666666666666667,0,0.0133333333333333,0,0,0.00666666666666667,0,0,0.00666666666666667,0.00666666666666668,0.0133333333333333,0,0,0.00666666666666667,0,0,0,0,0,0,0,0.00666666666666667,0,0,0.00666666666666667,0.0533333333333333,0.0533333333333333,0.0266666666666667,0.0466666666666667,0.0266666666666667,0.04,0.06,0,0.0133333333333333,0.0533333333333334,0.06,-1,-1,-1,0.08,0.06,0.0533333333333333,0.246666666666667,0.22,0.206666666666667,0.193333333333333,0.22,0.206666666666667,0.213333333333333,0.193333333333333,0.2,0.16,0.26,-1,-1,-1,0.246666666666667,0.273333333333333,0.233333333333333,0.24,0.22,0.313333333333333,-1,-1,-1,-1,-1,-1,-1,-1,-1,-1,-1,-1,0.4,0.373333333333333,0.44,0.48,0.413333333333333,0.46,0.366666666666667,0.34,0.393333333333333,0.466666666666666,0.453333333333334,-1,-1,-1,0.326666666666667,0.38,-1,-1,-1,-1,-1,-1,-1,-1,-1,0.153333333333333,0.14,0.16,0.133333333333333,0.106666666666667,0.1,0.0733333333333333,-1,-1,-1,0.0133333333333333,0.02,0.0133333333333333,0.0466666666666667,0.02,0.00666666666666667,0.0333333333333333,0.02,0.02,0.0133333333333333,0.0266666666666667,0.00666666666666667,0.0133333333333333,0.02,0,0,0.02,0.0133333333333333,0,0,0,0,0,0,-1,-1,-1,-1,-1,0,0,0,-1,-1,-1,-1,-1,-1,-1,0,0,-1
0,0,0,0,0,0,0,0,0,0,0,0,0,0,0,0,0,0,0,0,0,0,0,0,0,0,0,0,0,0.00666666666666667,0,0,0,0,0,0,0,0,0,0,0,0,0,0.00666666666666667,0,0,0,0,0,0,0,0,0,0.00666666666666667,0.0133333333333333,0,0.00666666666666667,0.00666666666666667,0.0133333333333333,0.0266666666666667,0,0,0,0.0133333333333333,0,0,0,0,0,0.00666666666666667,0,0,0,0.0333333333333333,0.04,0.0266666666666667,0.0333333333333333,0.04,0.0333333333333333,0.0666666666666667,0,0.02,0.02,-1,-1,-1,0.04,0.0466666666666667,0.0866666666666667,0.0666666666666667,0.04,0.22,0.226666666666667,0.14,0.186666666666667,0.186666666666667,0.206666666666667,0.153333333333333,0.153333333333333,0.173333333333333,0.193333333333333,0.213333333333333,0.28,-1,-1,0.206666666666667,0.286666666666667,0.286666666666667,0.293333333333333,0.24,0.246666666666667,-1,-1,-1,-1,-1,-1,0.306666666666667,-1,-1,-1,-1,-1,-1,0.446666666666667,0.42,0.446666666666667,0.513333333333333,0.38,0.386666666666666,0.5,0.533333333333333,0.58,0.56,0.513333333333333,0.426666666666667,-1,-1,0.36,0.32,-1,-1,-1,-1,-1,-1,0.106666666666667,0.166666666666667,-1,-1,-1,0.106666666666667,0.0733333333333333,0.133333333333333,-1,-1,-1,-1,-1,0.0333333333333334,0.0266666666666667,0.0333333333333333,0.0266666666666667,0.0333333333333333,0.00666666666666667,0.0266666666666667,0.02,0.00666666666666667,0.00666666666666667,0.00666666666666667,0.0133333333333333,0.02,0.0266666666666667,0.02,0.02,0.0266666666666667,0,0,0,0,0,0,0,-1,-1,-1,-1,-1,-1,0,0,0,-1,-1,-1,-1,-1,-1,-1,0
0,0,0,0,0,0,0,0,0,0,0,0,0,0,0,0,0,0,0,0,0,0,0,0,0,0,0,0,0,0,0,0,0,0,0,0,0,0,0,0,0,0,0,0,0,0,0.00666666666666667,0,0,0.00666666666666667,0.0133333333333333,0.0133333333333333,0.00666666666666667,0.0133333333333333,0.00666666666666667,0,0,0,0,0,0,0.00666666666666667,0.00666666666666667,0.0133333333333333,0.02,0.00666666666666667,0,0,0,0,0,0.0133333333333333,0.0266666666666667,0.02,0.02,0.0333333333333333,0.02,0.02,0.02,0.00666666666666667,0.02,0,0.0333333333333334,-1,-1,0.0466666666666667,0.02,0.0933333333333333,0.06,-1,0.0733333333333333,0.213333333333333,0.2,0.22,0.2,0.213333333333333,0.186666666666667,0.16,0.18,0.253333333333333,0.213333333333333,0.266666666666667,0.173333333333333,0.226666666666667,0.273333333333333,0.24,0.293333333333333,0.286666666666667,0.353333333333333,0.233333333333333,0.24,-1,-1,-1,-1,-1,-1,-1,-1,-1,-1,-1,-1,-1,0.44,0.386666666666667,0.453333333333333,-1,0.426666666666667,0.52,0.38,0.6,-1,-1,-1,-1,-1,-1,0.38,0.433333333333333,-1,0.346666666666667,0.226666666666667,0.273333333333333,-1,-1,-1,-1,-1,-1,-1,0.16,0.14,0.0933333333333333,-1,-1,-1,-1,-1,0.0333333333333333,0.02,0.0333333333333333,0.00666666666666667,0.0466666666666667,0.00666666666666667,0.0333333333333333,0.02,0.0333333333333333,0.00666666666666667,0.0133333333333334,0.00666666666666667,0.00666666666666667,0.0133333333333333,0.02,0.0133333333333333,0.00666666666666667,0,0,0,0,0,0,0,0,-1,-1,-1,-1,0,0,0,0,0,0,-1,-1,-1,-1,0,0
0,0,0,0,0,0,0,0,0,0,0,0,0,0,0,0,0,0,0,0.00666666666666667,0.00666666666666667,0,0,0,0,0,0,0,0,0,0,0,0,0,0,0,0,0,0,0,0,0,0,0,0,0,0,0.00666666666666667,0,0,0.0266666666666667,0.00666666666666668,0,0.00666666666666667,0,0,0,0.00666666666666667,0,0,0,0.0133333333333333,0.0133333333333333,0.00666666666666667,0.00666666666666667,0,0.0133333333333333,0.02,0,0,0,0.02,0,0.04,0.0333333333333333,0.04,0.0333333333333333,0.0333333333333333,0.04,-1,-1,0.0333333333333333,0.04,0.0866666666666667,0.04,0.02,0.04,0.113333333333333,0.06,-1,-1,0.186666666666667,0.2,0.14,0.213333333333333,0.233333333333333,0.2,0.16,0.14,0.213333333333333,0.2,0.18,0.18,0.206666666666667,-1,-1,0.306666666666667,0.206666666666667,-1,-1,-1,-1,-1,-1,-1,-1,-1,-1,-1,-1,0.4,0.346666666666667,0.433333333333333,0.413333333333333,0.52,-1,-1,-1,0.446666666666667,0.533333333333334,0.533333333333333,0.693333333333334,-1,-1,-1,-1,-1,-1,-1,-1,-1,-1,0.273333333333333,0.273333333333333,-1,-1,-1,-1,-1,-1,-1,-1,0.133333333333333,0.113333333333333,-1,-1,-1,-1,0.06,0.0133333333333333,0.0466666666666667,0.0333333333333333,0.0333333333333333,0.0133333333333333,0.0133333333333333,0.0133333333333333,0.0266666666666667,0.02,0,0.00666666666666667,0,0.0266666666666667,0.00666666666666667,0,0.00666666666666667,0.0266666666666667,0,0,0,0,0,0,0,0,0,0,-1,0,0,0,0,0,0,0,0,0,-1,-1,0,0
0,0,0,0,0,0,0,0,0,0,0,0,0,0,0,0,0,0,0,0,0,0,0,0,0,0,0,0,0,0,0,0,0,0,0,0,0,0,0,0,0,0,0,0,0,0,0,0,0,0,0,0.0133333333333333,0,0,0,0,0.0133333333333333,0,0,0.00666666666666668,0.0133333333333333,0.00666666666666667,0.00666666666666667,0,0.0133333333333333,0.00666666666666667,0.00666666666666667,0,0.0133333333333333,0.0133333333333333,0.02,0.0133333333333333,0.02,0.0333333333333333,0.0133333333333333,0.0333333333333333,0.0133333333333333,0,0.0333333333333333,0.0266666666666667,-1,-1,0.04,0.0266666666666667,0.0466666666666667,0.04,0.0533333333333333,0.1,0.0333333333333333,0.1,-1,-1,0.2,0.133333333333333,0.166666666666667,0.166666666666667,0.193333333333333,0.193333333333333,0.153333333333333,0.166666666666667,0.166666666666667,0.16,0.18,0.24,-1,-1,-1,-1,-1,-1,-1,-1,-1,-1,-1,0.326666666666667,0.366666666666667,0.4,0.433333333333333,0.373333333333334,0.393333333333333,0.453333333333333,0.426666666666667,-1,-1,-1,-1,-1,-1,0.533333333333333,0.626666666666666,0.7,0.833333333333334,0.986666666666667,-1,-1,-1,-1,-1,-1,-1,-1,0.24,0.286666666666667,0.24,-1,-1,-1,-1,0.146666666666667,0.173333333333333,0.166666666666667,0.1,-1,-1,-1,-1,-1,-1,0.0333333333333333,0.0333333333333333,0.0333333333333333,0.0533333333333333,0.0133333333333333,0.04,0.00666666666666667,-1,0.0133333333333333,0.0133333333333333,0.00666666666666668,0.00666666666666668,0.02,0.0266666666666667,0.02,0.0333333333333333,0.00666666666666667,0,0,0,0,0,0,-1,-1,-1,0,0,0,0,0,0,0,0,0,0,0,0,0,0,0
0,0,0,0,0,0,0,0,0,0,0,0,0,0,0,0,0,0,0,0,0,0,0,0,0,0,0,0,0,0,0,0,0,0,0,0,0,0,0,0,0,0,0,0,0,0,0,0,0,0,0,0.00666666666666667,0.0133333333333333,0.00666666666666667,0,0.0133333333333333,0.00666666666666667,0,0,0.0133333333333333,0,0,0.00666666666666667,0.00666666666666667,0.0133333333333333,0.00666666666666667,0,0.00666666666666667,0,0.04,0.0333333333333333,0.02,0.0133333333333333,0.02,0.02,0.0266666666666667,0.02,0.0333333333333333,0.0333333333333333,0.0133333333333333,0.02,0.0266666666666667,0.04,0.0466666666666667,0.04,0.0933333333333334,0.0466666666666667,0.113333333333333,0.0333333333333333,0.133333333333333,0.04,-1,0.2,0.0866666666666666,0.126666666666667,0.133333333333333,0.1,0.173333333333333,0.16,0.126666666666667,0.186666666666667,0.226666666666667,0.246666666666667,0.226666666666667,0.226666666666667,0.206666666666667,0.273333333333333,-1,-1,-1,-1,0.346666666666667,0.333333333333333,0.293333333333333,0.34,0.353333333333333,0.346666666666667,0.386666666666666,-1,-1,-1,-1,-1,-1,-1,-1,-1,-1,-1,0.48,0.526666666666667,0.666666666666667,0.773333333333333,0.78,0.806666666666667,-1,-1,-1,-1,-1,-1,-1,0.273333333333333,0.293333333333333,0.246666666666667,-1,-1,-1,-1,0.133333333333333,0.133333333333333,0.16,0.14,-1,-1,-1,-1,-1,-1,0.0866666666666667,0.0133333333333333,0.0466666666666667,0.04,0.00666666666666667,-1,-1,-1,0.0266666666666667,0.04,0.00666666666666667,0,0.0266666666666667,0.0266666666666667,0.00666666666666667,0.00666666666666667,0.00666666666666667,0,0,-1,0,0,0,-1,-1,-1,-1,-1,-1,0,0,-1,0,-1,-1,0,0,0,0,0,0
0,0,0,0,0,0,0,0,0,0,0,0,0,0,0,0,0,0,0,0,0,0,0,0,0,0,0,0,0,0,0.00666666666666667,0,0,0,0,0,0,0,0.00666666666666667,0,0,0,0,0,0,0,0,0,0,0,0,0.0133333333333333,0.00666666666666667,0,0.0133333333333333,0.00666666666666667,0,0.00666666666666667,0.00666666666666667,0.0133333333333333,0.00666666666666667,0.00666666666666667,0.00666666666666667,0.00666666666666667,0.0266666666666667,0,0,0.00666666666666667,0.0333333333333333,0.0866666666666667,0.06,0.0733333333333333,0.02,0.0333333333333333,0.00666666666666667,0.04,0.0133333333333333,0.02,0.02,0,0.0466666666666667,0.0266666666666667,0.0266666666666667,0.0133333333333333,0.0533333333333333,0.0733333333333334,0.0533333333333333,0.0866666666666667,0.0733333333333333,0.0666666666666667,0.0933333333333334,0.206666666666667,0.173333333333333,0.186666666666667,0.12,0.126666666666667,0.153333333333333,0.153333333333333,0.146666666666667,0.166666666666667,0.166666666666667,0.173333333333333,0.18,0.2,0.186666666666667,0.28,0.226666666666667,0.313333333333333,-1,-1,-1,-1,0.3,0.38,0.36,0.373333333333333,-1,-1,-1,-1,-1,-1,-1,-1,-1,-1,0.366666666666667,0.34,0.406666666666667,0.493333333333334,0.513333333333334,0.62,0.58,0.646666666666667,0.686666666666667,-1,-1,-1,0.38,0.42,0.353333333333333,0.36,-1,-1,-1,-1,-1,-1,-1,0.18,0.173333333333333,0.173333333333333,0.1,0.173333333333333,-1,-1,-1,-1,-1,0.106666666666667,0.0733333333333334,0.00666666666666667,0.00666666666666667,0.0333333333333333,-1,0.0466666666666667,0.00666666666666667,0.0133333333333333,0.0266666666666667,0.02,0.02,0.02,0.0266666666666667,0,0.02,0.0133333333333333,0,-1,-1,-1,-1,0,0,-1,-1,-1,-1,0,0,0,0,-1,-1,-1,-1,-1,0,0,0,0
0,0,0,0,0,0,0,0,0,0,0,0,0,0,0,0,0,0,0,0,0,0,0,0,0,0,0,0,0,0,0.00666666666666667,0,0.00666666666666667,0.00666666666666667,0,0,0,0,0,0,0,0.00666666666666667,0,0,0,0,0,0,0,0,0,0,0.02,0.02,0.00666666666666667,0.02,0.00666666666666668,0.0133333333333333,0.00666666666666667,0.0133333333333333,0,0,0.0133333333333333,0,0.00666666666666667,0,0.0333333333333333,0.0266666666666667,0.0733333333333333,0.0333333333333333,0.04,0.04,0.06,0.0466666666666667,0.0266666666666667,0,0.0266666666666667,0.0266666666666667,0.0333333333333333,0.0266666666666667,0.04,0.02,0.0333333333333333,0.0133333333333333,0.0866666666666667,0.0933333333333333,0.0266666666666667,0.126666666666667,0.00666666666666667,0.0466666666666667,0.0733333333333333,0.193333333333333,0.113333333333333,0.12,0.193333333333333,0.166666666666667,0.16,0.16,0.166666666666667,0.206666666666667,0.16,0.153333333333333,0.24,0.213333333333333,0.186666666666667,0.246666666666667,0.206666666666667,0.32,0.326666666666667,-1,-1,-1,0.34,0.32,0.34,0.313333333333333,-1,-1,-1,-1,-1,0.453333333333333,0.46,0.4,0.426666666666667,0.28,0.246666666666667,0.353333333333333,0.4,0.46,0.52,0.54,0.513333333333333,0.606666666666667,0.493333333333333,-1,-1,-1,-1,-1,0.333333333333333,0.393333333333333,-1,-1,-1,0.226666666666667,0.273333333333333,0.193333333333333,0.173333333333333,0.166666666666667,0.166666666666667,0.18,0.146666666666667,0.146666666666667,0.08,0.133333333333333,0.08,0.106666666666667,0.12,0.06,0.126666666666667,0.00666666666666667,0.00666666666666667,0.0266666666666667,-1,0.0133333333333333,0.0133333333333334,0.0266666666666667,0.02,0,0.02,0.0133333333333333,0.00666666666666667,0.02,0.00666666666666667,0.0266666666666667,-1,-1,-1,-1,-1,-1,0,0,0,0,-1,0,0,0,0,-1,-1,-1,-1,-1,-1,-1,0,0
0,0,0,0,0,0,0,0,0,0,0,0.00666666666666667,0,0,0,0,0,0,0,0,0,0,0,0,0,0,0,0,0,0,0,0,0,0,0,0,0.00666666666666667,0,0,0,0,0,0,0,0,0,0,0,0,0,0,0,0,0.00666666666666667,0.00666666666666667,0.00666666666666667,0,0.0133333333333333,0.00666666666666667,0.00666666666666667,0,0,0.00666666666666667,0.00666666666666667,0.00666666666666667,0.0133333333333333,0.0333333333333333,0.0266666666666667,0.0266666666666667,0.0466666666666667,0.0466666666666666,0.0466666666666667,0.02,0.0266666666666667,0.00666666666666667,0.00666666666666667,0.04,0.0133333333333333,0.02,0.02,0.02,0.00666666666666667,0.0266666666666667,0.0133333333333333,0.0266666666666667,0.0866666666666666,0.08,0.0466666666666667,0.0533333333333333,0.08,0.0266666666666667,0.0533333333333333,0.18,0.153333333333333,0.18,0.113333333333333,0.153333333333333,0.0933333333333333,0.186666666666667,0.173333333333333,0.213333333333333,0.173333333333333,0.16,0.146666666666667,0.22,0.173333333333333,0.226666666666667,0.306666666666667,0.22,0.346666666666667,-1,-1,-1,0.353333333333333,0.326666666666667,0.333333333333333,0.42,0.373333333333333,0.373333333333333,0.373333333333333,0.453333333333333,0.44,0.433333333333333,0.513333333333334,0.313333333333333,0.373333333333333,0.313333333333333,0.333333333333333,0.373333333333333,0.46,0.466666666666667,0.473333333333333,0.473333333333333,-1,-1,-1,-1,-1,-1,-1,0.353333333333333,0.346666666666667,0.28,0.313333333333333,0.286666666666667,0.226666666666667,0.253333333333333,0.246666666666667,0.16,0.166666666666667,0.133333333333333,0.186666666666667,0.186666666666667,0.0933333333333333,0.16,0.12,0.0866666666666667,0.146666666666667,0.0666666666666666,0.12,0.12,0.06,0.0333333333333333,0.0133333333333333,0.02,0.00666666666666667,0.02,0.0133333333333333,0.0133333333333333,0.02,0.0266666666666667,0,0,0.02,0.04,0.00666666666666667,0,-1,-1,-1,-1,-1,0,0,0,0,0,0,0,0,0,-1,-1,-1,-1,-1,-1,-1,-1,0
0,0,0,0,0,0,0,0,0,0,0,0,0,0,0,0,0,0,0,0,0,0,0,0,0,0,0.00666666666666667,0,0,0,0,0,0.00666666666666667,0.00666666666666667,0,0.0133333333333333,0,0,0,0.00666666666666667,0,0.00666666666666667,0.00666666666666667,0,0.00666666666666667,0,0,0,0,0,0,0,0,0,0.00666666666666667,0.02,0,0.02,0.0266666666666667,0.0133333333333333,0,0.00666666666666667,0.00666666666666667,0.00666666666666667,0.0333333333333333,0.00666666666666667,0.04,0.0266666666666667,0.0266666666666667,0.0333333333333333,0.0333333333333333,0.0333333333333333,0.0666666666666666,0.0466666666666667,0.0133333333333333,0.0466666666666667,0.0266666666666667,0.00666666666666667,0.00666666666666667,0.00666666666666667,0.0133333333333333,0.0266666666666667,0.0333333333333333,0.06,0.0533333333333334,0.06,0.0333333333333333,0.06,0.06,0.0266666666666667,0.0666666666666667,0.0733333333333334,0.213333333333333,0.186666666666667,0.146666666666667,0.14,0.16,0.14,0.166666666666667,0.193333333333333,0.153333333333333,0.26,0.193333333333333,0.226666666666667,0.206666666666667,0.273333333333333,0.273333333333333,0.26,0.293333333333333,0.286666666666667,0.326666666666667,-1,-1,-1,0.366666666666667,0.426666666666667,0.406666666666667,0.38,0.393333333333333,0.38,0.513333333333333,0.446666666666667,0.5,0.353333333333333,0.313333333333333,0.386666666666667,0.313333333333333,0.386666666666667,0.386666666666667,0.446666666666667,0.393333333333333,0.473333333333333,0.44,-1,-1,-1,0.413333333333333,0.38,0.333333333333333,0.346666666666667,0.24,0.306666666666667,0.3,0.306666666666666,0.253333333333333,0.206666666666667,0.193333333333333,0.193333333333333,-1,-1,-1,0.113333333333333,0.12,0.18,0.12,0.173333333333333,0.113333333333333,-1,-1,-1,-1,-1,0.0266666666666667,0.02,0.00666666666666667,0.0266666666666667,0.02,0.00666666666666667,0.0133333333333333,0.02,0.0133333333333333,0.02,0.00666666666666667,0.00666666666666667,0,0,0,0,0,-1,-1,-1,0,0,0,0,0,0,0,0,0,-1,-1,-1,-1,-1,-1,-1,-1,-1
0,0,0,0,0,0,0,0,0,0,0,0,0,0,0,0,0,0,0,0,0,0,0,0,0,0,0,0,0,0,0,0,0.00666666666666667,0,0,0,0,0,0,0,0,0,0,0,0,0,0.00666666666666667,0,0,0,0,0,0,0,0,0.00666666666666667,0.0133333333333333,0.0133333333333333,0.00666666666666667,0.02,0.0133333333333333,0.0133333333333333,0.0133333333333333,0.02,0.0466666666666667,0.00666666666666667,0.0133333333333333,0.02,0.06,0.0466666666666667,0.04,0.0333333333333333,0.0133333333333333,0.00666666666666667,0.0266666666666667,0.08,0.00666666666666667,0,0.02,0.0266666666666667,0.0133333333333333,0.00666666666666667,0.00666666666666667,0.0666666666666667,0.04,0.0333333333333333,0.0933333333333334,0.0333333333333333,0.0466666666666667,0.0533333333333333,0.0733333333333333,0.08,0.24,0.206666666666667,0.233333333333333,-1,-1,0.206666666666667,0.226666666666667,0.12,0.126666666666667,0.226666666666666,0.246666666666667,0.273333333333333,0.173333333333333,0.2,0.24,0.266666666666667,0.253333333333333,0.253333333333333,0.313333333333333,0.34,-1,-1,-1,0.393333333333333,0.373333333333333,0.4,0.44,0.42,0.466666666666667,0.46,0.406666666666667,0.306666666666667,0.266666666666667,0.313333333333333,0.42,0.353333333333333,0.36,0.4,0.34,0.433333333333333,0.38,0.446666666666667,0.46,0.413333333333333,0.38,0.333333333333333,0.386666666666667,0.353333333333333,0.333333333333333,0.28,0.366666666666666,-1,-1,-1,-1,-1,-1,0.153333333333333,0.18,0.133333333333333,0.2,0.126666666666667,0.106666666666667,0.14,0.12,-1,-1,-1,-1,-1,0.0933333333333333,0.0333333333333333,0,0.0133333333333333,0.0133333333333333,0.02,0,0.00666666666666668,0.02,0.00666666666666667,0,0.00666666666666667,0.0133333333333333,0.0133333333333333,-1,-1,0,0,-1,0,0,0,0,0,0,0,0,0,0,-1,-1,-1,-1,-1,-1,-1,-1,-1
0,0,0,0,0,0,0,0,0,0,0,0,0,0,0,0.00666666666666667,0,0,0,0,0,0,0,0,0,0,0.00666666666666667,0,0,0,0.00666666666666667,0,0.00666666666666667,0,0,0.00666666666666667,0.00666666666666667,0,0,0.00666666666666667,0.00666666666666667,0.00666666666666667,0,0,0,0,0.00666666666666667,0,0,0,0,0,0.00666666666666667,0,0,0.0133333333333333,0.02,0.0266666666666667,0.00666666666666667,0.00666666666666667,0,0.00666666666666667,0.0266666666666667,0.02,0.02,0.04,0.0466666666666667,0.0466666666666667,0.0133333333333333,0.0333333333333333,0.02,0.0266666666666667,0,0.0466666666666667,0.02,0.0266666666666667,0.0333333333333333,0.02,0.0266666666666667,0,0.02,0.00666666666666667,0.04,0.0333333333333333,0.0266666666666667,0.00666666666666667,0.04,0.00666666666666667,0.02,0.06,0.06,0.04,0.173333333333333,0.193333333333333,0.173333333333333,0.26,-1,-1,0.213333333333333,0.233333333333333,0.246666666666667,0.226666666666667,0.206666666666667,0.233333333333333,0.18,0.233333333333333,0.246666666666667,0.213333333333333,0.333333333333334,0.266666666666667,0.353333333333333,0.293333333333333,0.353333333333333,-1,-1,-1,0.386666666666667,0.393333333333333,0.466666666666667,0.426666666666667,0.42,0.513333333333333,0.326666666666667,0.306666666666667,0.346666666666667,0.326666666666667,0.366666666666666,0.36,0.346666666666667,0.32,0.446666666666667,0.38,0.4,0.34,0.446666666666667,0.366666666666667,0.346666666666667,0.32,-1,-1,-1,-1,-1,-1,0.2,0.26,0.186666666666667,-1,-1,-1,-1,0.166666666666667,0.113333333333333,0.12,0.113333333333333,0.126666666666667,0.0933333333333333,0.14,-1,-1,-1,-1,0.08,0.0133333333333333,0.0466666666666667,0.0133333333333333,0.0266666666666667,0,0.0133333333333333,0.00666666666666667,0.02,0.00666666666666667,0.02,0.00666666666666667,0.00666666666666667,0,-1,-1,-1,-1,-1,0,0,0,0,0,0,0,0,0,0,0,0,-1,-1,-1,-1,-1,-1,-1
0,0,0,0,0,0,0,0,0,0.00666666666666667,0,0,0,0,0,0,0,0,0,0,0,0,0,0.00666666666666667,0,0,0,0,0,0,0.00666666666666667,0.00666666666666668,0,0,0.00666666666666667,0,0,0.00666666666666667,0,0,0.0133333333333333,0,0,0,0.0133333333333333,0,0,0.0133333333333333,0,0,0,0.00666666666666667,0,0,0,0,0.0133333333333333,0.0133333333333333,0.00666666666666667,0.00666666666666667,0.0266666666666667,0.0333333333333333,0.0266666666666667,0.0466666666666667,0.0533333333333334,0.0666666666666666,0.0266666666666667,0.0733333333333334,0.0133333333333333,0.0266666666666667,0.02,0,0,0.04,0.0266666666666667,0.04,0.0266666666666667,0.0266666666666667,0.04,0,0.02,0.00666666666666667,0.0333333333333333,0.02,0.0533333333333333,0.04,0.04,0.02,0,0.0266666666666667,0.0466666666666667,0.06,0.1,0.146666666666667,0.173333333333333,0.2,0.22,-1,-1,0.253333333333333,0.18,0.166666666666667,0.173333333333333,0.166666666666667,0.14,0.22,0.24,0.173333333333333,0.26,0.286666666666667,0.253333333333333,0.36,0.32,0.393333333333333,-1,0.4,0.446666666666667,0.44,0.486666666666667,0.533333333333334,0.48,0.306666666666667,0.28,0.306666666666667,0.286666666666667,0.326666666666667,0.38,0.386666666666667,0.36,0.306666666666667,0.393333333333333,-1,-1,-1,0.36,0.273333333333333,0.373333333333333,-1,0.333333333333333,0.286666666666667,0.233333333333333,0.193333333333333,0.286666666666667,-1,0.22,-1,-1,-1,-1,-1,-1,0.153333333333333,0.126666666666667,0.126666666666667,0.14,0.0866666666666667,0.0866666666666667,0.16,0.113333333333333,0.0933333333333334,0.14,0.06,0.0666666666666666,0.0733333333333333,0.0266666666666667,0.00666666666666667,0.00666666666666667,0.00666666666666667,0.0266666666666667,0.0266666666666667,0.0333333333333333,0.00666666666666667,0.00666666666666667,0.0333333333333333,0.00666666666666667,0,-1,-1,-1,-1,-1,0,0,0,-1,-1,0,0,0,0,0,0,0,0,0,-1,-1,-1,-1,-1
0,0,0,0,0,0,0,0,0,0,0.00666666666666667,0,0,0,0,0,0,0,0,0,0,0,0,0,0,0,0,0,0,0,0.00666666666666667,0.00666666666666667,0,0.00666666666666667,0,0,0.02,0,0.00666666666666667,0,0,0.00666666666666667,0.02,0,0.00666666666666667,0,0.00666666666666667,0,0,0.00666666666666667,0,0,0,0,0,0,0,0.0133333333333333,0,0.0133333333333333,0.02,0.0133333333333333,0.04,0.0466666666666667,0.0533333333333333,0.0333333333333333,0.04,0.0266666666666667,0.04,0.0333333333333333,0,0,0.0533333333333333,0.02,0.0333333333333333,0.0666666666666667,0.0133333333333333,0.04,0.0266666666666667,0.0333333333333333,0.00666666666666667,0.0133333333333333,0.00666666666666667,0.02,0.0266666666666667,0.0333333333333333,0.0466666666666667,0.02,0.0133333333333333,0.0466666666666666,0.0333333333333333,0.04,0.0333333333333333,0.166666666666667,0.146666666666667,0.146666666666667,0.186666666666667,0.206666666666667,-1,-1,0.18,0.146666666666667,0.113333333333333,0.186666666666667,0.186666666666667,0.206666666666667,0.253333333333334,0.293333333333333,0.286666666666667,0.266666666666667,0.266666666666667,0.346666666666667,0.366666666666667,0.413333333333333,0.36,0.386666666666667,0.433333333333333,0.453333333333333,0.453333333333333,0.426666666666667,0.26,0.373333333333333,0.28,0.373333333333333,0.366666666666667,0.36,0.32,0.333333333333334,0.326666666666666,0.326666666666667,0.326666666666667,-1,0.333333333333333,-1,0.366666666666667,0.36,0.34,-1,-1,-1,-1,-1,-1,-1,0.16,-1,-1,-1,-1,0.166666666666667,0.126666666666667,0.16,0.146666666666667,0.146666666666667,0.126666666666667,0.14,-1,-1,-1,-1,-1,0.08,0.06,0.106666666666667,0.0133333333333333,0.02,0,0.0133333333333333,0.02,0.0133333333333333,0.00666666666666667,0.02,-1,-1,0.0133333333333333,0,0,0,0,0,0,0,0,-1,-1,-1,-1,-1,0,0,0,0,0,0,0,0,0,-1,-1,-1
0,0,0,0,0,0,0,0,0,0,0,0,0,0,0,0,0.00666666666666667,0,0,0,0,0,0,0,0,0,0.00666666666666667,0,0,0.00666666666666667,0.00666666666666667,0,0,0.00666666666666667,0.00666666666666668,0,0,0.00666666666666667,0.00666666666666667,0,0.00666666666666667,0.00666666666666667,0,0.0133333333333333,0,0,0.00666666666666667,0.0133333333333333,0,0.00666666666666667,0.00666666666666667,0,0,0,0,0,0,0,0.00666666666666667,0.0466666666666667,0.0266666666666667,0.00666666666666667,0.0666666666666667,0.04,0.0266666666666667,0.0533333333333333,0.0466666666666667,0.0533333333333333,0.02,0.04,0.00666666666666667,0.04,0.0133333333333333,0.0266666666666667,0.02,-1,0.0333333333333333,0.04,0.0533333333333333,0.0333333333333333,0.00666666666666667,0.0266666666666667,0.02,0.0266666666666667,0.04,0.0266666666666667,0.0266666666666667,0.0133333333333333,0,0.0266666666666667,0.0266666666666667,0.06,0.04,0.0933333333333333,0.0866666666666667,0.08,0.16,0.206666666666667,0.233333333333333,-1,0.153333333333333,0.2,0.24,0.246666666666667,0.186666666666667,0.18,0.193333333333333,0.253333333333333,0.286666666666667,0.293333333333333,0.393333333333333,0.353333333333333,0.333333333333333,0.346666666666667,0.446666666666667,0.473333333333333,0.38,0.46,0.493333333333333,0.333333333333333,0.3,0.32,0.36,0.32,0.293333333333333,0.38,0.373333333333333,0.346666666666667,0.346666666666667,-1,-1,-1,-1,-1,0.36,0.293333333333333,-1,-1,-1,-1,-1,-1,-1,-1,0.173333333333333,0.24,0.14,0.0933333333333334,0.186666666666667,0.14,0.186666666666667,0.106666666666667,0.14,0.14,0.113333333333333,-1,-1,-1,-1,-1,-1,0.106666666666667,0.126666666666667,0.0866666666666667,0.0333333333333333,0.0266666666666667,0.00666666666666667,0.02,0.0133333333333333,0.0133333333333333,0.00666666666666667,-1,-1,-1,-1,-1,0,0,0,0,0,0,0,-1,-1,-1,-1,-1,-1,-1,-1,0,0,0,0,0,0,0,0,-1
0,0,0,0,0,0,0,0,0,0,0,0,0,0.00666666666666667,0,0,0,0,0.00666666666666667,0.00666666666666667,0,0,0.00666666666666667,0.0133333333333333,0,0.00666666666666667,0,0,0,0,0,0.0133333333333333,0.00666666666666667,0.00666666666666667,0,0.02,0.0133333333333333,0.00666666666666667,0,0,0.00666666666666667,0.0133333333333333,0,0,0.00666666666666667,0.00666666666666667,0.00666666666666667,0.00666666666666667,0,0.00666666666666667,0.00666666666666667,0,0,0.00666666666666667,0,0,0,0.00666666666666668,0,0.00666666666666667,0.0333333333333333,0.0466666666666666,0.08,0.0333333333333333,0.0533333333333333,0.02,0.0333333333333333,0.0266666666666667,0.06,0.0133333333333333,0.00666666666666667,0.02,0.04,0.0266666666666667,0.0266666666666667,0.00666666666666667,-1,0.0533333333333334,0.0666666666666667,0.04,0.00666666666666667,0.0533333333333334,0.0533333333333334,0.0266666666666667,0.0533333333333333,0.04,0.0533333333333334,0.02,0.0133333333333333,0.02,0.0333333333333333,0.0266666666666667,0.02,0.14,0.133333333333333,0.0666666666666667,0.16,0.2,0.16,0.186666666666667,0.16,0.166666666666667,0.146666666666667,0.2,0.193333333333333,0.16,0.213333333333333,0.273333333333333,0.24,0.313333333333333,0.266666666666667,0.36,0.366666666666667,0.466666666666667,0.44,0.453333333333333,0.42,0.326666666666667,-1,-1,0.353333333333333,0.34,0.326666666666667,0.353333333333333,-1,-1,-1,-1,-1,-1,-1,-1,-1,-1,0.32,0.313333333333333,-1,-1,0.34,0.32,0.286666666666667,0.266666666666667,0.206666666666667,0.22,0.233333333333334,0.253333333333333,0.14,-1,-1,-1,-1,-1,-1,0.146666666666667,0.126666666666667,-1,-1,-1,-1,-1,-1,0.0933333333333333,0.0666666666666666,0.06,0.0133333333333333,0.00666666666666667,0.0333333333333333,0.00666666666666667,0.02,0.00666666666666667,-1,-1,-1,-1,-1,-1,-1,0,0,0,0,0,-1,-1,0,-1,-1,-1,-1,-1,-1,-1,-1,0,0,0,0,0,0,0
0,0,0,0,0,0,0,0,0,0,0,0,0,0,0,0,0,0,0,0,0.00666666666666667,0,0,0.00666666666666667,0,0.00666666666666667,0,0,0.00666666666666667,0.0133333333333333,0.00666666666666667,0,0,0.00666666666666667,0,0.00666666666666668,0.00666666666666667,0,0.00666666666666667,0.0133333333333333,0.02,0.0133333333333333,0,0.0133333333333333,0.00666666666666667,0.00666666666666667,0.0133333333333333,0.0133333333333333,0.00666666666666667,0,0.0133333333333333,0,0,0.00666666666666667,0.00666666666666667,0,0,0,0,0,0,0.0133333333333333,0.02,0.0333333333333333,0.0533333333333333,0.0266666666666667,0.08,0.04,0.0133333333333333,0,0.06,0.02,0.02,0.0466666666666667,0.0333333333333333,0.0466666666666667,0.0533333333333333,-1,0.04,0.04,0.00666666666666667,0.02,0.02,0.02,0.0133333333333333,0.02,0.0333333333333333,0.00666666666666667,0,0.0333333333333333,0.04,0.0533333333333334,0.04,0.0466666666666667,0.22,0.126666666666667,0.0866666666666666,0.146666666666667,0.166666666666667,0.16,0.16,0.18,0.166666666666667,0.2,0.173333333333333,0.2,0.226666666666667,0.286666666666666,0.3,0.28,0.293333333333333,0.406666666666667,0.373333333333333,0.346666666666667,0.466666666666667,0.58,0.326666666666667,-1,-1,-1,-1,0.386666666666667,-1,-1,-1,-1,-1,-1,-1,-1,-1,0.293333333333333,0.386666666666667,0.293333333333333,0.36,0.333333333333333,0.34,0.306666666666667,0.273333333333333,0.266666666666667,0.266666666666667,0.273333333333333,0.186666666666667,0.226666666666667,-1,-1,-1,-1,-1,-1,-1,-1,0.153333333333333,0.14,0.113333333333333,-1,0.106666666666667,0.0866666666666666,0.106666666666667,0.153333333333333,0.0866666666666666,0.0933333333333334,0.126666666666667,0.0733333333333333,0.12,0.02,0.00666666666666667,0.0133333333333333,0.00666666666666667,0,0.0133333333333333,0.0133333333333333,-1,-1,-1,-1,0,0,0,0,0,0,-1,-1,-1,-1,0,0,-1,-1,-1,-1,-1,-1,-1,0,0,0,0,0
0,0,0,0,0,0,0,0,0,0,0,0,0,0,0.00666666666666667,0,0,0,0.00666666666666667,0,0,0,0.00666666666666667,0,0.00666666666666667,0,0.0133333333333333,0.00666666666666667,0,0.00666666666666667,0,0,0.00666666666666667,0.00666666666666667,0.02,0.02,0.00666666666666667,0.0133333333333333,0.00666666666666668,0.00666666666666667,0.0133333333333333,0.00666666666666667,0,0,0.0133333333333333,0,0,0.02,0.02,0,0.00666666666666667,0,0,0,0,0.00666666666666667,0,0.00666666666666667,0.00666666666666667,0,0,0,0,0.0133333333333333,0.04,0.04,0.0266666666666667,0.0133333333333333,0.00666666666666667,0.0266666666666667,0.0333333333333333,0.0133333333333333,0.02,0.0533333333333333,0.0133333333333333,0.0133333333333333,0.02,0.04,-1,0.04,0.0333333333333333,0.153333333333333,0.02,0.0266666666666667,0.0266666666666667,0.02,0.04,0,0,0.0533333333333334,0.02,0.0266666666666667,0.0266666666666667,0.0333333333333333,0.173333333333333,0.14,0.153333333333333,0.246666666666667,0.173333333333333,0.22,0.22,0.22,0.18,0.14,0.186666666666667,0.193333333333333,0.246666666666667,0.26,0.28,0.286666666666667,0.393333333333333,0.34,0.373333333333334,0.393333333333333,0.5,0.293333333333333,0.266666666666667,0.346666666666667,0.32,-1,-1,0.486666666666667,-1,-1,-1,-1,0.406666666666667,0.466666666666667,0.46,0.38,0.4,0.346666666666667,0.306666666666666,0.346666666666667,0.366666666666667,0.293333333333333,0.293333333333333,0.253333333333333,0.24,0.24,-1,-1,0.233333333333333,0.213333333333333,0.213333333333333,-1,-1,0.113333333333333,0.106666666666667,-1,-1,-1,0.14,0.126666666666667,0.12,0.166666666666667,0.0733333333333333,0.1,0.126666666666667,0.1,0.1,0.0933333333333333,0.113333333333333,0.1,0.0733333333333334,0.0266666666666667,0.0266666666666667,0.0133333333333333,0.0266666666666667,-1,-1,-1,-1,0,-1,-1,0,0,0,0,0,0,-1,-1,-1,-1,-1,-1,-1,0,-1,-1,-1,-1,-1,-1,0,0,0,0
0,0,0,0,0,0,0,0,0,0,0,0,0,0,0,0,0,0,0,0,0.00666666666666667,0,0,0,0.00666666666666667,0.00666666666666667,0,0.00666666666666667,0.00666666666666667,0.00666666666666667,0.00666666666666667,0.02,0.00666666666666667,0.00666666666666667,0.00666666666666667,0.0133333333333333,0.0266666666666667,0.02,0,0.0133333333333333,0.0133333333333333,0.0266666666666667,0.02,0.00666666666666667,0.0133333333333333,0.02,0.0133333333333333,0.0133333333333333,0.0333333333333333,0,0,0.00666666666666668,0.00666666666666667,0.00666666666666667,0.00666666666666667,0.00666666666666667,0.0133333333333333,0,0,0.00666666666666667,0,0,0,0,0.06,0.02,0,0,0.0133333333333333,0.00666666666666667,0.0266666666666667,0.0133333333333333,0.0266666666666667,0.0266666666666667,0.0266666666666667,0.02,0.0133333333333333,0.0266666666666667,0,0.0133333333333333,0.0333333333333333,0.113333333333333,0.04,0.00666666666666667,0.04,0,0.0133333333333333,0,0.00666666666666667,0.0266666666666667,0.00666666666666667,0.0266666666666667,0.04,0.0133333333333333,0.0133333333333333,0.1,0.186666666666667,0.206666666666667,0.213333333333333,0.153333333333333,0.28,0.293333333333333,0.233333333333333,0.18,0.226666666666667,0.286666666666667,0.293333333333333,0.313333333333333,0.266666666666667,0.286666666666667,0.333333333333334,0.393333333333333,0.42,0.146666666666667,0.2,0.3,0.3,0.433333333333333,0.453333333333333,0.433333333333333,-1,0.573333333333333,0.58,-1,-1,-1,0.506666666666667,0.413333333333333,0.5,0.333333333333333,0.393333333333333,0.366666666666666,0.34,0.313333333333334,0.34,0.313333333333333,0.36,0.273333333333333,-1,0.253333333333333,0.273333333333333,0.24,0.24,0.193333333333333,-1,-1,-1,-1,-1,-1,-1,-1,0.14,0.133333333333333,0.08,0.12,0.166666666666667,0.1,0.133333333333333,0.0866666666666667,0.12,0.1,0.0666666666666667,0.0733333333333333,0.08,0,0,0.02,0.0133333333333333,-1,-1,-1,-1,-1,-1,0,0,0,0,0,0,0,0,0,-1,-1,-1,-1,-1,-1,-1,0,-1,-1,-1,0,0,0,-1,-1
0,0,0,0,0,0,0,0.00666666666666667,0,0,0,0.00666666666666667,0,0,0.00666666666666667,0,0,0,0.00666666666666667,0.00666666666666667,0,0,0.00666666666666667,0.00666666666666667,0.0133333333333333,0,0,0.00666666666666667,0.02,0.0133333333333333,0,0,0.00666666666666667,0.02,0.00666666666666667,0.0266666666666667,0.0266666666666667,0.00666666666666667,0.0333333333333333,0.04,0.04,0.04,0.04,0.0133333333333333,0.02,0.00666666666666667,0,0.0266666666666667,0.0266666666666667,0.0133333333333333,0.0266666666666667,0.00666666666666667,0.00666666666666667,0.0133333333333333,0.00666666666666667,0,0.00666666666666667,0,0.00666666666666667,0,0,0,0,0,0,0,0.00666666666666667,0.0266666666666667,0.02,0.0266666666666667,0.00666666666666667,0.02,0.0333333333333333,0.0266666666666667,0.04,0.02,0.0133333333333333,0.0266666666666667,0.0333333333333333,0.0133333333333333,0.0266666666666667,0.08,0.0933333333333333,0.0266666666666667,0.0333333333333333,0.0333333333333333,0.0333333333333333,0,0,0.0133333333333333,0.0533333333333334,0.0266666666666667,0.02,0.04,0.00666666666666668,0.06,0.106666666666667,0.146666666666667,0.173333333333333,0.186666666666667,0.2,0.133333333333333,0.18,0.22,0.246666666666667,0.24,0.293333333333333,-1,0.326666666666667,0.313333333333333,0.386666666666666,0.18,0.106666666666667,0.253333333333333,0.246666666666666,0.293333333333333,0.393333333333333,0.5,0.506666666666667,0.566666666666667,0.493333333333333,0.673333333333334,0.72,0.573333333333333,-1,-1,-1,-1,-1,0.413333333333333,0.4,0.446666666666667,0.346666666666667,0.366666666666667,0.213333333333333,0.266666666666667,0.366666666666667,0.24,0.3,-1,-1,-1,0.273333333333333,0.173333333333333,0.233333333333333,-1,-1,-1,-1,-1,-1,-1,0.106666666666667,0.12,0.106666666666667,0.153333333333333,0.106666666666667,0.146666666666667,0.133333333333333,0.14,0.06,0.0666666666666666,0.0933333333333334,0.0666666666666667,0.06,0.0266666666666667,-1,0.00666666666666667,0.02,-1,-1,-1,-1,-1,-1,0,-1,-1,0,0,0,0,0,0,0,0,-1,-1,-1,-1,-1,-1,-1,0,-1,0,0,-1,-1,-1
0,0,0,0,0,0,0,0,0.00666666666666667,0,0,0,0,0.00666666666666667,0.00666666666666667,0,0,0.00666666666666667,0.00666666666666667,0,0,0,0,0,0.0133333333333333,0,0,0.00666666666666667,0.00666666666666667,0.0266666666666667,0.00666666666666667,0.0266666666666667,0.0133333333333333,0.00666666666666667,0.0333333333333333,0.02,0.04,0.0466666666666667,0.0466666666666667,0.02,0.04,0.02,0.0733333333333333,0.06,0.0466666666666667,0.0133333333333333,0.0133333333333333,0.0533333333333333,0,0.0266666666666667,0.00666666666666667,0.0333333333333333,0.0266666666666667,0.00666666666666667,0.00666666666666667,0.0266666666666667,0.00666666666666667,0,0,0,0.0133333333333333,0,0,0,0,0,0,0,0.04,0.02,0.0133333333333333,0.0266666666666667,0.0266666666666667,0.0266666666666667,0.00666666666666667,0.02,0.0466666666666667,0.0333333333333333,0.04,0.0133333333333333,0.0733333333333333,0.0733333333333333,0.0733333333333333,0,0.00666666666666667,0.0133333333333333,0.0266666666666667,0,0,0,0.0266666666666667,0.0266666666666667,0.0133333333333333,0.0266666666666667,0.02,0,0.0933333333333333,0.146666666666667,0.16,0.113333333333333,0.2,0.22,0.22,0.2,0.213333333333333,0.293333333333333,0.286666666666666,0.253333333333333,0.253333333333333,0.14,0.16,0.166666666666667,0.24,0.273333333333333,0.293333333333333,0.4,0.44,0.506666666666667,0.633333333333333,0.706666666666667,0.773333333333333,0.833333333333333,0.893333333333333,0.886666666666666,0.673333333333333,0.68,-1,-1,-1,-1,-1,-1,0.346666666666667,0.266666666666667,-1,-1,-1,-1,-1,-1,-1,-1,0.193333333333333,0.2,0.246666666666667,-1,0.173333333333333,0.146666666666667,0.153333333333333,0.106666666666667,0.133333333333333,0.146666666666667,0.166666666666667,0.186666666666667,0.193333333333333,0.0933333333333333,0.106666666666667,0.133333333333333,0.0866666666666667,0.0666666666666667,0.08,0.06,0.106666666666667,0.0733333333333333,0.12,-1,-1,-1,0.02,0.00666666666666667,0.0333333333333333,0.02,0,-1,0,-1,-1,-1,-1,-1,0,0,0,0,0,0,0,0,0,-1,-1,-1,-1,-1,-1,0,0,-1,-1,-1
0,0,0,0,0,0,0,0,0,0,0,0,0,0,0,0,0.00666666666666667,0,0,0.00666666666666667,0.00666666666666667,0.00666666666666667,0.0133333333333333,0,0.00666666666666667,0.00666666666666667,0.0133333333333333,0.00666666666666667,0.0133333333333333,0.0133333333333333,0.0266666666666667,0.0333333333333333,0.0266666666666667,0.04,0.0466666666666667,0.0666666666666667,0.0666666666666667,0.02,0.0733333333333334,0.0333333333333333,0.0533333333333333,0.0466666666666667,0.0533333333333333,0.02,0.0533333333333334,0.04,0.0333333333333333,0.02,0.0133333333333333,0.00666666666666667,0.0333333333333333,0.02,0.02,0.0266666666666667,0.00666666666666667,0.00666666666666667,0,0.00666666666666667,0,0,0,0,0,0,0,0,0,0,0,0,0.00666666666666667,0.0333333333333333,0.0266666666666667,0.0533333333333333,0,0.0266666666666667,0.0333333333333333,0,0.0333333333333333,0.00666666666666667,0.0733333333333333,0.0933333333333333,0.0933333333333333,0,0.0266666666666667,0.02,0.00666666666666667,0,0.00666666666666668,0,0.0133333333333333,0.00666666666666667,0.0466666666666667,0.00666666666666667,0.02,0.0333333333333333,0.0666666666666666,0.08,0.166666666666667,0.193333333333333,0.193333333333333,0.18,0.18,0.166666666666667,0.173333333333333,0.246666666666667,0.193333333333333,0.1,0.0733333333333334,0.12,0.153333333333333,0.186666666666667,0.16,0.22,0.38,0.4,0.446666666666666,0.553333333333333,0.753333333333333,0.793333333333333,0.9,0.913333333333333,0.966666666666667,0.926666666666666,0.906666666666666,0.746666666666667,0.706666666666667,0.513333333333334,-1,-1,-1,-1,-1,-1,-1,-1,-1,-1,-1,-1,-1,-1,0.24,0.206666666666667,0.186666666666667,0.166666666666667,0.18,0.14,0.173333333333333,0.113333333333333,0.153333333333333,-1,0.146666666666667,0.0733333333333333,0.1,0.06,0.0933333333333333,0.08,0.133333333333333,0.106666666666667,0.14,0.1,0.12,0.06,-1,-1,-1,-1,-1,-1,0.02,0,0,0,0,-1,-1,-1,-1,-1,-1,-1,0,0,0,0,0,0,0,0,0,-1,-1,-1,0,0,0,0,0,-1
0,0,0,0,0,0,0,0,0,0,0,0,0,0,0,0,0,0,0.00666666666666667,0,0.0133333333333333,0.00666666666666667,0.0133333333333333,0.0133333333333333,0.02,0,0.0133333333333333,0,0.0466666666666667,0.0333333333333333,0.0133333333333333,0.0266666666666667,0.0466666666666667,0.0333333333333333,0.0333333333333333,0.0666666666666667,0.06,0.0466666666666667,0.04,0.06,0.0266666666666667,0.0866666666666666,0.0533333333333334,0.06,0.0333333333333333,0.0466666666666667,0.04,0.04,0.0466666666666667,0.0333333333333333,0.0333333333333333,0.0333333333333333,0.0266666666666667,0.0333333333333333,0.02,0,0.00666666666666667,0.02,0.00666666666666667,0.0133333333333333,0,0.0133333333333333,0,0,0,0,0,0,0,0,0,0,0,0.02,0.0266666666666667,0.02,0.0266666666666667,0.00666666666666667,0,0.0133333333333333,0.04,0.08,0.133333333333333,0.0933333333333333,0.02,0.0266666666666667,0.0133333333333333,0,0.0133333333333333,0,0.00666666666666667,0.0133333333333333,0.00666666666666667,0.0133333333333333,0.04,0.0266666666666667,0.0133333333333333,0.12,0.153333333333333,0.126666666666667,0.153333333333333,0.18,0.22,0.206666666666667,0.0466666666666667,0.06,0.0533333333333333,0.0866666666666666,0.0933333333333334,0.113333333333333,0.14,0.14,0.2,0.193333333333333,0.26,0.473333333333333,0.413333333333334,0.5,0.68,0.733333333333333,0.886666666666666,0.98,1,0.993333333333333,0.839999999999999,0.846666666666666,0.713333333333333,0.62,0.526666666666667,0.533333333333333,-1,-1,-1,-1,-1,-1,0.286666666666667,0.286666666666667,0.22,0.206666666666667,0.18,0.213333333333333,0.14,0.22,0.186666666666667,0.166666666666667,0.193333333333333,0.18,0.18,0.1,0.126666666666667,0.08,0.06,0.146666666666667,0.146666666666667,0.133333333333333,0.153333333333333,0.0666666666666667,0.0666666666666666,0.0533333333333333,0.1,0.0866666666666666,0.0933333333333334,0.0533333333333333,0.113333333333333,-1,-1,-1,-1,-1,0,0,0,0,0,0,0,-1,-1,-1,-1,-1,-1,-1,-1,0,0,0,0,0,0,0,0,0,0,0,0,0,0,0
0,0,0,0,0,0,0,0,0,0.00666666666666667,0.00666666666666667,0,0.00666666666666667,0,0,0,0.00666666666666667,0,0.00666666666666667,0,0.00666666666666667,0,0,0.00666666666666667,0.00666666666666667,0.0266666666666667,0.02,0.02,0.02,0.00666666666666667,0.0266666666666667,0.0333333333333333,0.04,0.0466666666666666,0.0533333333333334,0.06,0.06,0.0933333333333333,0.113333333333333,0.0933333333333333,0.113333333333333,0.12,0.0533333333333333,0.113333333333333,0.106666666666667,0.1,0.1,0.0666666666666667,0.0733333333333334,0.0533333333333334,0.0533333333333334,0.06,0.06,0.0133333333333333,0,0.02,0.0133333333333333,0.00666666666666667,0.00666666666666668,0.0133333333333333,0.00666666666666667,0,0,0.00666666666666667,0,0,0,0.00666666666666667,0,0,0,0,0,0,0,0,0.0133333333333333,0.04,0.0133333333333333,0.02,0.0666666666666667,0.08,0.113333333333333,0.0866666666666667,0.0133333333333333,0.0133333333333333,0.0333333333333333,0,0,0,0.00666666666666667,0.0266666666666667,0.00666666666666667,0.0266666666666667,0.0266666666666667,0.02,0.0266666666666667,0.00666666666666667,0.146666666666667,0.133333333333333,0.186666666666667,0.06,0.08,0.06,0.0333333333333333,0.106666666666667,0.0666666666666667,0.0333333333333333,0.106666666666667,0.126666666666667,0.126666666666667,0.213333333333333,0.233333333333333,0.193333333333333,0.333333333333333,0.38,0.453333333333333,0.54,0.66,0.733333333333334,0.833333333333333,0.973333333333333,0.993333333333333,0.933333333333333,0.886666666666666,0.793333333333333,0.68,0.58,0.56,0.48,0.366666666666667,-1,0.313333333333333,0.313333333333333,0.3,0.3,0.253333333333333,0.246666666666667,0.206666666666667,0.206666666666667,0.246666666666667,0.18,0.146666666666667,0.22,0.146666666666667,0.16,0.18,0.153333333333333,0.12,0.173333333333333,0.14,0.126666666666667,0.133333333333333,0.126666666666667,0.133333333333333,0.0933333333333333,0.126666666666667,0.08,0.0733333333333333,0.12,0.12,0.0666666666666667,0.133333333333333,0.0733333333333334,0.0866666666666667,0.00666666666666667,0.00666666666666667,-1,-1,-1,0,0,0,0,0,0,0,0,0,-1,-1,-1,-1,-1,-1,-1,-1,0,0,0,0,0,0,0,0,0,0,0,0,0
0,0,0,0,0,0,0,0,0,0,0,0,0,0,0.00666666666666667,0,0,0,0,0,0.0266666666666667,0,0.0133333333333333,0.00666666666666667,0,0.0133333333333333,0,0.0266666666666667,0.0133333333333333,0.00666666666666667,0.04,0.0666666666666667,0.0333333333333333,0.0466666666666667,0.0466666666666666,0.0533333333333333,0.0866666666666667,0.106666666666667,0.113333333333333,0.106666666666667,0.12,0.12,0.146666666666667,0.166666666666667,0.133333333333333,0.08,0.08,0.0866666666666667,0.0533333333333333,0.0733333333333333,0.0666666666666666,0.0266666666666667,0.0466666666666667,0.02,0.02,0.0133333333333333,0.00666666666666667,0.00666666666666667,0.02,0.00666666666666667,0.0133333333333333,0.00666666666666667,0,0,0,0,0,0,0,0,0,0,0,0,0,0,0,0,0,0,0.02,0.0666666666666667,0.0733333333333333,0.0866666666666666,0.00666666666666667,0.00666666666666667,0,0.02,0,0,0.0133333333333333,0.0333333333333333,0.04,0.0266666666666667,0.02,0.00666666666666667,0,0.00666666666666667,0.08,0.0866666666666667,0.0533333333333333,0.1,0.0866666666666667,0.106666666666667,0.113333333333333,0.12,0.126666666666667,-1,-1,-1,-1,-1,-1,0.28,0.313333333333333,0.333333333333333,0.36,0.433333333333333,0.573333333333333,0.64,0.786666666666666,0.866666666666666,0.873333333333334,0.88,0.833333333333333,0.746666666666667,0.72,0.566666666666667,0.46,0.36,0.373333333333333,0.293333333333333,0.28,-1,-1,-1,-1,-1,-1,0.2,0.193333333333333,0.193333333333333,0.246666666666667,0.173333333333333,0.166666666666667,0.186666666666667,-1,-1,-1,-1,-1,-1,0.14,0.0866666666666666,0.1,0.0933333333333333,0.14,0.126666666666667,0.113333333333333,0.0933333333333333,0.06,0.1,0.1,0.06,0.06,0.04,0.00666666666666667,0.02,0.00666666666666667,0,0,0,0,0,0,0,0,0,0,0,0,-1,-1,-1,-1,-1,-1,-1,0,0,-1,0,0,0,0,0,0,0,0,0
0,0,0,0,0.00666666666666667,0,0,0,0,0,0,0,0,0,0,0,0,0.00666666666666667,0.0133333333333333,0,0.0133333333333333,0.0133333333333333,0,0.00666666666666667,0.0133333333333333,0,0.0266666666666667,0,0.0266666666666667,0.0333333333333333,0.0333333333333333,0.08,0.08,0.0866666666666667,0.0666666666666667,0.08,0.16,0.113333333333333,0.16,0.193333333333333,0.186666666666667,0.2,0.233333333333333,0.18,0.233333333333333,0.126666666666667,0.166666666666667,0.0866666666666666,0.14,0.146666666666667,0.0866666666666667,0.04,0.0466666666666667,0.0133333333333333,0.04,0.0133333333333334,0.0333333333333333,0.0133333333333333,0,0.00666666666666667,0.0133333333333333,0.00666666666666667,0,0,0.00666666666666667,0.0333333333333333,0.02,0.0533333333333333,0.0133333333333333,0,0,0,0,0,0,0,0,0,0,0,0.0133333333333333,0,0,0,0,0,0,0,0,0.02,0,0,0.00666666666666668,0.0333333333333333,0.0133333333333333,0.0266666666666667,0.00666666666666667,0.02,0.02,0.0533333333333334,0.0866666666666667,0.1,0.06,0.0933333333333333,0.12,0.186666666666667,0.153333333333333,-1,-1,-1,-1,-1,-1,0.273333333333333,0.326666666666667,0.313333333333333,0.433333333333333,-1,0.426666666666667,0.486666666666666,0.513333333333333,0.706666666666667,0.786666666666666,0.76,0.786666666666667,0.633333333333333,0.56,0.566666666666667,0.446666666666667,0.42,0.393333333333333,0.293333333333333,0.326666666666667,0.246666666666667,0.293333333333333,-1,-1,-1,-1,-1,-1,-1,-1,-1,-1,-1,-1,-1,-1,-1,-1,-1,0.0866666666666667,0.12,0.0933333333333333,0.126666666666667,0.08,0.106666666666667,0.133333333333333,0.0666666666666667,0.113333333333333,0.113333333333333,0.06,0.0866666666666667,0.0933333333333333,0.0133333333333333,0.0133333333333333,0.0133333333333333,0,0,0,0,0,0,0,0,0,0,0,0,0,0,0,-1,-1,-1,-1,0,0,-1,-1,-1,-1,0,0,0,0,0,0,0
0,0.0133333333333333,0,0,0,0,0,0.00666666666666667,0,0,0,0,0,0,0,0.00666666666666667,0,0.00666666666666668,0,0.0133333333333333,0,0.02,0.02,0,0.0133333333333333,0.02,0.0333333333333333,0.02,0.0333333333333333,0.0133333333333333,0.00666666666666667,0.0466666666666667,0.1,0.113333333333333,0.0666666666666667,0.18,0.133333333333333,0.226666666666667,0.2,0.246666666666667,0.266666666666667,0.3,0.373333333333333,0.246666666666667,0.313333333333333,0.233333333333334,0.24,0.14,0.22,0.14,0.0733333333333333,0.12,0.0533333333333333,0.0466666666666667,0.0266666666666667,0.0266666666666667,0.0266666666666667,0.02,0.02,0.02,0,0.04,0.0133333333333333,0.06,0.06,0.06,0,0,0,0.00666666666666667,0,0,0,0,0,0,0,0,0,0,0,0.0333333333333333,0.0133333333333333,0.02,0.0133333333333333,0.0133333333333333,0.00666666666666667,0.0133333333333333,0.00666666666666667,0.0133333333333333,0.02,0.00666666666666667,0.0133333333333333,0.0266666666666667,0.02,0.0133333333333333,0.0266666666666667,0.0266666666666667,0.02,0.0133333333333333,0.0866666666666667,0.0733333333333333,0.113333333333333,0.08,0.0733333333333333,0.113333333333333,0.153333333333333,-1,-1,-1,-1,-1,-1,0.193333333333333,0.28,0.32,-1,-1,-1,-1,0.433333333333333,0.573333333333333,0.62,0.66,0.566666666666667,0.546666666666667,0.513333333333334,0.466666666666667,0.453333333333334,0.406666666666667,0.34,0.286666666666667,0.233333333333333,0.306666666666666,0.3,0.34,0.186666666666667,-1,-1,-1,-1,-1,-1,-1,-1,-1,-1,-1,-1,-1,0.113333333333333,0.12,0.12,0.126666666666667,0.14,0.106666666666667,0.106666666666667,0.0933333333333333,0.106666666666667,0.106666666666667,-1,0.1,0.0733333333333333,0.0866666666666667,0.06,0,0.00666666666666667,0,0,0,0,-1,0,0,0,0,0,0,0,0,0,0,0,0,0,0,-1,0,-1,-1,-1,-1,-1,-1,-1,0,0,0,0,0
0,0,0,0,0,0,0,0,0.00666666666666667,0,0,0.00666666666666667,0,0,0,0,0,0.0133333333333333,0.02,0,0.00666666666666667,0,0.00666666666666667,0.00666666666666668,0.0133333333333333,0.0333333333333333,0.0333333333333333,0.0266666666666667,0.02,0.0133333333333333,0.0666666666666667,0.106666666666667,0.126666666666667,0.113333333333333,0.173333333333333,0.173333333333333,0.206666666666667,0.273333333333333,0.313333333333333,0.28,0.34,0.46,0.406666666666667,0.446666666666667,0.373333333333333,0.306666666666666,0.373333333333333,0.213333333333333,0.2,0.146666666666667,0.16,0.133333333333333,0.0466666666666667,0.06,0.04,0.0133333333333333,0.02,0.1,0.113333333333333,0.0466666666666667,0.0533333333333333,0.0533333333333334,0.0666666666666667,0.0133333333333333,0,0.00666666666666667,0.00666666666666667,0,0,0,0,0,0,0,0,0,0,0,0,0,0,0.00666666666666667,0.02,0.02,0.0133333333333333,0.00666666666666667,0.00666666666666667,0.00666666666666667,0.0266666666666667,0.02,0.00666666666666667,0.0133333333333333,0.0133333333333333,0.02,0.0266666666666667,0.0333333333333333,0.0266666666666667,0.0333333333333333,0.02,0.0333333333333333,0.02,0.0933333333333333,0.0733333333333334,0.0933333333333333,0.113333333333333,-1,-1,-1,-1,-1,-1,0.193333333333333,0.14,0.186666666666667,0.2,-1,-1,-1,-1,-1,-1,0.446666666666667,0.546666666666667,0.573333333333333,0.433333333333333,0.533333333333333,0.433333333333333,0.386666666666667,0.413333333333333,0.413333333333333,0.326666666666667,0.26,0.213333333333334,0.286666666666667,0.226666666666667,0.18,0.193333333333333,0.273333333333333,0.18,-1,-1,-1,-1,-1,0.173333333333333,0.12,0.153333333333333,0.133333333333333,0.2,0.1,0.106666666666667,0.0666666666666667,0.0933333333333333,0.0866666666666667,0.1,0.1,0.0866666666666667,0.0866666666666667,0.12,-1,-1,-1,-1,0.0733333333333333,0.0733333333333333,0,0,0,0,0,-1,-1,-1,-1,0,0,0,0,0,0,0,0,0,0,0,0,0,0,0,0,-1,-1,-1,-1,-1,-1,-1,0,0,0
0,0,0,0,0,0,0,0,0,0,0,0,0,0,0,0,0.0133333333333333,0,0.00666666666666667,0.00666666666666667,0.0133333333333333,0,0.0133333333333333,0.0133333333333333,0.0266666666666667,0.0266666666666667,0.00666666666666667,0.0133333333333333,0.02,0.0666666666666667,0.0533333333333334,0.0666666666666667,0.113333333333333,0.12,0.153333333333333,0.26,0.246666666666667,0.313333333333333,0.386666666666667,0.52,0.46,0.52,0.54,0.553333333333333,0.546666666666667,0.426666666666667,0.32,0.26,0.24,0.22,0.213333333333333,0.1,0.166666666666667,0.166666666666667,0.0666666666666667,0.126666666666667,0.0733333333333333,0.133333333333333,0.0866666666666667,0.0866666666666667,0.0133333333333333,0,0.0133333333333333,0.0133333333333333,0,0,0,0,0,0,0.00666666666666667,0,0,0,0.00666666666666667,0,0,0,0,0,0,0.0266666666666667,0.00666666666666667,0.04,0.04,0.0133333333333333,0,0.0133333333333333,0.00666666666666667,0.02,0,0.0133333333333333,0.0133333333333333,0.00666666666666667,0.0133333333333333,0.0266666666666667,0.0266666666666667,0.0133333333333333,0.00666666666666667,0.0266666666666667,0.04,0.0333333333333333,0.126666666666667,0.12,0.0666666666666667,-1,-1,-1,-1,-1,-1,0.2,0.213333333333333,0.253333333333333,0.226666666666667,0.286666666666667,0.34,-1,-1,-1,-1,-1,-1,0.333333333333334,0.36,0.38,0.393333333333333,0.393333333333333,0.32,0.266666666666667,0.273333333333333,0.226666666666667,0.193333333333333,0.166666666666667,0.28,0.173333333333333,0.18,0.213333333333333,0.173333333333333,0.206666666666667,0.226666666666667,-1,-1,-1,-1,-1,0.166666666666667,0.14,-1,0.14,0.153333333333333,0.113333333333333,0.1,0.0666666666666666,0.08,0.1,0.0733333333333333,0.106666666666667,0.0933333333333333,-1,-1,-1,-1,-1,-1,0,0,0,0,0,-1,-1,-1,-1,-1,-1,0,0,0,0,0,0,0,0,0,0,0,0,0,0,0,0,-1,-1,-1,-1,-1,-1,-1,0
0,0,0,0,0,0,0,0,0,0,0.00666666666666667,0.00666666666666667,0,0,0,0.00666666666666667,0,0.00666666666666667,0.0133333333333333,0,0,0.00666666666666667,0.0133333333333333,0.00666666666666667,0.0133333333333333,0.02,0.0266666666666667,0.0533333333333334,0.1,0.0266666666666667,0.0733333333333333,0.1,0.193333333333333,0.173333333333333,0.146666666666667,0.226666666666667,0.333333333333333,0.306666666666667,0.426666666666667,0.506666666666667,0.66,0.706666666666667,0.72,0.706666666666667,0.66,0.573333333333334,0.44,0.466666666666667,0.32,0.186666666666667,0.153333333333333,0.133333333333333,-1,-1,0.173333333333333,0.18,0.12,0.0266666666666667,0.02,0.0133333333333333,0.00666666666666667,0,0.0133333333333333,0,0.0133333333333333,0,0,0,0,0,0.00666666666666667,0,0,0,0,0.00666666666666667,0,0,0,0,0,0.00666666666666667,0.00666666666666667,0.0133333333333333,0.0266666666666667,0.0266666666666667,0.00666666666666667,0,0,0,0,0,0.00666666666666667,0.00666666666666667,0.02,0.0133333333333333,0.0266666666666667,0.02,0.0266666666666667,0.0266666666666667,0.0533333333333334,0.0133333333333333,0.0333333333333333,0.1,0.08,-1,-1,-1,0.166666666666667,0.2,0.16,0.18,0.213333333333333,0.186666666666667,0.246666666666667,0.213333333333333,0.253333333333333,0.253333333333333,0.253333333333333,-1,-1,-1,-1,-1,-1,0.38,0.266666666666667,0.326666666666667,0.213333333333333,0.233333333333333,0.206666666666667,0.3,0.2,0.2,0.193333333333333,0.133333333333333,0.12,0.1,0.16,0.133333333333333,0.113333333333333,0.213333333333333,0.16,-1,-1,-1,-1,-1,-1,0.16,0.1,0.0933333333333333,0.133333333333333,0.0866666666666667,0.106666666666667,0.04,0.0533333333333333,0.0333333333333333,0.0866666666666667,-1,-1,-1,-1,-1,0,0,0,0,0,-1,-1,-1,-1,-1,-1,-1,-1,-1,0,0,0,0,0,0,0,0,0,0,0,0,0,0,0,0,-1,-1,-1,-1,-1,-1
0,0,0,0,0,0,0,0,0,0,0,0,0,0.00666666666666667,0,0,0,0,0,0.00666666666666667,0.0266666666666667,0.02,0,0.0266666666666667,0.0266666666666667,0.0266666666666667,0.02,0.0333333333333333,0.0333333333333333,0.0866666666666667,0.06,0.12,0.12,0.2,0.206666666666667,0.246666666666667,0.346666666666667,0.373333333333333,0.533333333333333,0.666666666666667,0.74,0.853333333333333,0.846666666666666,0.853333333333333,0.786666666666666,0.706666666666667,0.566666666666666,0.42,0.306666666666667,0.24,0.2,0.113333333333333,0.18,0.126666666666667,0.1,0.04,0.0266666666666667,0.0333333333333333,0.0266666666666667,0.02,0.00666666666666667,0.00666666666666667,0,0,0.00666666666666667,0.00666666666666667,0,0.0266666666666667,0,0.00666666666666667,0,0,0,0,0,0,0,0,0,0,0,0.0266666666666667,0.0266666666666667,0.0133333333333333,0.02,0.00666666666666667,0.0133333333333333,0.0333333333333333,0.02,0.00666666666666668,0.00666666666666667,0.00666666666666667,0.0266666666666667,0.0133333333333333,0.0133333333333333,0.02,0.0266666666666667,0.02,0.0133333333333333,0.0266666666666667,0.0466666666666667,0.0133333333333333,0.0266666666666667,0.0333333333333333,0.12,0.1,0.126666666666667,0.146666666666667,0.106666666666667,0.153333333333333,0.14,0.1,0.226666666666667,0.18,-1,-1,0.22,0.266666666666667,0.206666666666667,0.266666666666666,0.306666666666667,-1,-1,-1,-1,-1,-1,0.293333333333333,0.213333333333333,0.233333333333333,0.2,0.173333333333333,0.173333333333333,0.173333333333333,0.153333333333333,0.226666666666667,0.166666666666667,0.146666666666667,0.12,0.0866666666666667,0.1,0.146666666666667,0.186666666666667,0.16,0.146666666666667,-1,-1,0.166666666666667,0.113333333333333,0.106666666666667,0.14,0.08,0.0866666666666667,0.106666666666667,0.0933333333333334,0.0733333333333333,0.0933333333333333,0.06,0.0733333333333334,0.06,0.0933333333333333,-1,-1,-1,0,0,0,0,0,0,0,-1,-1,-1,-1,-1,-1,-1,-1,-1,0,0,0,0,0,0,0,0,0,0,0,0,0,0,0,0,-1,-1,-1,-1
0,0,0,0,0,0.00666666666666667,0,0.00666666666666667,0,0,0.00666666666666667,0,0,0.00666666666666667,0,0,0,0.00666666666666667,0,0,0.02,0.0133333333333333,0.0333333333333333,0.00666666666666667,0.00666666666666667,0.04,0.02,0.0266666666666667,0.0466666666666667,0.06,0.106666666666667,0.0466666666666667,0.113333333333333,0.166666666666667,0.273333333333333,0.266666666666667,0.44,0.486666666666667,0.586666666666667,0.673333333333333,0.793333333333333,0.92,0.966666666666667,0.96,0.9,0.82,0.62,0.513333333333333,0.38,0.306666666666667,0.153333333333333,0.12,0.146666666666667,0.113333333333333,0.0666666666666667,0.08,0.0333333333333333,0.02,0.0133333333333333,0.0133333333333333,0.02,0.0133333333333333,0,0,0.00666666666666667,0.00666666666666667,0,0,0,0,0,0.00666666666666667,0,0,0,0,0,0,0,0,0,0,0.0333333333333333,0.0466666666666667,0.0133333333333333,0.00666666666666667,0.0133333333333333,0.02,0.00666666666666667,0.00666666666666667,0.02,0.00666666666666667,0,0.0133333333333333,0.02,0.02,0.00666666666666667,0.0133333333333333,0.02,0.02,0.00666666666666668,0.0266666666666667,0.02,0.02,0.0333333333333333,0.0333333333333333,0.0866666666666667,0.14,0.0933333333333333,0.153333333333333,0.146666666666667,0.166666666666667,0.173333333333333,0.16,-1,-1,-1,0.28,0.2,0.273333333333333,0.273333333333333,0.286666666666667,0.306666666666666,-1,-1,-1,-1,-1,-1,0.253333333333333,0.24,0.166666666666667,0.16,0.193333333333333,0.173333333333333,0.153333333333333,0.16,0.0933333333333333,0.106666666666667,0.166666666666667,0.113333333333333,0.113333333333333,0.08,0.08,0.126666666666667,0.126666666666667,0.12,0.146666666666667,0.0866666666666667,0.113333333333333,0.126666666666667,0.08,0.153333333333333,0.0866666666666666,0.14,0.106666666666667,-1,-1,-1,-1,-1,0.0733333333333333,0.02,0.00666666666666667,0,0,0,0,-1,-1,-1,0,0,-1,-1,-1,-1,-1,-1,-1,-1,-1,0,0,0,0,0,0,0,0,0,0,0,0,0,0,0,0,-1,-1
0,0,0,0,0,0,0,0,0,0,0.00666666666666667,0.00666666666666667,0,0,0.02,0,0.00666666666666667,0,0.0133333333333333,0.00666666666666667,0,0.02,0.02,0.02,0.02,0.0333333333333333,0.06,0.06,0.0866666666666667,0.0666666666666666,0.1,0.1,0.146666666666667,0.173333333333333,0.273333333333333,0.22,0.413333333333333,0.553333333333334,0.613333333333333,0.726666666666666,0.82,0.94,1,1,0.913333333333333,0.766666666666666,0.613333333333333,0.466666666666667,0.28,0.34,0.246666666666667,0.16,0.1,0.133333333333333,0.06,0.06,0.04,0.0133333333333333,0.0133333333333333,0.0133333333333333,0.0333333333333333,0.0133333333333333,0.00666666666666667,0.0133333333333333,0,0.00666666666666667,0.00666666666666667,0,0,0,0,0,0,0,0,0,0,0,0,0,0,0,0.00666666666666667,0.02,0.02,0.0133333333333333,0.00666666666666667,0.0133333333333333,0.00666666666666667,0.00666666666666667,0,0.04,0.02,0.0133333333333333,0.02,0.00666666666666667,0.0133333333333333,0.0133333333333333,0.0333333333333333,0.02,0.0333333333333333,0.02,0.0533333333333333,0.02,0.02,0.0266666666666667,0.04,0.133333333333333,0.106666666666667,0.0866666666666667,0.14,0.2,0.126666666666667,0.173333333333333,0.193333333333333,-1,-1,-1,-1,0.293333333333333,0.28,0.253333333333333,0.266666666666667,0.24,0.266666666666667,-1,-1,-1,-1,-1,-1,0.246666666666667,0.186666666666667,0.14,0.14,0.126666666666667,0.133333333333333,0.153333333333333,0.16,0.0933333333333333,0.0866666666666667,0.153333333333333,0.12,0.0933333333333333,0.08,0.04,0.0333333333333333,0.0866666666666667,0.1,0.12,0.0866666666666667,0.0933333333333333,0.106666666666667,0.0666666666666666,0.146666666666667,0.08,-1,-1,-1,-1,-1,-1,0.0133333333333333,0,0,0,0,0,-1,-1,-1,-1,-1,0,0,0,-1,-1,-1,-1,-1,-1,-1,-1,-1,0,0,0,0,0,0,0,0,0,0,0,0,0,0,0
0,0,0,0,0,0,0,0,0,0,0,0,0,0,0,0,0.00666666666666667,0.0133333333333333,0,0.0133333333333333,0.0133333333333333,0,0.02,0.0333333333333333,0.02,0.00666666666666668,0.0266666666666667,0.04,0.04,0.08,0.08,0.0933333333333333,0.126666666666667,0.14,0.206666666666667,0.326666666666667,0.34,0.493333333333334,0.513333333333334,0.633333333333333,0.846666666666667,0.873333333333334,0.94,0.92,0.84,0.786666666666667,0.633333333333334,0.46,0.353333333333333,0.266666666666667,0.193333333333333,0.153333333333333,0.1,0.1,0.1,0.0999999999999999,0.0466666666666667,0.0266666666666667,0.02,0.02,0.02,0.00666666666666667,0.0133333333333333,0,0.00666666666666667,0.00666666666666667,0,0,0.00666666666666667,0,0,0,0,0,0,0,0,0,0,0,0,0,0.0333333333333333,0.0133333333333333,0.0333333333333333,0,0.0266666666666667,0,0.00666666666666667,0.0133333333333333,0.0133333333333333,0.02,0.0133333333333333,0.00666666666666667,0.02,0.02,0.00666666666666667,0.02,0.0133333333333333,0.04,0.02,-1,-1,-1,-1,-1,-1,-1,-1,-1,-1,-1,-1,-1,-1,0.206666666666667,-1,-1,-1,-1,-1,0.26,0.18,0.226666666666667,0.233333333333333,0.206666666666667,0.2,-1,-1,-1,-1,0.226666666666667,0.213333333333333,0.16,0.106666666666667,0.153333333333333,0.113333333333333,0.106666666666667,0.12,0.0933333333333334,0.133333333333333,0.113333333333333,0.08,0.0933333333333333,0.08,0.0733333333333333,0.08,0.0466666666666667,0.0933333333333333,0.06,0.0266666666666667,0.0733333333333334,0.08,0.08,0.1,0.08,0.08,0.106666666666667,0.0666666666666667,0.0133333333333333,0.02,0.0333333333333333,0.0266666666666667,0,0,0,0,0,-1,-1,-1,-1,-1,-1,-1,0,0,0,-1,-1,-1,-1,-1,-1,-1,-1,-1,0,0,0,0,0,0,0,0,0,0,0,0,0
0,0,0,0,0,0,0.0133333333333333,0.00666666666666667,0,0,0.00666666666666667,0,0,0,0,0.00666666666666668,0.00666666666666667,0,0.00666666666666667,0,0.00666666666666667,0.0133333333333333,0.0266666666666667,0,0.04,0.0266666666666667,0.0266666666666667,0.0533333333333333,0.0666666666666667,0.08,0.0666666666666667,0.133333333333333,0.14,0.166666666666667,0.193333333333333,0.286666666666667,0.333333333333333,0.4,0.506666666666667,0.54,0.686666666666667,0.74,0.813333333333333,0.746666666666666,0.733333333333334,0.653333333333334,0.526666666666667,0.46,0.353333333333333,0.246666666666667,0.186666666666667,0.153333333333333,0.0866666666666667,0.146666666666667,0.0866666666666667,0.0333333333333333,0.0333333333333333,0.02,0.00666666666666667,0.02,0.0533333333333333,0.00666666666666667,0,0.00666666666666667,0,0.00666666666666667,0.00666666666666667,0,0,0,0.00666666666666667,0,0,0,0,0,0,0,0,0,0,0,0,0.0333333333333333,0.00666666666666667,0.00666666666666667,0,0,0.00666666666666667,0,0.00666666666666667,0.0133333333333333,0.0133333333333333,0.0133333333333333,0,0.02,0.02,0.00666666666666667,-1,-1,-1,-1,-1,-1,-1,-1,-1,-1,-1,-1,-1,-1,-1,-1,-1,0.16,0.166666666666667,0.146666666666667,-1,-1,-1,-1,-1,0.213333333333333,0.22,0.213333333333333,0.24,0.186666666666667,0.193333333333333,-1,0.153333333333333,0.2,0.193333333333333,0.14,0.0933333333333333,0.153333333333333,0.0866666666666666,0.0933333333333334,0.14,0.08,0.0933333333333333,0.1,0.06,0.0866666666666667,0.0733333333333333,0.08,0.08,0.1,0.0866666666666667,0.0733333333333334,0.0466666666666667,0.106666666666667,0.04,0.1,0.1,0.0533333333333334,0.1,0.00666666666666667,0.04,0.00666666666666667,0.0133333333333333,0.02,0.0133333333333333,0,0,0,0,0,0,0,-1,-1,-1,-1,-1,-1,-1,0,0,0,-1,-1,-1,-1,-1,-1,-1,-1,-1,0,0,0,0,0,0,0,0,0,0,0
0,0,0,0,0,0,0.00666666666666667,0,0,0,0,0,0.00666666666666667,0,0,0.00666666666666667,0,0.02,0.00666666666666667,0.0133333333333333,0.00666666666666667,0.0133333333333333,0.0266666666666667,0.0133333333333333,0.02,0.0333333333333333,0.0533333333333333,0.0133333333333333,0.06,0.0333333333333333,0.0866666666666667,0.133333333333333,0.106666666666667,0.126666666666667,0.233333333333334,0.253333333333333,0.28,0.306666666666667,0.42,0.513333333333333,0.526666666666667,0.626666666666667,0.606666666666667,0.64,0.64,0.56,0.526666666666667,0.4,0.306666666666667,0.2,0.18,0.16,0.1,0.0933333333333333,0.04,0.06,0.0466666666666667,0.02,0.00666666666666667,0.0133333333333333,0.02,0.00666666666666667,0.0133333333333333,0,0,0,0,0,0,0,0,0,0,0,0,0,0,0,0,0,0,0,0,0.02,0.0266666666666667,0.0133333333333333,0.00666666666666667,0.0133333333333333,0.0333333333333333,0.0133333333333333,0.0133333333333333,0.02,0.0133333333333333,0.0133333333333333,0.0133333333333333,0.0133333333333333,0.02,0.0133333333333333,-1,-1,-1,-1,-1,-1,-1,-1,-1,-1,-1,-1,-1,-1,-1,-1,-1,0.2,0.18,0.133333333333333,0.133333333333333,0.166666666666667,-1,-1,-1,-1,-1,-1,0.186666666666667,0.186666666666667,0.18,0.126666666666667,0.173333333333333,0.173333333333333,0.14,0.153333333333333,0.14,0.0666666666666667,0.12,0.0666666666666666,0.106666666666667,0.0866666666666667,0.106666666666667,0.0933333333333333,0.0666666666666667,0.06,0.04,0.0666666666666667,0.0666666666666667,0.0666666666666667,0.0733333333333333,0.1,0.0533333333333333,0.04,0.0333333333333333,0.0533333333333334,0.0266666666666667,0.00666666666666667,0.02,0.02,0.0133333333333333,0.0133333333333333,0.00666666666666668,-1,-1,0,0,0,0,0,0,0,0,0,-1,-1,-1,-1,-1,-1,-1,0,0,0,-1,-1,-1,-1,-1,-1,-1,-1,-1,0,0,0,0,0,0,0,0,0
0,0,0,0,0,0,0.00666666666666667,0,0,0,0,0,0,0,0.00666666666666667,0,0.0133333333333333,0,0.02,0,0.00666666666666668,0,0.0133333333333333,0.0133333333333333,0.02,0.0466666666666667,0.02,0.0333333333333333,0.0533333333333334,0.0333333333333333,0.04,0.0866666666666667,0.0533333333333334,0.126666666666667,0.22,0.2,0.286666666666667,0.253333333333333,0.273333333333334,0.386666666666667,0.373333333333333,0.486666666666667,0.513333333333334,0.44,0.48,0.413333333333333,0.366666666666667,0.293333333333333,0.26,0.24,0.146666666666667,0.106666666666667,0.0866666666666667,0.0933333333333333,0.04,0.0466666666666667,0.0133333333333333,0.00666666666666668,0.0133333333333333,0.02,0.0266666666666667,0.0333333333333333,0.0133333333333333,0.00666666666666667,0,0.00666666666666667,0.0133333333333333,0.00666666666666667,0.00666666666666667,0.0133333333333333,0,0,0,0,0,0,0,0,0,0,0,0,0,0,0.02,0.00666666666666667,0.0133333333333333,0.00666666666666667,0.00666666666666667,0.00666666666666667,0.00666666666666667,0.02,0.0133333333333333,0.00666666666666667,0.02,0,0.00666666666666667,0.04,0.0133333333333333,0.02,0.02,0.0333333333333333,0.02,0.0266666666666667,0.0533333333333333,0.02,0.0266666666666667,-1,-1,-1,-1,-1,-1,-1,-1,-1,0.133333333333333,0.16,0.186666666666667,0.193333333333333,0.153333333333333,0.16,-1,-1,-1,-1,-1,-1,0.166666666666667,0.133333333333333,0.2,0.166666666666667,0.186666666666667,0.133333333333333,0.113333333333333,0.113333333333333,0.0933333333333333,0.08,0.1,0.0933333333333333,0.08,0.0866666666666667,0.0666666666666667,0.106666666666667,0.0533333333333333,0.0733333333333333,0.0666666666666667,0.0533333333333334,0.0933333333333334,0.0333333333333333,0.08,0.06,0.0666666666666666,0,0,0,0,0,0,0,-1,-1,0,-1,-1,0,0,0,0,0,-1,-1,0,0,-1,-1,-1,-1,-1,-1,-1,0,0,0,-1,-1,-1,-1,-1,-1,-1,-1,-1,0,0,0,0,0,0,0
0,0,0,0,0,0,0.0133333333333333,0,0,0,0,0,0.00666666666666668,0,0,0.00666666666666667,0.00666666666666667,0.00666666666666667,0,0,0.00666666666666667,0.0133333333333333,0.0133333333333333,0.0266666666666667,0.0266666666666667,0.04,0.02,0.0466666666666667,0.04,0.04,0.0866666666666667,0.0933333333333334,0.0933333333333333,0.113333333333333,0.133333333333333,0.14,0.206666666666667,0.233333333333333,0.28,0.346666666666667,0.366666666666667,0.333333333333333,0.286666666666667,0.38,0.306666666666667,0.38,0.266666666666667,0.206666666666667,0.24,0.2,0.16,0.0733333333333334,0.146666666666667,0.0533333333333333,0.04,0.0533333333333333,0.0466666666666667,0.02,0.0333333333333333,0.00666666666666667,0,0.0133333333333333,0.00666666666666667,0,0.00666666666666667,0.0133333333333333,0.00666666666666667,0,0,0.0133333333333333,0,0,0,0,0,0,0,0,0,0,0,0,0,0,0.0333333333333333,0.00666666666666667,0.00666666666666667,0.00666666666666667,0.00666666666666667,0,0.02,0.00666666666666667,0.0133333333333333,0.0333333333333333,0.0133333333333333,0,0.02,0.0333333333333333,0.00666666666666667,0,0.0133333333333333,0.04,0.0133333333333333,0.06,0.0133333333333333,0.0333333333333333,0.06,-1,-1,-1,-1,-1,-1,-1,-1,-1,0.06,0.113333333333333,0.14,0.18,0.146666666666667,0.2,0.146666666666667,0.186666666666667,-1,-1,-1,-1,-1,-1,-1,-1,-1,-1,-1,0.146666666666667,0.0866666666666667,0.06,0.0933333333333333,0.06,0.0733333333333333,0.0666666666666667,0.04,0.0533333333333333,0.0733333333333333,0.0666666666666666,0.04,0.0333333333333333,0.0333333333333333,0.06,0,0,0,0,0,0,0,0,0,0.0133333333333333,-1,0,-1,-1,0,-1,0,-1,0,0,0,-1,-1,0,0,0,-1,-1,-1,-1,0,0,0,0,0,0,-1,-1,-1,-1,-1,-1,-1,-1,-1,0,0,0,0,0
0,0,0,0,0.00666666666666668,0,0,0,0,0,0,0,0,0.00666666666666667,0,0.0133333333333333,0,0.00666666666666667,0.00666666666666667,0.0133333333333333,0.0133333333333333,0.00666666666666667,0.0133333333333333,0.00666666666666667,0.00666666666666667,0.02,0.02,0.04,0.0333333333333333,0.0733333333333333,0.0933333333333334,0.0733333333333333,0.133333333333333,0.126666666666667,0.146666666666667,0.133333333333333,0.186666666666667,0.186666666666667,0.186666666666667,0.22,0.253333333333334,0.32,0.326666666666667,0.293333333333333,0.266666666666667,0.28,0.18,0.173333333333333,0.18,0.12,0.0733333333333334,0.0866666666666666,0.0733333333333334,0.0533333333333333,0.0266666666666667,0,0.0266666666666667,0.0266666666666667,0.00666666666666667,0.00666666666666667,0.04,0.00666666666666667,0.00666666666666667,0,0.00666666666666667,0,0,0,0.00666666666666668,0,0,0,0,0,0,0,0,0,0,0,0,0,0,0,0,0.0133333333333333,0,0.00666666666666667,0.0133333333333333,0.0133333333333333,0.0133333333333333,0.00666666666666667,0,0.02,0.0266666666666667,0.0266666666666667,0.0133333333333333,0.02,0.00666666666666668,0.0266666666666667,0.02,0.0266666666666667,0.02,0.0266666666666667,0.0266666666666667,0.02,0.04,-1,-1,-1,-1,-1,-1,-1,-1,-1,0.0733333333333334,0.04,0.126666666666667,0.0266666666666667,0.153333333333333,0.153333333333333,0.153333333333333,0.186666666666667,0.153333333333333,0.153333333333333,-1,-1,0.126666666666667,-1,-1,-1,-1,-1,-1,0.166666666666667,0.1,0.0666666666666667,0.0533333333333333,0.113333333333333,0.0666666666666667,0.0866666666666667,0.0533333333333334,0.08,0.04,0.0466666666666667,0.0733333333333333,0,0.00666666666666667,0,0,0,0,0,0,0,0,0,0.00666666666666667,0,0.00666666666666667,0,-1,0,-1,-1,0,-1,-1,-1,0,0,0,0,0,0,0,0,-1,0,0,0,0,0,0,0,0,0,-1,-1,-1,-1,-1,-1,-1,-1,0,0,0,0
0,0,0,0,0,0,0,0.00666666666666667,0,0.00666666666666667,0,0,0,0.00666666666666667,0,0,0,0.02,0,0.0133333333333333,0.0133333333333333,0,0.0133333333333333,0.0266666666666667,0.0133333333333333,0.00666666666666667,0.0466666666666667,0.06,0.0333333333333333,0.0733333333333333,0.0266666666666667,0.0533333333333334,0.0733333333333333,0.06,0.14,0.14,0.16,0.153333333333333,0.166666666666667,0.24,0.2,0.2,0.213333333333334,0.193333333333333,0.273333333333333,0.226666666666667,0.186666666666667,0.146666666666667,0.12,0.08,0.1,0.0866666666666667,0.0933333333333333,0.00666666666666667,0.04,0.02,0.02,0.0266666666666667,0.0133333333333333,0,0.0133333333333333,0.00666666666666667,0.00666666666666667,0,0,0,0,0.00666666666666667,0.0133333333333333,0,0,0,0,0,0,0,0,0,0,0,0,0,0,0,0,0.00666666666666667,0.00666666666666667,0,0.00666666666666667,0.0133333333333333,0,0.00666666666666667,0,-1,-1,-1,-1,-1,-1,-1,-1,-1,-1,-1,0.0133333333333333,0.0266666666666667,0.0266666666666667,0.06,0.0266666666666667,0.04,0.0133333333333333,0.0333333333333333,0.02,0.0466666666666667,0.02,0.06,0.0266666666666667,0.0666666666666667,0.06,0.0466666666666667,0.0466666666666667,0.0533333333333334,0.0466666666666667,0.06,0.106666666666667,0.0666666666666667,0.133333333333333,0.0866666666666667,0.153333333333333,0.153333333333333,0.1,0.12,0.126666666666667,0.0866666666666667,0.146666666666667,0.146666666666667,0.126666666666667,0.106666666666667,0.113333333333333,0.0733333333333333,0.0533333333333333,0.0933333333333333,0.0866666666666667,0,0,0,0,0,0,0,0,0,0,0,0,0,0,0,0,0,0,0,0,0,-1,0,-1,-1,-1,-1,0,0,0,0,0,0,0,0,0,0,0,0,0,0,0,0,0,0,0,0,0,-1,-1,-1,-1,0,0,0,0,0
0,0,0,0,0,0,0,0,0,0,0.00666666666666667,0,0,0,0,0.00666666666666667,0.00666666666666667,0.00666666666666667,0,0.00666666666666667,0.00666666666666667,0,0.0133333333333333,0.0266666666666667,0.00666666666666667,0,0.00666666666666667,0.02,0.02,0.0266666666666667,0.0533333333333334,0.0333333333333333,0.1,0.113333333333333,0.08,0.106666666666667,0.113333333333333,0.12,0.146666666666667,0.126666666666667,0.133333333333333,0.12,0.173333333333333,0.133333333333333,0.126666666666667,0.153333333333333,0.0933333333333333,0.06,0.113333333333333,0.0666666666666666,0.0866666666666667,0.0466666666666667,0.0666666666666666,0.0666666666666667,0.0266666666666667,0.0266666666666667,0.04,0.02,0.0133333333333333,0.00666666666666667,0.0133333333333333,0,0,0.00666666666666667,0,0,0,0.00666666666666667,0.00666666666666668,0.00666666666666667,0,0,0.00666666666666667,0,0.00666666666666667,0,0.00666666666666667,0,0,0,0,0,0,0,0,0,0.00666666666666667,0,0,0.00666666666666667,0.0133333333333333,0.00666666666666667,0,-1,-1,-1,-1,-1,-1,-1,-1,-1,-1,-1,0.0466666666666667,-1,-1,-1,-1,-1,-1,-1,-1,-1,0.0533333333333333,0.06,0.0533333333333333,0.06,0.04,0.0266666666666667,0.04,0.06,0.0333333333333333,0.06,0.02,0.0333333333333333,0.06,0.04,0.0533333333333334,0.06,0.00666666666666667,0.0866666666666667,0.00666666666666667,0.0466666666666666,0.04,0.0533333333333334,0.02,0.00666666666666667,0.00666666666666667,0,0,0,0,0,0,0,0,0,0.00666666666666667,0,0,0,0,0,0,0,0,0,0,0,0,0,0,0,0,-1,-1,-1,-1,0,-1,0,0,0,0,0,0,0,0,0,0,0,0,0,0,0,0,0,0,0,0,0,0,-1,-1,0,0,0,0,0
0,0,0,0,0,0,0.00666666666666667,0,0,0,0,0,0,0,0,0,0.00666666666666667,0.00666666666666667,0,0.00666666666666667,0.02,0,0.00666666666666667,0.00666666666666667,0.00666666666666667,0.0133333333333333,0.02,0.02,0.02,0.0133333333333333,0.0266666666666667,0.0533333333333334,0.0266666666666667,0.0466666666666667,0.0466666666666667,0.0866666666666667,0.106666666666667,0.0666666666666667,0.08,0.106666666666667,0.0866666666666667,0.106666666666667,0.146666666666667,0.133333333333333,0.146666666666667,0.133333333333333,0.0866666666666667,0.0866666666666666,0.0733333333333333,0.14,0.0333333333333333,0.0466666666666667,0.0466666666666667,0.0333333333333333,0.0533333333333333,0.0266666666666667,0.0266666666666667,0.02,0.00666666666666667,0,0.00666666666666667,0.0133333333333333,0.00666666666666667,0,0.00666666666666667,0,0,0.0133333333333333,0.00666666666666667,0,0,0,0.00666666666666667,0,0,0,0,0,0,0,0,0,0,0,0,0,0,0,0.00666666666666667,0,0.00666666666666667,0.0133333333333333,0,-1,-1,-1,-1,-1,-1,-1,-1,-1,-1,-1,0.0266666666666667,-1,-1,-1,-1,-1,-1,-1,-1,-1,0.04,0.0333333333333333,0.02,0.0266666666666667,0.0466666666666667,0.0333333333333333,0.0466666666666667,0.04,0.0466666666666667,0.0466666666666667,0.02,0.04,0.0333333333333333,0.0666666666666667,0.04,0.02,0.0266666666666667,0.0333333333333333,0.0533333333333333,0.0466666666666667,0.0533333333333334,0.0133333333333333,0.02,0.02,0.0466666666666667,0,0,0,0,0,0,0,0,0.00666666666666667,-1,-1,-1,0.0133333333333333,0.00666666666666667,0,0.00666666666666668,0,0,0,0,0,0,0,0,0,0,0,0,-1,-1,-1,-1,0,0,0,0,0,0,0,0,0,0,0,0,0,0,0,0,0,0,0,0,0,0,0,0,0,0,0,0,0
