0.813333333333333,0.82,0.866666666666666,0.853333333333333,0.846666666666666,0.899999999999999,0.926666666666667,0.913333333333333,0.92,0.893333333333333,0.9,0.946666666666667,-1,0.933333333333333,0.973333333333333,0.926666666666666,0.953333333333334,0.933333333333333,0.913333333333333,0.926666666666666,-1,-1,-1,-1,-1,-1,0.92,-1,-1,-1,-1,-1,0.953333333333333,0.88,-1,0.9,0.873333333333333,0.84,0.8,0.793333333333333,0.86,0.88,0.766666666666667,0.866666666666667,0.84,0.826666666666667,0.8,0.74,-1,0.793333333333333,0.766666666666667,0.826666666666667,0.713333333333333,0.76,0.773333333333334,0.326666666666666,0.373333333333333,0.24,0.213333333333333,0.193333333333333,0.253333333333333,0.24,0.24,0.233333333333333,0.293333333333333,0.24,0.213333333333333,0.22,0.24,0.253333333333333,0.293333333333334,0.22,0.186666666666667,0.193333333333333,0.16,0.153333333333333,0,0,0,0,0,0,0,0,0,0,0,0,0,0,0,0,0,0,0,0,0,0,0,0,0,0,0,0,0,-1,-1,-1,-1,-1,-1,-1,-1,0,0,0,0,0,0,0,0,0,0,0,0,0,0,0,0,0,0,0,0,0,0,0,0,0,0,0,-1,-1,-1,0,0,0,0,0,0,0,0,0,0,0,0,0,0,0,0,0,0,0,0,0,0,0,0,0,0,0,0,0,0,0,0,0,0,0,0,0,0,0,0,0,0,0,0,0,0,0,0,0,0,0,0,0,0,0,0,0
0.866666666666667,0.886666666666666,0.833333333333334,0.833333333333333,0.846666666666666,0.886666666666667,0.846666666666666,0.893333333333333,0.9,0.886666666666666,0.913333333333333,0.966666666666667,-1,0.933333333333333,0.98,0.973333333333333,-1,-1,-1,-1,-1,-1,-1,-1,-1,-1,0.92,-1,-1,-1,-1,-1,-1,-1,-1,-1,-1,-1,-1,0.86,0.866666666666666,0.833333333333333,0.813333333333333,0.84,0.84,0.813333333333333,0.84,0.786666666666667,0.793333333333334,0.773333333333333,0.78,0.766666666666667,0.693333333333333,0.713333333333333,0.693333333333334,0.3,0.3,0.313333333333333,0.34,0.273333333333333,0.213333333333333,0.3,0.28,0.246666666666667,0.28,0.26,0.24,0.226666666666667,-1,0.22,0.266666666666667,0.273333333333333,-1,-1,-1,-1,-1,-1,-1,0,0,0,0,0,0,0,0,0,0,0,0,0,0,0,0,0,0,0,0,0,0,0,0,0,0,-1,-1,-1,-1,-1,-1,-1,-1,-1,-1,-1,-1,-1,-1,-1,-1,-1,-1,0,0,0,0,0,0,0,0,0,0,0,0,0,0,-1,-1,-1,-1,-1,-1,0,0,-1,0,0,0,0,0,0,0,0,0,0,0,0,0,0,0,0,0,0,0,0,0,0,0,0,0,0,0,0,0,0,0,0,0,0,0,0,0,0,0,0,0,0,0,0,0,0,0,0,0,0,0,0,0,0
0.853333333333333,0.88,0.88,0.84,0.913333333333333,0.92,0.906666666666667,0.94,0.893333333333333,0.94,0.933333333333333,0.953333333333333,-1,0.966666666666667,0.993333333333333,0.96,-1,-1,-1,-1,0.966666666666667,0.94,0.926666666666667,0.953333333333333,-1,0.9,0.926666666666666,-1,-1,-1,0.886666666666666,0.933333333333333,0.9,-1,-1,-1,-1,-1,-1,-1,-1,-1,-1,0.853333333333333,0.86,-1,0.813333333333333,0.773333333333333,0.74,0.746666666666667,0.793333333333333,-1,0.853333333333333,0.753333333333333,0.713333333333333,0.413333333333333,0.26,0.32,0.28,0.293333333333333,0.286666666666667,0.3,0.253333333333333,0.26,0.36,0.293333333333333,0.2,0.206666666666667,0.253333333333333,0.186666666666667,0.266666666666667,-1,-1,-1,-1,-1,-1,-1,-1,-1,-1,-1,-1,-1,-1,-1,-1,-1,-1,-1,0,0,0,0,0,0,0,0,0,0,0,0,0,0,0,0,-1,-1,-1,-1,-1,-1,-1,-1,-1,-1,-1,-1,-1,-1,-1,-1,-1,0,0,0,0,0,0,-1,-1,-1,-1,0,0,0,0,-1,-1,-1,-1,-1,-1,0,0,-1,-1,0,0,0,0,0,0,0,0,0,0,0,0,0,0,0,0,0,0,0,0,0,0,0,0,0,0,0,0,0,0,0,0,0,0,0,0,0,0,0,0,0,0,0,0,0,0,0,0,0,0,0,0,0
0.853333333333333,0.839999999999999,0.866666666666667,0.886666666666667,0.9,0.92,0.926666666666667,0.926666666666666,0.973333333333333,0.953333333333333,0.94,0.986666666666667,-1,0.966666666666667,0.993333333333333,0.966666666666667,-1,-1,-1,-1,0.98,0.893333333333333,0.94,0.9,0.92,0.926666666666666,0.953333333333333,-1,-1,-1,-1,-1,-1,-1,-1,-1,-1,-1,0.913333333333333,-1,-1,-1,-1,-1,-1,-1,-1,0.846666666666667,0.82,0.833333333333333,0.82,-1,-1,-1,-1,-1,-1,-1,-1,0.273333333333333,0.293333333333333,0.306666666666667,0.3,0.233333333333333,0.26,0.26,0.366666666666667,0.186666666666667,0.226666666666667,0.226666666666667,0.193333333333333,-1,-1,-1,-1,-1,-1,-1,-1,-1,-1,-1,-1,-1,-1,-1,-1,-1,-1,-1,0,0,0,0,0,0,0,0,0,0,0,0,0,0,0,0,0,0,0,0,0,0,0,0,0,0,0,0,0,0,0,0,-1,0,0,0,0,0,0,-1,-1,-1,-1,0,0,0,0,-1,-1,-1,-1,-1,-1,-1,-1,-1,-1,0,0,0,0,0,0,0,0,0,0,0,0,0,0,0,0,0,0,0,0,0,0,0,0,0,0,0,0,0,0,0,0,0,0,0,0,0,0,0,0,0,0,0,0,0,0,0,0,0,0,0,0,0
0.853333333333333,0.873333333333334,0.88,0.88,0.926666666666666,0.88,0.9,0.94,0.946666666666666,0.94,0.98,0.960000000000001,-1,0.993333333333333,1,0.946666666666666,-1,-1,-1,-1,0.946666666666667,-1,-1,-1,-1,-1,0.953333333333333,-1,-1,-1,-1,-1,-1,-1,-1,-1,-1,-1,0.886666666666667,-1,-1,-1,-1,-1,-1,-1,-1,0.766666666666667,0.82,0.786666666666667,0.773333333333333,0.733333333333333,0.74,0.726666666666667,-1,-1,-1,-1,-1,0.32,0.313333333333333,0.26,0.273333333333334,-1,-1,-1,-1,-1,0.226666666666667,0.213333333333333,0.193333333333333,0.193333333333333,0.246666666666667,-1,-1,-1,0.14,0.226666666666667,0,0,-1,-1,-1,-1,-1,-1,-1,-1,-1,0,0,-1,-1,-1,-1,0,0,0,0,0,0,0,0,0,0,0,0,0,0,0,0,0,0,0,0,0,0,0,0,0,0,0,0,0,0,0,0,0,0,0,0,0,0,0,0,0,0,-1,-1,-1,-1,-1,-1,-1,-1,-1,-1,0,0,0,0,0,0,0,0,0,0,0,0,0,0,0,0,0,0,0,0,0,0,0,0,0,0,0,0,0,0,0,0,0,0,0,0,0,0,0,0,0,0,0,0,0,0,0,0,0,0,0,0,0
0.853333333333333,0.913333333333333,0.913333333333333,0.9,0.926666666666667,0.966666666666667,0.94,0.94,0.973333333333333,0.98,0.966666666666667,0.986666666666667,-1,0.98,1,0.973333333333333,-1,-1,-1,-1,0.973333333333333,0.966666666666667,0.933333333333333,0.953333333333333,-1,-1,0.893333333333333,0.933333333333333,0.926666666666666,0.906666666666666,0.926666666666666,0.953333333333333,0.926666666666666,0.9,0.906666666666667,0.94,-1,-1,0.92,-1,-1,0.92,0.9,0.846666666666667,0.84,-1,-1,0.833333333333333,0.88,0.793333333333333,0.813333333333333,0.84,0.813333333333334,0.846666666666666,0.793333333333333,0.793333333333333,0.34,0.34,0.32,0.266666666666667,0.333333333333333,0.306666666666667,0.373333333333333,0.28,0.193333333333333,0.233333333333333,-1,-1,0.226666666666667,0.206666666666667,0.26,0.22,0.26,0.2,0.22,0.186666666666667,0.22,0.193333333333333,0,0,0,0,0,0,0,0,0,0,0,0,0,0,-1,-1,-1,0,0,0,0,0,0,0,0,-1,0,0,0,0,0,0,0,0,0,0,0,0,0,0,0,0,0,0,0,0,0,0,0,0,-1,-1,-1,-1,-1,0,0,0,0,0,0,0,0,0,0,0,0,0,0,0,0,0,0,0,0,0,0,0,0,0,0,0,0,0,0,0,0,0,0,0,0,0,0,0,0,0,0,0,0,0,0,0,0,0,0,0,0,0,0,0,0,0,0,0,0,0,0,0,0,0,0,0
0.853333333333333,0.866666666666667,0.906666666666667,0.866666666666667,0.866666666666666,0.946666666666666,0.946666666666667,0.953333333333333,0.96,0.933333333333333,0.993333333333333,-1,-1,0.993333333333333,1,0.973333333333333,0.993333333333333,0.933333333333333,0.946666666666667,0.973333333333333,0.933333333333333,0.98,0.94,0.953333333333333,-1,-1,0.9,0.986666666666667,0.986666666666667,0.98,0.98,0.986666666666667,0.986666666666667,0.986666666666667,0.966666666666667,0.926666666666666,0.933333333333333,0.953333333333333,-1,-1,-1,-1,0.88,0.84,0.873333333333333,0.906666666666667,0.88,0.88,0.806666666666667,-1,0.86,0.78,0.746666666666667,0.686666666666666,0.773333333333333,0.78,0.38,0.366666666666667,0.346666666666667,0.333333333333333,0.346666666666667,0.24,0.2,0.233333333333333,0.293333333333333,0.28,0.213333333333333,0.246666666666667,0.28,0.173333333333333,0.206666666666667,0.186666666666667,0.213333333333333,-1,-1,-1,-1,-1,-1,0,0,0,0,0,-1,-1,-1,-1,-1,-1,-1,-1,-1,-1,-1,-1,-1,0,0,0,0,0,0,0,-1,-1,-1,-1,-1,-1,-1,-1,-1,-1,-1,-1,-1,-1,-1,0,0,0,0,0,0,0,0,0,-1,-1,-1,-1,-1,0,0,0,0,0,0,0,0,0,0,0,0,0,0,0,0,0,0,0,0,0,0,0,0,0,0,0,0,0,0,0,0,0,0,0,0,0,0,0,0,0,0,0,0,0,0,0,0,0,0,0,0,0,0,0,0,0,0,0,0,0,0,0,0,0,0,0
0.88,0.873333333333333,0.92,0.906666666666667,0.886666666666666,0.933333333333333,0.94,0.946666666666667,0.966666666666667,-1,-1,-1,-1,1,1,1,-1,-1,-1,0.973333333333333,1,0.973333333333333,0.993333333333333,0.98,0.973333333333333,0.986666666666667,0.966666666666667,1,0.993333333333333,0.96,0.986666666666667,0.98,0.986666666666667,0.986666666666667,1,0.986666666666667,0.993333333333333,0.993333333333333,-1,-1,-1,0.933333333333333,0.933333333333333,0.88,0.873333333333333,0.873333333333333,0.893333333333333,0.84,0.9,0.84,-1,-1,-1,-1,-1,-1,0.373333333333333,0.353333333333333,0.373333333333333,0.26,0.34,0.306666666666667,0.34,0.313333333333333,0.266666666666667,0.273333333333334,0.273333333333333,0.266666666666667,0.273333333333334,0.193333333333333,0.166666666666667,0.24,0.22,-1,-1,-1,-1,-1,-1,-1,-1,-1,-1,0,-1,-1,-1,-1,-1,-1,-1,-1,-1,-1,-1,-1,-1,0,0,0,0,0,0,-1,-1,-1,-1,-1,-1,-1,-1,-1,-1,-1,-1,-1,-1,-1,-1,-1,-1,-1,0,0,0,0,0,0,0,0,0,0,0,0,0,0,0,0,0,0,0,0,0,0,0,0,0,0,0,0,0,0,0,0,0,0,0,0,0,0,0,0,0,0,0,0,0,0,0,0,0,0,0,0,0,0,0,0,0,0,0,0,0,0,0,0,0,0,0,0,0,0,0,0,0,0,0,0,0,0
0.833333333333334,0.853333333333333,0.92,0.953333333333333,0.9,0.946666666666667,0.946666666666667,0.933333333333333,0.973333333333333,-1,-1,-1,1,1,1,0.993333333333333,-1,-1,-1,0.973333333333333,1,0.993333333333333,0.993333333333333,1,1,0.98,0.98,0.973333333333333,0.993333333333333,0.98,1,0.973333333333333,0.993333333333333,0.986666666666667,1,0.98,0.993333333333333,0.993333333333333,-1,-1,-1,-1,-1,-1,0.893333333333333,0.873333333333333,-1,0.84,0.86,0.826666666666667,-1,-1,-1,-1,-1,-1,-1,-1,0.346666666666667,0.306666666666667,0.32,0.346666666666666,-1,-1,0.3,0.22,0.266666666666667,0.206666666666666,0.24,0.24,0.246666666666667,0.286666666666667,-1,-1,-1,-1,-1,-1,-1,-1,-1,-1,-1,0,0,0,0,0,0,0,0,0,0,0,0,0,0,0,0,0,0,0,0,0,0,0,0,0,0,0,0,0,0,0,-1,-1,-1,-1,-1,-1,-1,-1,0,0,0,0,0,0,-1,-1,-1,-1,-1,-1,-1,0,-1,-1,-1,-1,0,0,-1,-1,-1,-1,-1,-1,-1,-1,-1,-1,0,0,0,0,0,0,0,0,0,0,0,0,0,0,0,0,0,0,0,0,0,0,0,0,0,0,0,0,0,0,0,0,0,0,0,0,0,0,0,0,0,0,0,0,0,0,0,0
0.886666666666667,0.933333333333333,0.88,0.946666666666667,0.926666666666666,0.96,0.926666666666666,0.946666666666667,0.953333333333333,-1,-1,-1,0.993333333333333,1,1,1,-1,-1,-1,0.953333333333334,0.953333333333334,0.993333333333333,0.993333333333333,0.973333333333333,0.993333333333333,1,0.993333333333333,0.96,0.98,0.986666666666667,0.986666666666667,0.993333333333333,0.993333333333333,0.986666666666667,1,1,0.98,0.993333333333333,-1,-1,-1,-1,-1,-1,0.906666666666667,-1,-1,0.84,0.86,-1,-1,-1,-1,0.82,0.693333333333333,0.726666666666667,0.413333333333333,-1,0.366666666666667,0.353333333333333,0.3,0.306666666666667,-1,-1,-1,-1,-1,-1,0.2,0.12,0.246666666666667,0.2,0.22,0.2,0.22,0.193333333333333,-1,-1,-1,-1,-1,-1,-1,0,0,0,0,0,0,0,-1,-1,0,0,0,0,0,0,0,0,0,0,-1,-1,-1,-1,-1,-1,-1,0,0,-1,-1,-1,-1,-1,-1,-1,-1,-1,-1,-1,0,0,0,0,0,0,-1,-1,-1,-1,-1,-1,-1,0,-1,-1,-1,-1,-1,0,-1,-1,-1,-1,-1,-1,-1,-1,-1,-1,0,0,0,0,0,0,0,0,0,0,0,0,0,0,0,0,0,0,0,0,0,0,0,0,0,0,0,0,0,0,0,0,0,0,0,0,0,0,0,0,0,0,0,0,0,0,0,0
0.913333333333333,0.826666666666667,0.92,0.9,0.94,0.98,0.906666666666667,0.966666666666667,-1,-1,-1,0.993333333333333,0.986666666666667,1,1,0.973333333333333,-1,-1,-1,0.96,-1,0.96,0.993333333333333,0.986666666666667,0.993333333333333,0.993333333333333,0.98,1,0.98,0.973333333333333,0.993333333333333,0.993333333333333,0.993333333333333,1,1,1,0.986666666666667,0.993333333333333,0.973333333333333,0.986666666666667,0.973333333333333,0.96,0.946666666666666,0.926666666666666,0.893333333333333,0.86,0.846666666666666,0.866666666666667,0.84,-1,-1,-1,-1,0.82,0.766666666666667,0.82,0.353333333333333,-1,0.36,0.26,0.333333333333333,0.326666666666667,0.266666666666667,0.286666666666667,0.273333333333333,0.3,0.233333333333333,-1,0.2,0.253333333333333,0.233333333333333,0.266666666666667,0.206666666666667,0.22,0.24,0.213333333333333,0.213333333333333,0.14,0.153333333333333,0,0,0,0,0,0,0,-1,-1,-1,-1,-1,-1,0,-1,-1,-1,-1,0,0,0,0,0,0,0,0,0,0,0,0,0,-1,-1,-1,-1,-1,-1,-1,-1,-1,-1,-1,-1,0,0,0,0,0,0,0,0,0,0,0,0,0,0,0,0,0,0,0,0,-1,0,0,0,0,0,0,0,0,0,0,0,0,0,0,0,0,0,0,0,0,0,0,0,0,0,0,0,0,0,0,0,0,0,0,0,0,0,0,0,0,0,0,0,0,0,0,0,0,0,0,0,0,0,0,0,0,0
0.833333333333333,0.906666666666667,0.913333333333333,0.853333333333333,0.913333333333334,0.906666666666667,0.966666666666667,0.933333333333333,0.966666666666667,0.973333333333333,0.973333333333333,1,1,1,1,0.986666666666667,-1,-1,-1,0.993333333333333,0.98,0.96,0.973333333333333,0.973333333333333,0.953333333333333,0.993333333333333,0.986666666666667,0.986666666666667,0.98,0.986666666666667,1,0.993333333333333,1,0.993333333333333,1,0.993333333333333,1,1,1,0.993333333333333,0.96,-1,-1,-1,0.953333333333333,0.893333333333334,0.92,0.873333333333333,0.899999999999999,0.919999999999999,0.866666666666666,0.813333333333334,-1,-1,-1,-1,-1,-1,0.373333333333333,0.333333333333333,0.36,0.386666666666667,0.34,0.266666666666667,0.26,0.253333333333333,0.266666666666667,0.206666666666667,0.26,0.28,0.26,0.16,0.173333333333333,0.18,0.246666666666667,0.213333333333333,0.166666666666667,0.173333333333333,0.14,0.126666666666667,0,0,0,0,0,0,0,0,-1,0,0,0,0,0,-1,-1,-1,0,0,0,0,0,0,0,0,0,0,0,0,0,0,0,0,0,0,0,0,0,0,0,0,0,0,0,0,0,0,0,-1,0,0,0,0,0,0,0,0,0,0,0,0,0,-1,-1,-1,-1,-1,-1,-1,-1,-1,-1,-1,-1,-1,-1,0,0,0,0,0,0,0,0,0,0,0,0,0,0,0,0,0,0,0,0,0,0,0,0,0,0,0,0,0,0,0,0,0,0,0,0,0,0,0,0,0,0,0,0
0.9,0.92,0.86,0.853333333333333,0.96,0.94,0.926666666666667,0.913333333333333,0.966666666666667,0.993333333333333,0.98,1,0.993333333333333,1,1,0.98,-1,-1,-1,0.98,0.94,0.933333333333333,0.926666666666667,0.94,0.94,0.966666666666667,1,1,0.993333333333333,0.993333333333333,0.993333333333333,1,1,1,1,1,1,1,0.98,0.966666666666667,0.966666666666666,-1,-1,0.94,0.913333333333333,0.906666666666667,0.893333333333334,0.886666666666667,0.826666666666667,0.873333333333333,0.813333333333333,0.82,0.76,0.826666666666667,0.793333333333334,0.786666666666667,0.46,0.293333333333333,0.393333333333333,0.353333333333334,0.366666666666667,0.326666666666666,0.313333333333333,0.286666666666667,0.313333333333333,0.253333333333333,0.26,0.313333333333333,0.3,0.213333333333333,0.173333333333333,0.2,0.206666666666667,0.193333333333333,0.22,0.193333333333333,0.18,0.193333333333333,0.186666666666667,0.166666666666667,0,0,0,0,0,0,0,0,0,0,0,0,0,0,0,0,0,0,0,0,0,-1,-1,-1,-1,-1,-1,-1,0,0,0,-1,-1,-1,0,0,0,0,0,0,0,0,0,0,0,0,0,0,-1,-1,-1,-1,-1,-1,-1,0,0,0,0,0,0,0,-1,-1,-1,-1,-1,-1,-1,-1,-1,-1,-1,-1,-1,-1,0,0,0,0,0,0,0,0,0,0,0,0,0,0,0,0,0,0,0,0,0,0,0,0,0,0,0,0,0,0,0,0,0,0,0,0,0,0,0,0,0,0,0,0
-1,-1,0.926666666666667,-1,-1,-1,-1,-1,-1,-1,-1,1,1,0.993333333333333,1,0.94,-1,-1,0.946666666666667,-1,-1,-1,-1,-1,-1,-1,0.966666666666667,0.993333333333333,0.986666666666667,0.986666666666667,0.993333333333333,1,1,1,1,1,1,1,-1,0.986666666666667,0.96,-1,-1,0.953333333333333,0.933333333333333,0.893333333333333,0.913333333333333,-1,-1,-1,0.826666666666667,0.773333333333333,0.84,0.786666666666666,0.673333333333333,0.7,0.36,0.4,0.353333333333334,0.313333333333333,0.373333333333333,0.333333333333333,0.32,0.286666666666666,-1,-1,-1,-1,0.213333333333334,0.233333333333333,0.28,0.273333333333333,0.146666666666667,0.193333333333333,0.186666666666667,0.2,0.186666666666667,0.166666666666667,0.173333333333333,0.2,0,0,0,0,0,0,0,0,0,0,0,0,0,0,0,0,0,0,0,0,0,-1,-1,-1,-1,-1,-1,-1,0,0,-1,-1,-1,-1,-1,-1,-1,-1,-1,-1,-1,0,0,0,0,0,0,0,0,0,0,0,0,0,0,0,0,0,0,0,0,0,-1,-1,-1,-1,-1,-1,-1,-1,-1,-1,-1,-1,-1,0,0,0,0,0,0,0,0,0,0,0,0,0,0,0,0,0,0,0,0,0,0,0,0,0,0,0,0,0,0,0,0,0,0,0,0,0,0,0,0,0,0,0,0,0
-1,-1,-1,-1,-1,-1,-1,-1,-1,-1,-1,-1,-1,0.933333333333333,1,0.933333333333333,-1,-1,0.96,-1,-1,-1,-1,-1,-1,-1,0.946666666666667,0.986666666666667,0.993333333333333,0.98,1,0.993333333333333,1,1,1,1,1,1,-1,-1,-1,-1,-1,0.98,0.94,0.94,0.906666666666667,-1,-1,-1,-1,-1,0.793333333333333,0.773333333333333,0.733333333333334,0.766666666666667,0.42,0.386666666666667,0.386666666666667,0.293333333333333,0.306666666666667,0.28,0.28,0.266666666666667,0.366666666666667,0.266666666666667,0.28,0.2,0.266666666666667,0.22,0.18,0.226666666666667,0.233333333333333,0.26,0.206666666666667,0.146666666666667,0.166666666666667,0.153333333333333,0.22,0.166666666666667,0,0,0,0,0,0,0,0,0,0,0,0,0,0,0,0,0,0,0,0,0,0,0,0,0,0,0,0,0,0,0,0,0,-1,-1,-1,-1,-1,-1,-1,-1,0,0,0,0,0,0,-1,0,0,0,0,0,0,0,0,0,0,0,0,0,-1,-1,-1,-1,-1,-1,-1,-1,-1,-1,-1,-1,-1,-1,0,0,0,0,0,0,0,0,0,0,0,0,0,0,0,0,0,0,0,0,0,0,0,0,0,0,0,0,0,0,0,0,0,0,0,0,0,0,0,0,0,0,0,0,0
0.813333333333334,0.833333333333333,0.866666666666666,0.893333333333333,0.88,0.906666666666667,0.92,0.94,0.873333333333333,0.933333333333333,0.933333333333333,-1,-1,0.946666666666667,1,0.993333333333333,0.933333333333333,0.96,0.966666666666667,0.933333333333333,0.9,0.933333333333333,0.953333333333333,0.946666666666666,0.94,0.913333333333333,0.98,0.986666666666666,1,0.993333333333333,0.993333333333333,1,0.993333333333333,0.993333333333333,0.993333333333333,1,1,1,0.993333333333333,0.98,0.973333333333333,0.986666666666667,0.966666666666667,0.913333333333333,0.9,0.906666666666667,0.94,-1,-1,-1,-1,-1,-1,-1,-1,-1,-1,-1,-1,0.326666666666667,0.286666666666667,0.306666666666667,0.3,0.3,0.22,0.22,0.26,0.28,0.24,0.273333333333333,0.213333333333333,0.16,-1,-1,-1,-1,-1,-1,-1,-1,-1,0,0,-1,-1,-1,-1,-1,-1,-1,-1,-1,-1,-1,-1,-1,0,0,0,0,0,-1,-1,-1,-1,-1,-1,-1,0,0,0,0,0,0,0,0,0,0,0,0,0,0,0,0,0,0,0,-1,-1,-1,-1,-1,-1,-1,-1,0,-1,-1,-1,-1,-1,-1,-1,0,-1,-1,0,-1,0,0,0,0,0,0,-1,0,0,0,0,0,0,0,0,0,0,0,0,0,0,0,0,0,0,0,0,0,0,0,0,0,0,0,0,0,0,0,0,0,0,0,0,0,0,0,0,0,0,0,0,0
0.853333333333333,0.873333333333333,0.873333333333333,0.78,0.906666666666667,0.853333333333333,0.886666666666666,0.886666666666666,0.92,0.946666666666667,-1,-1,-1,0.96,1,0.986666666666667,0.94,0.96,0.96,0.966666666666667,0.96,0.966666666666667,0.98,0.98,0.98,1,0.986666666666667,0.986666666666667,1,0.993333333333333,0.986666666666667,0.993333333333333,1,1,1,1,1,1,1,0.993333333333333,0.973333333333333,0.966666666666667,0.946666666666667,0.933333333333333,0.9,0.92,0.913333333333333,0.873333333333333,0.873333333333333,0.82,0.833333333333333,0.793333333333333,0.74,-1,-1,-1,-1,-1,-1,0.373333333333333,0.32,0.306666666666667,0.253333333333333,0.233333333333333,0.22,0.206666666666667,0.286666666666667,0.26,0.213333333333333,0.166666666666667,0.206666666666667,0.24,-1,-1,-1,-1,-1,-1,-1,-1,-1,-1,-1,-1,-1,-1,-1,-1,-1,-1,-1,-1,-1,-1,-1,-1,0,0,0,0,0,-1,-1,-1,-1,-1,-1,-1,0,0,-1,-1,-1,-1,-1,-1,-1,-1,-1,-1,-1,0,0,0,0,0,0,0,0,0,0,0,0,0,0,0,0,-1,-1,-1,-1,-1,-1,0,-1,-1,-1,-1,-1,-1,0,0,-1,0,0,0,0,0,0,0,0,0,0,0,0,0,0,0,0,0,0,0,0,0,0,0,0,0,0,0,0,0,0,0,0,0,0,0,0,0,0,0,0,0,0,0,0,0,0,0
-1,-1,0.86,0.833333333333333,0.846666666666666,0.873333333333333,0.893333333333333,0.9,0.88,0.906666666666667,-1,-1,-1,0.9,0.92,-1,-1,-1,-1,-1,-1,-1,-1,-1,-1,0.966666666666667,0.96,0.993333333333333,0.973333333333333,0.986666666666667,0.98,0.98,0.993333333333333,1,0.993333333333333,0.993333333333333,1,1,1,1,1,0.986666666666667,0.946666666666667,0.933333333333333,0.933333333333333,0.866666666666666,0.926666666666666,0.886666666666666,0.853333333333333,0.853333333333333,0.826666666666667,0.813333333333333,0.806666666666667,0.78,0.746666666666667,0.34,0.36,0.306666666666667,0.3,0.286666666666667,0.253333333333333,0.293333333333333,-1,-1,-1,-1,-1,0.18,0.22,0.2,0.213333333333333,0.186666666666667,-1,-1,-1,-1,-1,-1,-1,-1,-1,-1,-1,0,0,0,0,0,0,0,0,0,0,0,0,0,0,0,0,0,0,0,0,0,0,0,0,0,0,0,0,0,0,0,0,0,-1,-1,-1,-1,-1,0,0,0,0,0,0,-1,-1,-1,-1,-1,0,0,0,0,0,0,0,0,0,0,0,0,0,0,-1,-1,-1,-1,0,0,-1,-1,-1,-1,-1,0,0,0,0,0,0,0,0,0,0,0,0,0,0,0,0,0,0,0,0,0,0,0,0,0,0,0,0,0,0,0,0,0,0,0,0,0,0,0,0,0,0,0
-1,0.813333333333333,-1,-1,-1,-1,-1,-1,-1,-1,-1,-1,-1,0.873333333333333,0.96,0.913333333333333,0.92,0.886666666666666,0.946666666666667,0.926666666666666,0.94,0.886666666666666,0.953333333333334,0.913333333333333,0.913333333333334,0.953333333333333,-1,-1,-1,0.906666666666667,0.986666666666667,0.986666666666667,0.993333333333333,0.993333333333333,0.946666666666667,-1,-1,0.94,0.933333333333333,0.953333333333333,0.946666666666667,0.933333333333333,0.906666666666667,-1,0.9,0.9,0.866666666666666,0.846666666666666,0.866666666666667,0.76,0.78,0.813333333333333,-1,-1,0.78,0.333333333333333,0.326666666666667,0.34,0.333333333333333,0.273333333333333,0.34,0.253333333333333,0.353333333333333,0.326666666666667,-1,-1,-1,0.186666666666667,0.246666666666667,0.2,0.213333333333333,0.22,0.193333333333333,0.2,0.16,0.166666666666667,0.22,0.22,0.14,-1,-1,-1,0,0,0,0,0,0,0,0,0,0,0,0,0,0,0,0,0,0,0,0,0,0,0,0,0,0,0,0,0,0,0,0,0,0,0,0,0,0,0,0,0,0,0,0,0,-1,-1,-1,-1,-1,-1,-1,0,0,0,0,0,0,0,0,0,0,-1,-1,0,0,0,0,0,0,0,0,0,0,0,0,0,0,0,0,0,0,0,0,0,0,0,0,0,0,0,0,0,0,0,0,0,0,0,0,0,0,0,0,0,0,0,0,0,0,0,0,0,0,0,0,0,0
0.733333333333333,0.86,0.846666666666666,0.78,0.88,-1,-1,-1,-1,-1,-1,-1,-1,0.893333333333333,0.953333333333333,0.919999999999999,-1,0.913333333333333,0.906666666666667,0.94,0.913333333333333,0.866666666666667,0.9,0.913333333333333,0.88,0.94,0.946666666666667,0.946666666666667,0.92,0.940000000000001,0.986666666666667,0.98,0.993333333333333,0.986666666666667,0.913333333333333,-1,-1,-1,-1,-1,-1,-1,-1,-1,0.84,0.86,-1,-1,-1,-1,-1,-1,0.78,0.78,0.306666666666666,0.26,0.32,-1,0.34,0.333333333333333,0.306666666666667,0.28,0.333333333333333,0.26,0.26,0.18,0.22,0.193333333333333,0.28,0.266666666666667,0.226666666666667,0.233333333333333,0.193333333333333,0.16,0.12,0.2,0.18,0.14,0.16,0,0,0,0,0,0,0,0,0,0,0,0,0,0,0,0,0,0,0,0,0,0,0,-1,-1,-1,0,0,0,0,0,0,0,0,0,0,0,0,0,0,0,0,0,0,0,0,0,0,0,0,0,0,0,0,0,0,0,0,0,0,0,0,0,0,0,-1,-1,-1,-1,-1,-1,0,0,0,0,-1,-1,-1,0,0,0,0,0,0,0,0,0,0,0,0,0,0,0,0,0,0,0,0,0,0,0,0,0,0,0,0,0,0,0,0,0,0,0,0,0,0,0,0,0,0,0
0.766666666666667,0.826666666666666,0.853333333333333,0.82,0.833333333333333,0.826666666666667,0.846666666666667,0.853333333333333,0.806666666666667,0.846666666666667,0.886666666666666,0.853333333333333,0.86,0.88,0.98,0.886666666666667,-1,0.9,0.9,-1,-1,-1,-1,0.906666666666667,0.84,0.866666666666666,0.92,0.946666666666667,0.986666666666667,0.986666666666667,0.986666666666667,0.98,0.993333333333333,0.993333333333333,0.946666666666667,0.88,0.913333333333333,0.926666666666666,0.953333333333333,0.94,0.9,0.9,0.88,0.9,0.906666666666666,0.873333333333334,0.86,0.84,-1,-1,-1,-1,-1,-1,-1,-1,-1,-1,0.28,0.233333333333333,0.273333333333333,0.293333333333333,0.306666666666667,0.266666666666667,0.306666666666667,0.253333333333333,0.253333333333333,0.2,0.213333333333333,0.166666666666667,0.173333333333333,0.18,0.153333333333333,0.173333333333333,0.166666666666667,0.126666666666667,0.166666666666667,0.133333333333333,0.12,0,0,0,0,0,-1,-1,0,0,0,-1,-1,-1,0,0,0,0,0,0,0,0,0,0,-1,-1,-1,-1,-1,-1,-1,-1,0,0,-1,-1,-1,-1,-1,-1,0,0,0,0,0,0,0,0,0,-1,0,0,0,0,0,0,0,0,0,0,0,0,0,0,0,0,0,0,0,0,0,-1,0,0,0,0,-1,-1,-1,0,0,0,0,0,0,0,0,0,0,0,0,0,0,0,0,0,0,0,0,0,0,0,0,0,0,0,0,0,0,0,0,0,0,0,0,0,0,0,0,0,0,0
0.74,0.839999999999999,0.833333333333333,0.78,0.766666666666667,0.88,0.853333333333333,0.826666666666667,0.886666666666666,0.893333333333333,0.84,0.806666666666667,0.92,0.96,0.926666666666667,0.926666666666667,0.893333333333334,0.873333333333333,-1,-1,-1,-1,-1,-1,-1,0.906666666666667,-1,0.88,0.98,0.98,0.953333333333333,0.98,0.966666666666667,0.94,0.946666666666667,0.906666666666667,0.9,0.926666666666666,0.926666666666667,0.846666666666666,0.9,0.92,0.86,0.833333333333333,0.88,0.84,0.8,0.813333333333333,0.773333333333333,0.786666666666667,0.766666666666667,0.733333333333333,0.72,0.36,0.293333333333333,-1,-1,0.34,0.24,0.26,0.273333333333333,0.28,0.246666666666667,0.26,0.24,0.313333333333333,0.273333333333333,0.173333333333333,0.22,0.213333333333333,0.16,0.2,0.206666666666667,0.193333333333333,0.2,0.18,0.146666666666667,0.14,0.18,0,0,0,0,0,-1,-1,-1,-1,-1,-1,-1,-1,-1,-1,-1,-1,-1,0,0,0,0,0,0,0,0,0,0,0,0,0,0,-1,-1,-1,-1,-1,-1,-1,-1,-1,0,0,0,0,0,0,0,-1,-1,-1,-1,-1,-1,-1,0,0,0,0,0,0,0,0,0,0,0,0,0,0,0,0,0,0,0,0,-1,-1,-1,-1,0,0,0,0,0,0,0,0,0,0,0,0,0,0,0,0,0,0,0,0,0,0,0,0,0,0,0,0,0,0,0,0,0,0,0,0,0,0,0,0,0,0
0.753333333333333,0.806666666666667,0.833333333333333,0.833333333333333,0.82,0.766666666666667,0.833333333333333,0.813333333333333,0.826666666666666,0.886666666666666,0.873333333333333,0.793333333333333,0.853333333333333,0.933333333333333,0.94,0.973333333333333,0.9,0.88,0.84,0.833333333333333,0.86,0.846666666666666,-1,-1,0.866666666666667,0.886666666666666,-1,-1,0.88,0.913333333333333,0.886666666666666,0.919999999999999,0.973333333333333,0.866666666666666,-1,-1,-1,-1,-1,-1,-1,0.88,0.846666666666667,0.853333333333333,0.84,0.826666666666667,0.84,0.8,0.746666666666667,0.806666666666666,0.7,0.653333333333333,0.753333333333334,0.366666666666667,0.313333333333334,0.346666666666667,0.32,0.346666666666667,0.34,0.306666666666667,0.246666666666667,-1,-1,-1,-1,-1,0.18,0.246666666666667,0.22,0.32,0.206666666666667,0.18,0.193333333333333,0.166666666666667,0.193333333333333,0.16,0.186666666666667,0.173333333333333,0,0,0,0,0,0,-1,-1,-1,-1,0,0,0,0,-1,-1,-1,-1,0,0,0,0,0,0,0,0,-1,-1,-1,-1,0,0,0,0,0,0,0,0,0,0,0,0,0,0,0,0,0,0,0,0,0,0,0,0,0,-1,0,0,0,0,0,0,0,0,0,0,0,0,0,0,0,0,0,0,0,0,-1,-1,-1,-1,-1,-1,0,0,0,0,0,0,0,0,0,0,0,0,0,0,0,0,0,0,0,0,0,0,0,0,0,0,0,0,0,0,0,0,0,0,0,0,0,0,0,0
-1,-1,-1,-1,-1,-1,-1,-1,0.813333333333333,-1,-1,0.78,0.826666666666667,0.913333333333333,0.94,0.906666666666666,0.833333333333333,-1,-1,0.873333333333333,0.833333333333333,0.893333333333333,-1,-1,0.906666666666667,0.833333333333333,-1,-1,-1,-1,0.873333333333333,0.973333333333333,0.886666666666666,0.886666666666666,-1,-1,-1,-1,-1,-1,-1,0.806666666666667,0.766666666666666,0.806666666666667,-1,-1,-1,-1,-1,0.813333333333333,0.76,0.76,0.38,0.306666666666666,0.313333333333333,0.313333333333333,0.34,0.313333333333333,0.32,0.26,0.3,-1,-1,-1,-1,-1,-1,0.226666666666667,0.16,0.16,0.186666666666667,0.22,0.193333333333333,0.2,0.153333333333333,0.146666666666667,0.166666666666667,0.226666666666667,0,0,0,0,0,0,0,0,0,0,0,0,0,0,0,0,0,0,0,0,0,0,0,0,0,0,0,0,0,0,0,0,0,0,0,0,0,0,0,-1,-1,-1,0,0,0,0,0,0,0,0,0,0,0,0,0,0,0,0,0,0,-1,-1,-1,0,0,0,0,0,0,0,0,0,0,0,0,0,-1,-1,-1,-1,-1,-1,-1,-1,0,0,0,0,0,0,0,0,0,0,0,0,0,0,0,0,0.18,0.266666666666667,0.2,0.213333333333334,0.193333333333333,0.253333333333333,0.18,0.266666666666667,0.2,0.206666666666667,0.266666666666667,0.206666666666667,0.22,0,0,0,0,0,0,0,0,0
-1,-1,-1,-1,-1,-1,-1,-1,0.786666666666667,-1,-1,-1,-1,-1,-1,-1,0.826666666666667,0.8,0.773333333333333,0.833333333333333,0.893333333333333,0.866666666666666,0.86,0.78,0.88,0.806666666666667,0.893333333333333,-1,-1,0.9,0.84,0.966666666666667,0.853333333333333,0.88,0.86,0.9,0.886666666666666,0.906666666666667,0.88,0.826666666666667,0.793333333333333,0.84,0.833333333333333,0.806666666666667,-1,-1,-1,-1,-1,-1,-1,-1,-1,-1,-1,0.313333333333333,0.32,0.38,0.313333333333333,0.233333333333333,0.293333333333333,0.28,0.273333333333333,0.226666666666667,0.166666666666667,0.2,0.206666666666667,0.24,0.26,0.206666666666667,0.166666666666667,-1,-1,-1,-1,-1,-1,-1,-1,-1,-1,0,0,0,-1,-1,-1,0,0,0,0,0,0,0,0,0,0,0,0,0,0,0,0,0,0,0,0,0,0,0,0,0,0,0,0,0,0,0,0,0,0,0,0,0,0,0,0,0,0,0,0,0,0,0,0,0,0,0,-1,-1,0,0,0,0,0,0,0,0,0,0,0,0,0,0,-1,-1,-1,-1,-1,-1,-1,0,0,0,0,0,0,0,0,0,0,0,0.193333333333333,0.193333333333333,0.166666666666667,0.16,0.166666666666667,0.246666666666667,0.2,0.246666666666667,0.206666666666667,0.2,0.16,0.186666666666667,0.213333333333333,0.213333333333333,0.226666666666667,0.226666666666667,0.26,0.26,0.2,0.22,0.2,0.24,0.193333333333333,0.22,0,0,0,0
-1,0.713333333333333,0.706666666666667,0.74,0.806666666666667,0.78,0.806666666666667,-1,0.74,-1,-1,-1,-1,-1,-1,-1,-1,0.846666666666667,0.88,0.833333333333334,0.833333333333334,0.813333333333334,0.846666666666667,0.866666666666667,0.826666666666667,0.813333333333333,0.846666666666667,0.88,0.906666666666667,0.94,0.906666666666667,0.853333333333333,0.879999999999999,0.82,0.82,0.82,0.82,0.833333333333334,0.86,0.833333333333333,0.826666666666666,0.853333333333333,0.84,0.786666666666667,0.82,0.84,0.8,-1,-1,0.773333333333333,0.753333333333334,0.34,-1,-1,-1,-1,-1,-1,0.293333333333333,0.26,0.273333333333333,0.233333333333333,0.26,0.246666666666667,0.213333333333333,0.173333333333333,0.22,0.22,0.226666666666667,0.2,0.166666666666667,-1,-1,-1,-1,-1,-1,-1,-1,-1,-1,-1,0,0,-1,-1,-1,0,0,0,0,0,0,0,0,0,0,0,0,0,0,0,0,0,0,0,0,0,0,0,0,0,0,0,0,0,0,0,0,0,0,0,0,0,0,0,0,0,0,0,0,0,0,0,0,0,-1,-1,-1,-1,0,0,0,0,0,0,0,0,0,0,0,0,-1,0,-1,-1,-1,-1,-1,-1,-1,0,0,0,0,0,0,0,0,0.153333333333333,0.2,0.246666666666667,0.193333333333333,0.2,0.246666666666667,0.233333333333333,0.26,0.233333333333333,0.173333333333333,0.226666666666667,0.24,0.226666666666667,0.2,0.133333333333333,0.206666666666667,0.22,0.213333333333333,0.213333333333333,0.306666666666667,0.266666666666666,0.246666666666667,0.233333333333333,0.213333333333333,0.246666666666667,0.233333333333333,0.253333333333333,0.213333333333333,0.213333333333333,0.22,0
-1,-1,-1,-1,0.8,0.813333333333333,-1,-1,-1,0.753333333333333,0.78,0.746666666666667,0.8,0.76,0.813333333333333,-1,0.786666666666666,0.8,-1,0.833333333333333,0.746666666666667,0.873333333333333,0.866666666666666,0.78,0.813333333333333,0.826666666666667,0.86,0.813333333333333,0.793333333333333,0.906666666666666,0.94,0.826666666666666,-1,-1,0.806666666666667,0.793333333333333,0.826666666666667,0.813333333333333,0.78,0.806666666666666,0.773333333333334,0.786666666666667,0.773333333333334,0.826666666666667,0.78,0.753333333333333,0.806666666666667,0.766666666666666,0.726666666666666,0.733333333333334,0.766666666666667,0.333333333333333,0.246666666666667,0.286666666666667,0.38,0.24,0.293333333333333,0.313333333333333,0.306666666666667,0.28,-1,-1,-1,-1,-1,-1,0.153333333333333,0.193333333333333,0.306666666666667,0.226666666666667,0.186666666666667,0.14,0.186666666666667,0.16,0.193333333333333,-1,-1,-1,-1,-1,-1,-1,0,0,-1,-1,-1,0,0,0,0,0,0,0,0,0,0,0,0,0,0,-1,-1,-1,-1,-1,-1,-1,-1,0,0,-1,0,0,0,0,0,0,0,0,0,0,0,0,0,0,0,0,0,0,0,0,0,0,0,0,0,0,0,0,0,0,0,0,0,0,0,0,0,0,0,0,0,0,-1,-1,-1,-1,-1,-1,-1,0,0,0,0,0,0.166666666666667,0.186666666666667,0.233333333333333,0.2,0.173333333333333,0.246666666666667,0.226666666666667,0.226666666666667,0.22,0.173333333333333,0.233333333333333,0.193333333333333,0.306666666666667,0.226666666666667,0.273333333333333,0.226666666666667,0.28,0.226666666666667,0.233333333333333,0.246666666666667,0.2,0.26,0.26,0.18,0.293333333333333,0.253333333333333,0.213333333333333,0.2,0.22,0.233333333333333,0.293333333333333,0.28,0.16,0.233333333333333
0.706666666666667,0.66,0.713333333333334,0.72,0.733333333333333,0.773333333333333,0.746666666666666,0.799999999999999,0.706666666666667,0.74,0.74,0.813333333333333,0.766666666666666,0.793333333333334,0.813333333333333,0.78,0.746666666666666,0.74,-1,-1,-1,0.84,0.846666666666666,0.766666666666667,0.82,0.8,0.826666666666667,0.833333333333333,0.9,0.866666666666666,0.846666666666666,0.82,0.813333333333333,0.846666666666667,-1,0.826666666666667,0.786666666666667,0.826666666666667,-1,-1,0.753333333333334,0.806666666666666,-1,0.74,0.806666666666667,0.753333333333334,0.673333333333333,0.753333333333333,0.72,0.666666666666667,0.32,0.346666666666667,0.366666666666667,0.286666666666667,0.326666666666667,0.246666666666667,0.32,0.206666666666667,0.293333333333333,0.246666666666667,0.28,-1,-1,-1,-1,-1,-1,0.246666666666667,0.2,0.213333333333333,0.166666666666667,0.173333333333333,0.206666666666667,0.193333333333333,0.18,0.166666666666667,0.173333333333333,0,0,0,0,0,0,0,-1,0,0,0,-1,-1,-1,-1,-1,-1,0,0,0,0,0,0,0,-1,-1,-1,-1,-1,-1,-1,-1,0,0,-1,-1,-1,-1,-1,-1,-1,-1,-1,0,0,0,0,0,0,0,0,0,0,0,0,0,0,0,0,0,0,0,0,0,0,0,0,0,0,0,0,0,0,0,0,0,0,0,0,0,0,0,0,0,0,0,0,0.16,0.186666666666667,0.193333333333333,0.2,0.233333333333333,0.206666666666667,0.2,0.273333333333333,0.166666666666667,0.226666666666667,0.26,0.233333333333333,0.246666666666667,0.253333333333333,0.18,0.246666666666667,0.24,0.246666666666667,0.26,0.253333333333333,0.273333333333333,0.2,0.28,0.286666666666667,0.306666666666667,0.266666666666667,0.28,0.26,0.246666666666667,0.233333333333333,0.273333333333333,0.286666666666667,0.24,0.266666666666667,0.193333333333333,0.193333333333333
-1,-1,-1,-1,-1,-1,-1,0.78,0.78,0.766666666666667,0.72,0.826666666666667,0.806666666666667,0.766666666666667,0.76,0.813333333333333,0.813333333333333,0.82,-1,-1,-1,0.793333333333334,-1,-1,-1,0.806666666666667,0.813333333333333,0.78,0.686666666666667,0.746666666666667,0.806666666666667,0.74,0.799999999999999,0.833333333333333,-1,0.666666666666667,0.793333333333334,-1,-1,-1,0.76,0.78,-1,-1,-1,-1,-1,0.666666666666667,-1,0.286666666666667,0.226666666666667,0.273333333333333,0.28,0.293333333333333,0.26,0.346666666666667,0.273333333333333,0.266666666666667,0.286666666666667,0.22,-1,-1,0.28,0.2,0.2,0.273333333333333,0.18,0.233333333333333,0.233333333333333,0.16,0.14,0.166666666666667,0.153333333333333,0.133333333333333,0.16,0.173333333333333,0,0,0,0,0,0,0,0,0,0,0,0,-1,-1,-1,-1,-1,-1,-1,-1,-1,0,0,0,0,0,0,0,0,0,0,-1,-1,0,0,-1,-1,-1,-1,-1,-1,-1,-1,-1,0,0,0,0,0,0,0,0,0,0,0,0,0,0,0,0,0,0,0,0,0,0,0,0,0,0,0,0,0,0,0,0,0,0,0,0,0,0,0,0,0,0,0.186666666666667,0.246666666666667,0.22,0.18,0.253333333333333,0.2,0.226666666666667,0.22,0.2,0.226666666666667,0.16,0.26,0.246666666666667,0.253333333333333,0.226666666666667,0.253333333333333,0.14,0.2,0.213333333333333,0.253333333333333,0.253333333333333,0.226666666666667,0.253333333333333,0.226666666666667,0.253333333333333,0.233333333333333,0.3,0.233333333333333,0.253333333333333,0.26,0.266666666666667,0.253333333333333,0.18,0.206666666666667,0.266666666666667,0.22,0.213333333333333,0.233333333333333
-1,-1,-1,-1,-1,-1,-1,0.666666666666666,0.733333333333333,0.733333333333334,-1,-1,-1,-1,-1,-1,-1,-1,-1,-1,0.773333333333333,-1,-1,-1,-1,-1,-1,-1,-1,0.793333333333334,0.786666666666667,0.753333333333333,0.773333333333334,0.786666666666667,0.826666666666667,0.773333333333333,0.76,0.8,0.78,0.786666666666667,0.8,0.76,0.726666666666667,-1,-1,-1,-1,-1,-1,-1,-1,-1,-1,-1,-1,0.226666666666667,0.293333333333333,0.26,0.2,0.266666666666667,0.246666666666667,0.226666666666667,0.2,0.173333333333333,0.166666666666667,0.173333333333333,0.2,0.153333333333333,-1,-1,0.193333333333333,0.12,-1,-1,-1,-1,-1,-1,0,0,0,0,0,0,0,0,0,0,0,0,0,0,0,0,0,0,-1,0,0,0,0,0,0,0,0,0,0,0,0,0,0,0,0,0,0,0,0,0,0,0,0,0,0,0,0,0,0,0,0,0,0,0,0,0,0,0,0,0,0,0,0,0,0,0,0,0,0,0,0,0,0,0,0,0,0,0,0,0,0,0,0.18,0.206666666666667,0.133333333333333,0.213333333333334,0.206666666666667,0.173333333333333,0.246666666666667,0.24,0.166666666666667,0.233333333333333,0.213333333333333,0.233333333333333,0.266666666666667,0.286666666666667,0.266666666666667,0.266666666666667,0.22,0.286666666666667,0.226666666666667,0.273333333333333,0.213333333333333,0.3,0.22,0.28,0.253333333333333,0.24,0.226666666666667,0.233333333333334,0.246666666666667,0.213333333333333,0.28,0.28,0.266666666666667,0.22,0.246666666666667,0.22,0.246666666666667,0.246666666666667,0.22,0.286666666666667
0.686666666666667,0.693333333333333,0.793333333333334,0.713333333333333,-1,-1,-1,0.733333333333333,0.686666666666666,0.72,-1,-1,-1,-1,-1,-1,-1,-1,-1,-1,0.74,0.76,0.773333333333333,0.8,0.78,-1,-1,-1,0.793333333333333,0.766666666666667,0.82,0.726666666666666,0.74,0.686666666666667,0.7,0.786666666666667,-1,-1,-1,-1,-1,-1,0.746666666666667,0.74,0.72,0.686666666666667,0.706666666666666,0.613333333333333,-1,-1,-1,-1,-1,-1,-1,-1,-1,0.253333333333333,0.226666666666667,0.173333333333333,-1,0.233333333333333,0.206666666666667,0.166666666666667,0.173333333333333,0.193333333333333,0.173333333333333,0.186666666666667,-1,-1,0.14,0.173333333333333,-1,-1,-1,-1,-1,-1,0,0,0,0,0,0,0,0,0,0,0,0,0,0,0,0,0,0,0,0,0,0,0,0,0,0,0,0,0,0,0,0,0,0,0,0,0,0,0,0,0,0,0,0,0,0,0,0,0,0,0,0,0,0,0,0,0,0,0,0,0,0,0,0,0,0,0,0,0,0,0,0,0,0,0,0,0,0,0,0,0.166666666666667,0.2,0.206666666666667,0.18,0.186666666666667,0.22,0.14,0.28,0.28,0.22,0.26,0.2,0.253333333333333,0.246666666666667,0.16,0.24,0.293333333333333,0.253333333333333,0.233333333333333,0.266666666666667,0.286666666666667,0.22,0.313333333333333,0.24,0.306666666666667,0.28,0.313333333333333,0.306666666666667,0.326666666666667,0.26,0.24,0.186666666666667,0.353333333333333,0.253333333333333,0.26,0.246666666666667,0.28,0.253333333333333,0.326666666666667,0.326666666666667,0.206666666666667,0.26
0.666666666666667,0.653333333333334,0.68,0.62,0.7,0.713333333333333,0.706666666666667,0.746666666666667,0.753333333333334,0.74,0.72,0.76,0.686666666666667,0.693333333333333,0.7,0.76,0.78,0.8,0.713333333333333,0.673333333333333,0.78,0.786666666666667,0.766666666666666,0.773333333333333,0.720000000000001,0.680000000000001,0.746666666666667,0.746666666666667,0.753333333333334,-1,0.786666666666667,0.753333333333334,0.76,-1,0.76,0.666666666666667,0.766666666666667,0.773333333333333,0.753333333333334,0.786666666666667,0.746666666666667,0.806666666666667,0.66,0.78,0.68,0.666666666666667,0.666666666666667,0.306666666666667,0.3,0.266666666666667,0.253333333333333,0.233333333333334,0.38,0.233333333333333,0.293333333333333,0.32,-1,0.226666666666667,0.213333333333333,-1,-1,-1,-1,-1,-1,-1,0.2,0.22,0.206666666666667,0.213333333333333,0.186666666666667,0.18,-1,-1,-1,-1,-1,-1,0,0,0,0,0,-1,-1,-1,0,-1,-1,-1,-1,-1,0,0,0,0,0,0,0,0,0,0,0,0,0,0,0,0,0,0,0,0,0,0,0,0,0,0,0,0,0,0,0,0,0,0,0,0,0,0,0,0,0,0,0,0,0,0,0,0,0,0,0,0,0,0,0,0,0,0,0,0,0,-1,-1,-1,-1,-1,-1,-1,-1,0.206666666666667,0.2,0.213333333333333,0.22,0.193333333333333,0.206666666666667,0.16,0.193333333333333,0.266666666666667,0.26,0.193333333333333,0.233333333333334,0.253333333333333,0.233333333333333,0.273333333333333,0.273333333333333,0.286666666666667,0.28,0.2,0.24,0.286666666666667,0.28,0.313333333333333,0.306666666666667,0.28,0.3,0.266666666666667,0.333333333333333,0.2,0.313333333333333,0.313333333333333,0.346666666666667,0.286666666666667,0.253333333333333,0.233333333333333,0.26,0.273333333333333,0.253333333333334,0.266666666666667
0.22,0.633333333333333,0.606666666666667,0.646666666666667,0.72,0.673333333333333,0.706666666666667,0.713333333333333,0.673333333333334,0.72,0.666666666666667,0.713333333333333,0.706666666666667,0.673333333333333,0.753333333333333,0.673333333333333,0.7,0.733333333333333,0.693333333333333,0.773333333333333,0.78,0.74,0.646666666666667,0.686666666666666,0.746666666666667,0.686666666666666,0.733333333333333,0.753333333333333,0.706666666666667,-1,0.74,0.786666666666667,0.746666666666667,0.773333333333334,0.686666666666667,0.76,0.64,0.706666666666666,0.74,0.673333333333333,0.74,0.76,0.72,0.68,0.68,0.72,0.246666666666667,0.22,0.266666666666667,0.213333333333333,0.266666666666667,0.246666666666667,0.253333333333333,0.32,0.26,0.326666666666667,0.24,0.206666666666667,0.22,0.206666666666667,0.193333333333333,0.186666666666667,-1,0.106666666666667,0.193333333333333,-1,-1,0.133333333333333,0.166666666666667,0.153333333333333,0.113333333333333,0.133333333333333,-1,-1,-1,-1,-1,-1,-1,0,0,0,0,-1,-1,-1,-1,-1,-1,-1,-1,-1,-1,-1,-1,-1,-1,0,0,0,-1,-1,-1,-1,0,0,0,0,0,0,0,0,0,0,0,0,0,0,0,0,0,0,0,0,0,0,0,0,0,0,0,0,0,0,0,0,0,0,0,0,0,0,0,0,0,0,0,0,0,0,0,0,-1,-1,-1,-1,-1,-1,-1,-1,-1,-1,-1,-1,-1,-1,-1,-1,-1,0.2,0.28,0.246666666666667,0.246666666666667,0.306666666666667,0.213333333333333,0.346666666666667,0.313333333333333,0.28,0.226666666666667,0.333333333333333,0.313333333333333,0.253333333333333,0.386666666666667,0.273333333333333,0.313333333333333,0.273333333333333,0.333333333333333,0.32,0.253333333333333,0.253333333333333,0.34,0.3,0.233333333333333,0.24,0.286666666666667,0.313333333333333,0.266666666666667,0.18,0.3,0.32
-1,-1,-1,-1,-1,-1,-1,-1,0.606666666666666,0.64,0.733333333333333,0.64,0.7,0.74,0.773333333333334,-1,0.606666666666667,0.773333333333333,0.766666666666667,0.713333333333333,0.746666666666667,0.666666666666667,0.72,0.746666666666667,0.72,0.746666666666666,0.76,0.593333333333333,0.706666666666667,0.68,0.753333333333333,0.7,0.72,0.72,-1,-1,-1,-1,-1,-1,-1,-1,-1,-1,-1,0.246666666666667,0.266666666666667,0.306666666666667,0.246666666666667,0.246666666666667,0.26,0.22,0.313333333333333,0.226666666666667,0.233333333333333,0.213333333333333,0.286666666666667,0.146666666666667,0.26,0.22,0.186666666666667,0.226666666666667,0.18,0.213333333333333,0.273333333333333,0.186666666666667,0.173333333333333,0.126666666666667,0.16,0.146666666666667,0.153333333333333,0.133333333333333,-1,-1,-1,-1,-1,-1,-1,0,0,0,0,-1,-1,-1,0,-1,-1,-1,-1,-1,-1,-1,-1,-1,-1,0,0,0,-1,-1,-1,-1,-1,-1,-1,-1,-1,0,0,-1,-1,-1,-1,-1,-1,0,0,0,0,0,0,0,0,0,0,0,0,0,0,0,0,0,0,0,0,0,0,0,0,0,0,0,0,0,0,0,0,0,0,0,-1,-1,-1,-1,-1,-1,-1,-1,-1,-1,-1,-1,-1,-1,-1,-1,-1,0.246666666666667,0.266666666666667,0.28,0.3,0.3,0.286666666666667,0.266666666666667,0.22,0.333333333333333,0.3,0.273333333333333,0.313333333333333,0.3,0.353333333333333,0.313333333333333,0.353333333333333,0.28,0.3,0.286666666666667,0.26,0.286666666666667,0.32,0.28,0.366666666666667,0.313333333333333,0.313333333333333,0.326666666666667,0.26,0.313333333333333,0.306666666666667,0.3
-1,-1,-1,-1,-1,-1,-1,-1,0.66,0.646666666666667,0.713333333333333,0.673333333333333,0.706666666666666,0.653333333333333,0.693333333333333,0.693333333333333,0.606666666666667,0.646666666666667,0.72,0.633333333333334,-1,-1,-1,-1,-1,-1,-1,-1,0.673333333333333,0.68,0.706666666666666,0.7,0.72,0.673333333333333,-1,-1,-1,-1,-1,-1,-1,-1,-1,-1,0.326666666666667,0.306666666666667,0.253333333333333,0.286666666666667,-1,-1,-1,-1,0.233333333333334,0.273333333333334,0.213333333333333,0.173333333333334,0.253333333333333,0.286666666666667,0.22,0.233333333333333,0.173333333333333,0.213333333333333,0.2,0.18,0.14,0.166666666666667,0.186666666666667,0.166666666666667,0.193333333333334,0.146666666666667,0.2,0.126666666666667,0,0,0,0,0,0,0,0,0,0,0,0,0,0,0,0,0,0,0,0,0,0,0,0,-1,0,0,0,-1,-1,-1,-1,-1,-1,-1,-1,-1,0,0,-1,-1,-1,-1,-1,-1,-1,-1,0,0,0,0,0,0,0,0,0,0,0,0,0,0,0,0,0,0,0,0,0,0,0,0,0,0,0,0,0,0,0,0,0,-1,-1,-1,-1,-1,-1,-1,-1,-1,-1,-1,-1,-1,-1,-1,-1,-1,0.306666666666667,0.253333333333333,0.24,0.253333333333333,0.28,0.34,0.253333333333333,0.293333333333333,0.24,0.346666666666667,0.293333333333333,0.246666666666667,0.24,0.32,0.366666666666667,0.326666666666667,0.313333333333333,0.26,0.393333333333333,0.413333333333333,0.353333333333333,0.3,0.3,0.293333333333333,0.306666666666667,0.273333333333333,0.28,0.286666666666667,0.233333333333333,0.293333333333333,0.32
0.213333333333333,0.226666666666667,0.226666666666667,0.62,0.626666666666667,0.66,0.619999999999999,0.56,0.72,0.646666666666667,-1,-1,-1,0.626666666666667,0.72,0.62,0.613333333333333,0.626666666666666,0.733333333333333,0.706666666666667,0.7,0.673333333333333,0.7,0.62,0.673333333333333,0.6,0.653333333333333,-1,0.693333333333333,0.706666666666666,0.693333333333333,0.68,0.653333333333334,0.693333333333333,0.673333333333333,0.726666666666667,0.686666666666667,0.7,0.653333333333334,0.713333333333333,-1,-1,-1,-1,0.226666666666667,0.233333333333333,0.226666666666667,0.22,-1,-1,-1,-1,-1,-1,0.2,0.186666666666667,0.18,-1,-1,-1,-1,-1,-1,0.226666666666667,-1,0.193333333333333,0.16,0.166666666666667,0.2,0.166666666666667,0.08,0,0,0,0,0,0,0,0,0,0,0,0,0,0,0,0,-1,-1,0,0,0,0,0,0,0,0,0,0,0,0,0,0,0,0,0,0,0,0,0,0,0,0,0,0,0,0,-1,-1,0,0,0,0,0,0,0,0,0,0,0,0,0,0,0,0,0,0,0,0,0,0,0,0,0,0,0,0,0,0,0,0,0,0.153333333333333,0.173333333333333,0.173333333333333,0.213333333333333,0.166666666666667,0.193333333333333,0.193333333333333,0.24,0.213333333333333,0.186666666666667,0.2,0.206666666666667,-1,-1,-1,-1,-1,0.286666666666667,0.286666666666667,0.206666666666667,0.266666666666667,0.266666666666667,0.306666666666667,0.273333333333333,0.28,0.306666666666667,0.233333333333333,0.333333333333333,0.38,0.306666666666667,0.28,0.373333333333333,0.32,0.326666666666667,0.34,0.306666666666667,0.266666666666667,0.3,0.3,0.313333333333333,0.353333333333333,0.3,0.273333333333333,0.266666666666667,0.293333333333333,0.326666666666667,0.266666666666667,0.32
0.24,0.186666666666667,0.206666666666667,0.16,0.66,0.606666666666667,0.613333333333333,0.54,0.613333333333333,0.646666666666667,-1,-1,-1,-1,-1,-1,0.68,0.653333333333334,0.646666666666667,0.58,0.66,0.6,0.726666666666666,0.713333333333333,0.606666666666667,0.64,0.646666666666667,0.72,0.7,0.6,0.62,0.673333333333333,0.693333333333333,-1,0.593333333333333,0.6,0.626666666666666,0.680000000000001,0.626666666666666,0.553333333333333,0.633333333333333,0.193333333333333,0.186666666666667,0.253333333333334,0.2,0.24,0.306666666666667,0.233333333333333,0.186666666666667,0.26,0.24,0.253333333333333,0.246666666666667,0.166666666666667,0.226666666666667,0.2,0.186666666666667,-1,-1,0.173333333333333,-1,-1,0.16,0.18,-1,-1,0.153333333333333,0.18,0.126666666666667,0.186666666666667,0,0,0,0,0,0,0,0,0,0,0,0,0,0,0,0,0,-1,-1,-1,-1,0,0,0,0,0,0,0,0,0,0,0,0,0,0,0,0,0,0,0,0,0,0,0,0,0,0,0,0,0,0,0,0,0,0,0,0,0,0,0,0,0,0,0,0,0,0,0,0,0,0,0,0,0,0,0,0,0,0,0,0,0.166666666666667,0.22,0.146666666666667,0.153333333333333,0.2,0.213333333333333,0.18,0.226666666666667,0.253333333333333,0.273333333333333,0.213333333333333,0.226666666666667,0.233333333333333,0.22,0.26,0.26,0.3,0.26,0.253333333333333,0.253333333333333,0.273333333333333,0.313333333333333,0.38,0.266666666666667,0.26,0.326666666666667,0.3,0.286666666666667,0.306666666666666,0.313333333333333,0.333333333333333,0.353333333333333,0.286666666666667,0.36,0.406666666666667,0.38,0.266666666666666,0.393333333333333,0.333333333333333,0.406666666666667,0.36,0.353333333333333,0.28,0.26,0.3,0.333333333333333,0.32,0.346666666666667,0.32
0.153333333333333,0.18,0.186666666666667,0.233333333333333,0.153333333333333,0.653333333333333,0.633333333333333,0.573333333333333,0.573333333333333,0.646666666666667,0.62,0.653333333333334,0.693333333333333,-1,-1,-1,0.633333333333334,0.68,0.673333333333333,0.72,0.573333333333333,0.646666666666667,0.626666666666667,0.693333333333333,0.593333333333333,0.64,0.613333333333333,0.606666666666667,0.66,0.706666666666667,0.653333333333333,0.686666666666667,0.653333333333333,-1,0.6,0.693333333333333,0.713333333333333,0.666666666666667,0.646666666666667,0.266666666666667,0.293333333333333,0.22,0.306666666666667,0.253333333333333,0.186666666666667,0.253333333333333,0.22,0.193333333333333,0.213333333333333,0.226666666666667,0.213333333333333,0.233333333333333,0.226666666666667,0.2,0.193333333333333,0.16,0.173333333333333,0.153333333333333,0.24,0.193333333333333,0.193333333333333,0.186666666666667,0.166666666666667,0.153333333333333,-1,-1,0.153333333333333,0.16,0.133333333333333,0,0,0,0,0,0,0,0,0,0,0,0,0,0,0,0,0,-1,-1,-1,-1,0,0,0,0,0,0,0,0,0,0,0,0,0,0,0,0,0,0,0,0,0,0,0,0,0,0,0,0,0,0,0,0,0,0,0,0,0,0,0,0,0,0,0,0,0,0,0,0,0,0,0,0,0,0,0,0,0,0,0,0,0.153333333333333,0.146666666666667,0.213333333333333,0.22,0.193333333333333,0.22,0.22,0.226666666666667,0.186666666666667,0.233333333333333,0.206666666666667,0.193333333333333,0.273333333333333,0.266666666666667,0.293333333333333,0.286666666666667,0.32,0.253333333333333,0.333333333333333,0.273333333333333,0.313333333333333,-1,-1,-1,-1,-1,-1,0.273333333333333,0.42,0.313333333333333,0.373333333333333,0.34,0.386666666666667,0.346666666666667,0.313333333333333,0.346666666666667,0.4,0.333333333333333,0.333333333333333,0.353333333333334,0.353333333333333,0.36,0.36,0.32,0.34,0.286666666666666,0.286666666666667,0.353333333333333,0.34,0.306666666666666
0.166666666666667,0.166666666666667,-1,-1,-1,-1,-1,0.646666666666667,0.626666666666666,0.7,0.606666666666667,0.64,0.666666666666667,0.64,0.613333333333333,0.606666666666667,0.633333333333333,0.68,0.706666666666667,-1,-1,-1,-1,-1,-1,-1,-1,-1,0.653333333333333,0.673333333333333,0.613333333333333,0.613333333333333,-1,-1,-1,-1,-1,-1,-1,-1,-1,-1,-1,0.213333333333333,0.26,0.193333333333333,0.22,0.193333333333333,0.226666666666667,0.193333333333333,0.153333333333333,0.193333333333333,0.18,0.233333333333333,0.226666666666667,0.213333333333333,0.226666666666667,0.18,0.213333333333333,0.22,0.16,0.206666666666667,0.213333333333333,0.14,0.14,0.14,0.2,0.18,0,0,0,0,0,0,0,0,0,0,0,0,0,0,0,0,0,0,0,0,0,0,0,0,0,0,0,0,0,0,0,0,-1,-1,-1,-1,-1,0,0,0,0,0,0,0,0,0,0,0,0,0,0,0,0,0,0,0,0,0,0,0,0,0,0,0,0,0,0,0,0,0,0,0,0,0,0,0,0,0,0,0,0,0.186666666666667,0.193333333333333,0.233333333333334,0.166666666666667,-1,-1,-1,-1,0.14,0.253333333333334,0.193333333333333,0.233333333333333,0.266666666666667,0.206666666666667,0.253333333333333,0.273333333333333,0.213333333333333,0.253333333333333,0.32,0.32,0.36,0.3,-1,-1,-1,-1,-1,-1,-1,-1,-1,-1,-1,0.406666666666667,0.36,0.373333333333333,0.406666666666667,0.406666666666667,0.333333333333333,0.333333333333333,0.353333333333333,0.393333333333333,0.326666666666667,0.4,0.353333333333333,0.333333333333333,0.366666666666667,0.42,0.38,0.366666666666667,0.32
0.16,0.253333333333333,0.206666666666667,0.146666666666667,0.146666666666667,0.186666666666667,-1,0.613333333333334,0.54,0.56,0.52,0.633333333333333,0.593333333333333,0.6,0.573333333333333,0.633333333333333,0.62,0.626666666666667,0.546666666666667,-1,-1,-1,-1,-1,-1,-1,-1,-1,0.606666666666667,0.606666666666666,0.653333333333334,0.52,-1,-1,-1,-1,-1,-1,-1,-1,-1,-1,-1,0.166666666666667,0.166666666666667,0.213333333333333,0.186666666666667,-1,-1,-1,-1,-1,-1,-1,0.173333333333333,0.16,0.14,0.16,0.14,0.18,0.186666666666667,0.14,0.186666666666667,0.0933333333333333,0.113333333333333,0.173333333333333,0.153333333333333,0,0,0,0,0,0,0,0,0,0,0,0,0,0,0,0,0,0,0,0,0,0,0,0,0,0,0,0,0,0,0,0,0,-1,-1,-1,-1,-1,-1,-1,-1,-1,0,-1,-1,-1,-1,-1,-1,-1,-1,-1,0,0,0,0,0,0,0,0,0,0,0,0,0,0,0,0,0,0,0,0,0,0,0,0,0,0,0,0,0,0,0.186666666666667,0.113333333333333,0.2,0.206666666666667,-1,-1,-1,-1,-1,-1,-1,-1,-1,-1,-1,-1,-1,-1,-1,0.26,0.293333333333333,0.366666666666667,0.333333333333333,0.32,0.34,0.406666666666667,0.373333333333333,-1,-1,-1,-1,-1,-1,0.306666666666667,0.36,0.38,0.42,0.386666666666667,0.433333333333333,0.326666666666667,0.353333333333333,0.4,0.326666666666667,0.386666666666667,0.373333333333333,0.406666666666667,0.366666666666667,0.393333333333333,0.353333333333333,0.286666666666667,0.253333333333333
-1,-1,-1,-1,-1,-1,-1,0.12,0.573333333333334,0.586666666666667,0.62,0.533333333333334,0.633333333333334,0.593333333333333,0.6,0.513333333333333,0.58,0.586666666666667,0.56,0.593333333333333,0.713333333333334,-1,0.566666666666667,0.58,0.56,0.566666666666667,0.64,0.613333333333333,0.64,0.593333333333333,0.566666666666667,0.6,0.58,0.586666666666667,0.193333333333333,0.22,0.2,0.246666666666667,0.206666666666667,0.2,0.226666666666667,0.206666666666667,0.24,0.18,0.213333333333333,0.18,0.233333333333333,-1,-1,-1,-1,-1,-1,-1,0.233333333333333,0.2,0.186666666666667,-1,-1,-1,-1,0.153333333333333,0.166666666666667,-1,-1,-1,0,0,0,0,0,0,-1,-1,-1,0,0,0,-1,-1,-1,0,0,0,0,0,0,0,0,0,0,0,0,0,0,0,0,0,0,0,-1,-1,-1,-1,-1,-1,-1,-1,0,0,-1,-1,-1,-1,-1,-1,-1,-1,-1,0,0,0,0,0,0,0,0,0,0,0,0,0,0,0,0,0,0,0,0,0,0,0,0,0,0,0,0,0,0.153333333333333,0.213333333333333,0.206666666666667,0.193333333333333,-1,-1,-1,-1,-1,-1,-1,-1,-1,-1,-1,-1,-1,-1,-1,0.333333333333333,0.326666666666667,0.373333333333333,0.266666666666667,0.393333333333333,0.353333333333333,0.373333333333333,0.346666666666667,0.306666666666666,0.44,0.36,0.34,-1,-1,-1,-1,0.446666666666667,0.38,0.393333333333333,0.38,0.446666666666667,0.386666666666667,0.34,0.366666666666667,0.426666666666667,0.4,0.36,0.38,0.346666666666666,0.373333333333333,0.346666666666667,0.373333333333333,0.366666666666667
-1,-1,-1,-1,-1,-1,-1,0.113333333333333,0.16,0.133333333333333,-1,-1,-1,-1,-1,-1,0.466666666666667,0.586666666666667,0.58,0.533333333333333,0.54,0.62,0.586666666666667,0.533333333333333,0.593333333333333,0.566666666666667,0.586666666666667,0.546666666666667,0.546666666666667,0.52,0.653333333333333,0.593333333333334,-1,0.213333333333333,0.2,0.213333333333333,0.133333333333333,0.2,0.173333333333333,0.22,0.18,0.246666666666667,0.24,0.233333333333333,0.226666666666667,0.146666666666667,0.246666666666667,0.186666666666667,0.146666666666667,0.193333333333333,0.186666666666667,0.233333333333333,0.173333333333333,0.133333333333333,0.146666666666667,0.12,-1,-1,-1,-1,-1,0.133333333333333,0.16,0.18,0.1,0,0,0,0,0,0,0,-1,-1,-1,0,0,-1,-1,-1,-1,0,0,0,-1,-1,-1,0,0,0,0,0,0,0,0,0,0,0,0,0,0,0,0,0,0,0,0,0,0,0,0,0,0,0,0,0,-1,-1,0,0,0,0,0,0,0,0,0,0,0,0,0,0,0,0,0,0,0,0,0,0,0,0,0,0,0,0,0,0.193333333333333,0.22,0.166666666666667,0.173333333333333,0.3,0.186666666666667,0.233333333333333,0.24,0.306666666666667,0.266666666666667,0.186666666666667,0.233333333333334,0.206666666666667,0.286666666666667,0.233333333333333,0.3,0.3,-1,-1,-1,0.3,0.346666666666667,0.406666666666667,0.326666666666667,0.346666666666667,0.36,0.326666666666667,0.38,0.406666666666667,0.326666666666667,0.393333333333333,0.38,0.393333333333334,-1,-1,-1,-1,0.366666666666667,0.413333333333333,0.42,0.386666666666667,0.433333333333333,0.373333333333333,0.413333333333333,0.42,0.366666666666667,0.306666666666667,0.393333333333333,0.42,0.386666666666667,0.473333333333333,0.413333333333333,0.413333333333333
-1,-1,-1,-1,-1,-1,0.173333333333333,0.186666666666667,0.186666666666667,0.18,0.18,-1,-1,-1,-1,-1,0.586666666666667,0.54,0.56,0.566666666666666,0.526666666666667,0.5,0.48,0.593333333333333,0.58,0.566666666666667,0.586666666666667,0.526666666666667,0.546666666666667,0.16,0.173333333333333,0.193333333333333,-1,-1,-1,-1,-1,-1,-1,-1,-1,-1,-1,0.153333333333333,0.2,0.193333333333333,0.14,0.166666666666667,0.173333333333333,0.186666666666667,0.186666666666667,0.166666666666667,0.206666666666667,0.133333333333333,0.173333333333333,0.146666666666667,0.133333333333333,0.16,0.213333333333333,0.126666666666667,0.146666666666667,0.14,0.106666666666667,0,0,0,0,0,0,0,0,0,0,0,0,0,0,-1,-1,-1,-1,0,0,0,-1,-1,-1,0,0,0,0,0,0,0,0,0,0,0,0,0,0,0,0,0,0,0,0,0,0,0,0,0,0,0,0,0,0,0,0,0,0,0,0,0,0,0,0,0,0,0,0,0,0,0,0,0,0,0,0,0,0,0,0,0,0,0,0.113333333333333,0.153333333333333,0.193333333333333,0.186666666666667,0.16,0.166666666666667,0.226666666666667,0.206666666666667,0.16,0.253333333333333,0.193333333333333,0.253333333333333,0.28,0.206666666666667,0.293333333333333,0.266666666666667,0.266666666666667,0.246666666666667,0.286666666666667,0.373333333333333,0.273333333333333,0.393333333333333,0.366666666666667,0.313333333333333,0.326666666666666,0.406666666666667,0.38,0.36,0.36,0.373333333333333,0.46,0.353333333333334,0.453333333333333,0.473333333333333,0.553333333333334,0.48,-1,-1,-1,0.48,0.453333333333333,0.4,0.466666666666667,0.426666666666667,0.413333333333333,0.426666666666667,0.42,0.38,0.426666666666666,0.42,0.366666666666667,0.453333333333333,0.373333333333333,0.346666666666667
-1,-1,-1,-1,-1,-1,0.133333333333333,0.1,0.08,0.173333333333333,-1,-1,-1,-1,-1,0.553333333333333,0.486666666666666,0.566666666666666,0.52,-1,-1,-1,-1,-1,-1,-1,-1,-1,0.173333333333333,0.173333333333333,0.14,0.206666666666667,0.173333333333333,0.16,0.16,0.173333333333333,0.24,0.146666666666667,0.16,0.14,0.206666666666667,0.226666666666667,0.226666666666667,0.186666666666667,0.193333333333333,0.16,0.16,0.173333333333333,0.153333333333333,0.153333333333333,0.226666666666667,0.186666666666667,0.16,0.133333333333333,0.126666666666667,0.12,0.133333333333333,0.113333333333333,0.2,0.166666666666667,0.166666666666667,0.153333333333333,0,-1,-1,-1,-1,0,0,0,0,0,0,0,0,0,0,0,0,0,0,0,0,0,0,0,0,0,0,0,0,0,0,0,0,-1,-1,-1,-1,0,0,0,0,0,0,0,0,0,0,0,0,0,0,0,0,0,0,0,0,0,0,0,0,0,0,0,0,0,0,0,0,0,0,0,0,0,0,0,0,0,0,0,0,0,0,0,0.133333333333333,0.213333333333333,0.186666666666667,0.24,0.173333333333333,0.186666666666667,0.22,0.266666666666667,0.24,0.2,0.233333333333333,0.2,0.293333333333333,0.193333333333333,0.246666666666667,0.206666666666667,0.386666666666667,0.313333333333333,0.266666666666667,0.306666666666667,0.386666666666667,0.333333333333333,0.44,0.413333333333333,0.326666666666667,0.32,0.38,0.406666666666667,0.346666666666667,0.44,0.36,0.426666666666667,0.533333333333334,0.513333333333334,0.48,0.6,0.486666666666667,-1,-1,-1,0.42,0.44,0.486666666666667,0.48,0.44,0.386666666666667,0.446666666666667,0.38,0.386666666666667,0.453333333333333,0.46,0.44,0.393333333333333,0.44
0,0,0,0,0,0,0,0.133333333333333,0.126666666666667,0.126666666666667,0.12,0.16,0.173333333333333,-1,-1,0.58,0.586666666666667,0.526666666666667,0.52,0.586666666666666,0.106666666666667,0.133333333333333,0.16,0.173333333333333,-1,-1,-1,-1,0.14,0.186666666666667,0.16,-1,0.186666666666667,0.1,0.153333333333333,0.206666666666667,0.206666666666667,0.133333333333333,0.153333333333333,0.2,0.233333333333333,0.173333333333333,0.14,0.18,0.153333333333333,0.193333333333333,0.166666666666667,0.18,-1,-1,-1,-1,-1,-1,0.2,0.193333333333333,0.146666666666667,0.14,0.113333333333333,0.166666666666667,0,0,0,0,0,0,0,0,0,0,0,0,0,0,0,0,0,0,0,0,0,0,0,0,0,0,0,0,-1,-1,-1,-1,0,0,0,-1,-1,-1,-1,0,0,0,0,0,0,0,0,0,0,0,0,-1,-1,-1,-1,-1,0,0,0,0,0,0,0,0,0,0,-1,-1,0,-1,-1,-1,0,0,0,0,0,0,0,0,0,0,0,0,0,0.173333333333333,0.166666666666667,0.18,0.2,0.22,0.2,-1,-1,0.173333333333333,0.206666666666667,0.286666666666667,0.206666666666667,0.306666666666667,0.246666666666667,0.353333333333333,0.266666666666667,0.253333333333333,0.26,0.373333333333334,0.36,0.36,0.393333333333333,0.326666666666667,0.393333333333333,0.413333333333333,0.426666666666667,0.406666666666667,0.413333333333334,0.466666666666667,0.44,0.406666666666667,0.453333333333333,0.466666666666667,0.426666666666667,0.6,0.6,0.7,0.466666666666667,0.386666666666667,-1,0.56,0.473333333333333,0.526666666666667,0.453333333333333,0.433333333333333,0.493333333333334,0.44,0.393333333333333,0.42,0.426666666666667,0.42,0.48,0.433333333333333,0.366666666666666,0.386666666666667
0,0,0,0,0,0,0,0,0,0,0,0,0,0,0,0,0.173333333333333,0.133333333333333,0.166666666666667,0.113333333333333,0.12,0.146666666666667,0.193333333333333,0.173333333333333,0.133333333333333,0.2,0.186666666666667,0.193333333333333,0.166666666666667,0.16,0.133333333333333,-1,0.133333333333333,0.213333333333333,0.146666666666667,-1,-1,-1,-1,-1,-1,-1,-1,-1,-1,0.14,0.113333333333333,-1,-1,-1,-1,-1,-1,0.16,0.16,0.133333333333333,-1,-1,-1,-1,0,0,0,0,0,0,0,0,0,0,0,0,0,0,0,0,0,0,0,0,0,0,0,0,0,0,0,0,-1,-1,-1,-1,0,0,0,0,0,-1,-1,0,0,0,-1,-1,-1,-1,0,0,0,0,0,-1,-1,-1,-1,-1,0,0,0,0,0,0,0,0,0,0,0,0,0,0,0,0,0,0,0,0,0,0,0,0,0,0,0,0,0,0.153333333333333,0.12,0.16,0.186666666666667,0.193333333333333,0.233333333333333,-1,-1,-1,-1,-1,-1,-1,-1,-1,-1,-1,-1,-1,-1,0.313333333333333,0.353333333333333,0.433333333333333,0.433333333333334,0.353333333333333,0.42,0.333333333333333,0.413333333333333,0.4,0.44,0.433333333333333,0.44,0.506666666666667,0.573333333333333,0.58,0.613333333333333,0.546666666666667,0.466666666666667,0.426666666666667,0.513333333333333,0.473333333333333,0.593333333333333,0.44,0.426666666666667,0.593333333333333,0.553333333333333,0.466666666666667,0.466666666666667,0.526666666666667,0.353333333333333,0.44,0.386666666666667,0.426666666666667,0.366666666666667,0.4
0,0,0,0,0,0,0,0,0,0,0,0,0,0,0,0,0,0,0,0.113333333333333,0.16,0.133333333333333,0.153333333333333,0.133333333333333,0.106666666666667,0.14,0.16,0.0866666666666667,0.153333333333333,0.133333333333333,0.126666666666667,-1,0.133333333333333,0.153333333333333,-1,-1,-1,-1,-1,-1,-1,-1,-1,-1,-1,0.16,0.113333333333333,0.153333333333333,0.166666666666667,0.2,0.0933333333333333,0.12,0.133333333333333,0.16,0.146666666666667,0.12,-1,-1,-1,-1,0,0,0,-1,-1,-1,0,0,0,0,0,-1,-1,-1,-1,0,0,-1,-1,-1,-1,0,0,0,0,0,0,0,0,0,0,0,0,0,0,0,0,0,0,0,0,0,-1,-1,-1,-1,0,0,0,0,0,0,-1,-1,-1,-1,0,0,0,0,0,0,0,0,0,0,0,0,0,0,0,0,0,0,0,0,0,0,0,0,0,0,0,0,0.146666666666667,0.173333333333333,0.233333333333333,0.18,0.16,0.193333333333333,0.173333333333333,-1,-1,-1,-1,-1,-1,-1,-1,-1,-1,-1,-1,-1,-1,-1,-1,0.38,0.46,0.4,0.486666666666667,0.433333333333333,0.393333333333333,0.406666666666667,0.493333333333334,0.48,0.573333333333333,0.56,0.473333333333333,0.653333333333333,0.68,0.686666666666667,0.493333333333333,-1,-1,-1,-1,-1,-1,-1,0.473333333333333,0.4,0.46,0.44,0.473333333333333,0.433333333333333,0.44,0.386666666666666,0.446666666666667,0.493333333333333
-1,-1,-1,-1,-1,-1,0,0,0,0,-1,-1,-1,-1,-1,-1,0,0,0,-1,-1,-1,-1,0.166666666666667,0.0933333333333333,0.0866666666666667,0.14,0.206666666666667,0.16,0.153333333333333,0.166666666666667,0.193333333333333,0.12,0.166666666666667,0.12,0.146666666666667,0.173333333333333,0.153333333333333,0.12,0.126666666666667,0.126666666666667,0.153333333333333,0.14,0.146666666666667,0.193333333333333,0.133333333333333,0.153333333333333,0.16,0.126666666666667,0.166666666666667,0.173333333333333,0.113333333333333,0.146666666666667,0,0,0,0,0,0,0,0,0,0,-1,-1,-1,0,0,0,0,0,-1,-1,-1,-1,0,0,-1,-1,-1,-1,0,0,-1,-1,-1,0,0,0,0,0,0,0,0,0,0,0,0,0,0,0,0,0,0,0,0,0,0,0,0,0,0,0,0,0,0,0,0,0,0,0,0,0,0,0,0,0,0,0,0,0,0,0,0,0,0,0,0,0,0,0,0,0,0,0.18,0.186666666666667,0.193333333333333,0.14,0.246666666666667,0.173333333333333,0.24,0.14,0.226666666666667,0.213333333333333,0.2,-1,-1,-1,-1,-1,-1,-1,-1,-1,-1,-1,-1,0.413333333333333,0.406666666666666,0.38,0.393333333333333,0.386666666666667,0.486666666666667,0.5,0.493333333333333,0.546666666666667,0.486666666666667,0.493333333333333,0.466666666666667,0.533333333333333,0.66,0.633333333333333,0.546666666666667,-1,-1,-1,-1,-1,-1,-1,0.533333333333334,0.5,0.5,0.52,0.506666666666667,0.473333333333333,0.44,0.48,0.386666666666667,0.493333333333333
-1,-1,-1,-1,-1,-1,0,0,0,0,0,0,-1,-1,-1,-1,0,0,0,-1,-1,-1,-1,-1,-1,-1,-1,0.153333333333333,0.173333333333333,0.106666666666667,-1,-1,0.133333333333333,0.153333333333333,0.16,0.133333333333333,0.146666666666667,0.193333333333333,0.14,0.16,0.153333333333333,0.16,0.126666666666667,0.16,0.16,0.106666666666667,0.146666666666667,0.16,0.12,0.133333333333333,0,0,0,0,0,0,0,0,0,0,0,0,-1,-1,-1,-1,0,0,0,0,0,0,0,0,0,0,0,-1,-1,-1,-1,0,0,-1,-1,-1,0,0,0,0,0,0,0,0,0,-1,-1,-1,-1,0,0,0,0,0,0,0,0,0,0,0,0,0,0,0,0,0,0,0,0,0,0,0,0,0,0,0,0,0,0,0,0,0,0,0,0,0,0,0,0,0,0,0,0,0,0.173333333333334,0.206666666666667,0.153333333333333,0.16,0.173333333333333,0.206666666666667,0.2,0.24,0.22,0.193333333333334,0.213333333333333,0.246666666666667,0.226666666666667,0.3,0.233333333333333,0.253333333333333,0.293333333333334,0.273333333333333,0.366666666666667,0.366666666666667,0.293333333333334,0.373333333333333,0.373333333333333,0.36,0.453333333333333,0.426666666666667,0.42,0.493333333333333,0.506666666666666,0.48,0.473333333333333,0.493333333333333,0.506666666666667,0.52,0.533333333333333,0.566666666666666,0.706666666666666,0.74,0.773333333333334,0.573333333333333,0.58,0.553333333333333,0.52,0.586666666666667,0.526666666666667,0.64,0.553333333333333,0.486666666666667,0.52,0.54,0.46,0.426666666666667,0.433333333333333,0.453333333333334,0.466666666666667,0.446666666666667
0,0,0,0,0,0,0,-1,0,0,-1,-1,-1,-1,-1,-1,0,0,0,0,0,0,0,-1,-1,-1,0,0,0,0.0866666666666667,0.106666666666667,0.173333333333333,0.106666666666667,0.106666666666667,0.133333333333333,0.14,-1,-1,-1,-1,0.12,0.1,0.18,0.12,0.133333333333333,0,0,-1,-1,-1,-1,0,0,0,0,0,0,0,0,0,0,0,0,0,0,0,0,0,0,0,0,0,0,0,0,0,0,0,0,0,0,0,0,-1,-1,-1,0,0,0,0,0,0,0,0,0,-1,-1,-1,-1,0,0,0,-1,-1,-1,-1,0,0,0,0,0,-1,-1,-1,-1,0,0,0,0,0,0,0,0,0,0,0,0,0,0,0,0,0,0,0,0,0,0,0,0,0,0,0,0,0.166666666666667,0.206666666666667,0.18,0.2,0.193333333333333,0.24,0.193333333333333,0.213333333333333,0.22,0.266666666666667,0.206666666666667,0.26,0.24,0.253333333333333,0.213333333333333,0.206666666666667,0.28,0.326666666666666,0.293333333333333,0.386666666666667,0.273333333333333,0.333333333333333,0.333333333333333,0.34,0.38,0.44,0.406666666666667,0.486666666666667,0.513333333333333,0.566666666666667,0.42,0.553333333333333,0.526666666666667,0.54,0.586666666666667,0.566666666666667,0.633333333333333,0.58,0.753333333333333,0.82,0.8,0.813333333333333,0.8,0.78,0.58,0.586666666666667,0.62,0.573333333333333,0.6,0.546666666666667,0.58,0.533333333333333,0.526666666666667,0.46,0.486666666666667,0.466666666666667,0.406666666666667
0,0,0,0,0,0,-1,-1,0,0,0,0,0,0,0,0,0,0,0,0,-1,-1,-1,0,0,0,0,0,0,0,0,-1,-1,-1,-1,-1,-1,-1,-1,-1,-1,0,0,0,0,0,0,-1,-1,-1,-1,-1,-1,0,0,0,0,0,0,0,0,0,0,0,0,0,0,0,0,0,0,0,0,0,0,0,0,0,0,0,0,0,0,0,0,0,0,-1,-1,-1,-1,0,0,0,0,0,0,0,-1,0,0,0,-1,-1,-1,-1,0,0,0,0,0,-1,-1,-1,-1,0,0,0,0,0,0,0,0,0,0,0,0,0,0,0,0,0,0,0,0,0,0,0,0,0,0,0,0,0.166666666666667,0.16,0.193333333333333,0.193333333333333,0.153333333333333,0.16,0.193333333333333,0.16,0.266666666666667,0.2,0.273333333333333,0.206666666666667,0.22,0.3,0.32,0.266666666666667,0.32,0.306666666666667,0.386666666666666,0.333333333333333,0.36,0.44,0.333333333333333,0.366666666666667,0.42,0.44,0.486666666666667,0.453333333333333,0.466666666666666,0.493333333333333,0.566666666666666,0.466666666666667,0.653333333333333,0.566666666666666,0.566666666666667,0.633333333333333,0.64,0.653333333333333,0.8,0.84,0.813333333333333,0.88,0.833333333333333,0.626666666666666,0.666666666666667,0.62,0.586666666666667,0.566666666666666,0.626666666666666,0.52,0.533333333333334,0.520000000000001,0.486666666666667,0.506666666666667,0.413333333333333,0.506666666666667,0.486666666666667
0,0,0,0,0,0,-1,-1,0,0,0,0,0,0,0,0,0,0,0,0,-1,-1,-1,0,-1,0,0,0,0,-1,0,-1,-1,-1,-1,-1,-1,-1,-1,-1,-1,0,-1,-1,0,0,0,0,0,0,-1,-1,-1,0,0,-1,-1,-1,-1,-1,0,0,-1,-1,-1,-1,-1,0,0,0,0,0,0,0,0,0,0,0,0,0,0,0,0,0,0,0,0,-1,-1,-1,-1,0,0,0,0,0,0,0,0,0,0,0,0,0,-1,-1,0,0,0,0,0,0,0,0,0,0,0,0,0,0,0,0,0,0,0,0,0,0,-1,-1,-1,-1,-1,-1,-1,-1,-1,-1,0,0,0,0,0,0.173333333333333,0.133333333333333,0.22,0.16,0.226666666666667,0.166666666666667,0.22,0.186666666666667,0.2,0.233333333333333,0.24,0.24,0.233333333333333,0.313333333333333,0.26,0.28,0.346666666666667,0.293333333333333,0.266666666666667,0.353333333333333,0.3,0.32,0.38,0.46,0.406666666666667,0.446666666666666,0.493333333333333,0.48,0.593333333333333,0.506666666666667,0.526666666666667,0.493333333333333,0.54,0.539999999999999,-1,0.613333333333333,0.62,0.666666666666667,0.706666666666667,0.913333333333333,0.893333333333334,0.886666666666666,0.893333333333333,0.666666666666666,-1,-1,-1,-1,-1,-1,-1,0.573333333333333,0.513333333333333,0.533333333333333,0.546666666666666,0.506666666666667,0.506666666666667
-1,-1,-1,-1,-1,-1,-1,-1,0,0,-1,-1,0,0,0,0,0,0,0,0,0,0,0,0,0,0,0,0,0,-1,0,0,0,0,0,0,0,0,-1,-1,-1,0,-1,-1,0,0,0,0,0,0,0,0,0,0,0,0,0,-1,-1,0,0,0,-1,-1,-1,-1,0,0,0,0,0,-1,-1,-1,-1,0,-1,-1,-1,-1,0,0,0,0,0,0,0,-1,-1,-1,0,0,0,0,0,0,0,0,0,0,0,0,0,0,0,0,0,0,0,0,0,0,-1,-1,-1,0,0,0,0,0,0,0,0,0,0,0,0,0,-1,-1,-1,-1,-1,-1,-1,-1,-1,-1,-1,-1,-1,-1,-1,-1,-1,0.186666666666667,0.206666666666667,0.22,0.213333333333333,0.2,0.22,-1,-1,-1,-1,-1,-1,-1,-1,0.26,0.346666666666667,0.34,0.313333333333333,0.346666666666667,0.353333333333333,0.406666666666667,0.44,0.34,0.453333333333333,0.533333333333333,0.553333333333334,0.56,0.593333333333333,0.52,0.586666666666667,0.566666666666667,-1,-1,-1,-1,-1,0.726666666666667,0.92,0.906666666666667,0.893333333333334,0.926666666666666,0.733333333333333,-1,-1,-1,-1,-1,-1,-1,0.506666666666667,0.52,0.46,0.533333333333333,0.533333333333333,0.493333333333334
-1,-1,-1,-1,-1,-1,-1,-1,0,0,-1,-1,-1,-1,-1,-1,-1,-1,-1,-1,-1,-1,-1,-1,-1,-1,0,0,0,-1,0,0,0,0,0,0,0,0,0,0,0,0,-1,-1,0,0,0,0,0,0,0,0,0,0,0,0,0,0,0,0,0,0,0,0,0,0,0,0,0,0,0,-1,-1,-1,-1,0,-1,-1,-1,-1,0,0,-1,-1,-1,0,0,0,-1,0,0,0,0,0,0,-1,-1,-1,-1,0,0,0,-1,-1,0,0,0,0,0,0,0,0,0,0,0,0,0,0,0,0,0,0,0,0,0,0,0,0,-1,-1,-1,0,0,0,0,-1,-1,0,0,0,0,-1,-1,-1,0.22,0.106666666666667,0.233333333333333,0.186666666666667,0.18,0.213333333333333,0.166666666666667,-1,-1,-1,-1,-1,-1,-1,-1,-1,-1,-1,-1,-1,-1,0.406666666666667,0.433333333333333,0.413333333333333,0.413333333333333,0.506666666666667,0.54,0.5,0.44,0.546666666666666,0.533333333333334,-1,-1,-1,-1,-1,-1,-1,0.72,0.966666666666666,0.98,0.966666666666667,0.92,0.693333333333333,-1,-1,-1,-1,-1,-1,0.586666666666666,0.48,0.6,0.513333333333334,0.52,0.5
0,0,0,0,0,0,0,0,0,0,-1,-1,-1,-1,-1,-1,-1,-1,-1,-1,-1,-1,-1,-1,-1,-1,0,0,0,-1,0,0,0,0,0,0,0,0,0,0,0,0,-1,-1,0,0,0,0,0,0,0,0,0,0,0,0,0,0,0,0,0,0,0,0,0,0,0,0,0,0,0,0,0,0,0,0,0,0,0,0,0,0,-1,-1,-1,0,0,0,0,0,0,0,0,0,0,-1,-1,-1,-1,0,0,0,-1,-1,-1,-1,0,0,0,0,-1,-1,-1,-1,-1,-1,-1,-1,0,0,0,0,0,0,0,0,0,-1,-1,-1,0,0,0,0,-1,-1,-1,0,0,0,0,-1,-1,-1,0.18,0.186666666666667,0.153333333333333,0.146666666666667,0.213333333333333,0.173333333333333,0.16,-1,-1,-1,-1,-1,-1,-1,-1,-1,-1,-1,-1,-1,-1,0.393333333333333,0.36,0.513333333333334,0.406666666666667,0.593333333333333,0.466666666666667,0.5,0.566666666666667,0.606666666666666,-1,-1,-1,-1,-1,-1,-1,0.826666666666667,0.76,0.98,0.98,0.973333333333333,0.973333333333333,0.853333333333333,0.786666666666667,0.746666666666667,0.693333333333333,0.62,0.68,0.64,0.7,0.553333333333333,0.513333333333333,0.526666666666667,0.526666666666667,0.526666666666667
0,0,0,0,0,0,0,0,0,0,0,0,0,0,0,0,0,0,0,0,0,0,0,0,-1,-1,0,0,0,0,0,0,-1,-1,-1,-1,-1,-1,-1,-1,-1,-1,-1,0,0,0,0,-1,-1,-1,-1,-1,0,0,0,-1,-1,0,0,0,-1,-1,-1,-1,0,0,0,0,0,0,0,0,0,0,0,0,0,0,0,0,0,0,0,0,0,0,0,0,0,0,0,0,0,0,0,0,0,0,0,0,0,0,-1,-1,-1,-1,0,0,0,0,-1,-1,-1,-1,-1,-1,-1,-1,0,0,0,0,0,0,0,0,0,-1,-1,-1,-1,-1,-1,0,-1,-1,-1,0,0,0,0,-1,-1,-1,0.193333333333333,0.14,0.126666666666667,0.16,0.22,0.193333333333333,0.186666666666667,-1,-1,-1,-1,-1,-1,-1,-1,-1,-1,-1,-1,-1,-1,0.386666666666667,0.5,0.46,0.48,0.42,0.513333333333333,0.626666666666667,0.573333333333333,0.573333333333333,0.56,-1,-1,-1,-1,-1,0.806666666666666,0.833333333333333,0.993333333333333,1,0.973333333333333,0.993333333333333,0.986666666666667,0.953333333333333,0.94,0.733333333333333,0.66,0.653333333333333,0.68,0.56,0.666666666666667,0.58,0.626666666666667,0.5,0.513333333333334,0.526666666666667
0,0,0,0,0,0,0,0,0,0,0,0,0,0,0,-1,0,0,0,0,0,0,0,0,0,0,0,0,0,0,0,0,0,0,-1,-1,-1,-1,-1,-1,-1,-1,-1,0,0,0,-1,-1,-1,-1,-1,-1,0,0,0,0,-1,0,0,0,0,-1,-1,-1,0,0,0,0,0,0,0,0,0,0,0,0,0,0,0,0,0,0,0,0,0,0,0,0,0,0,0,0,0,0,0,0,0,0,0,0,0,0,0,0,0,0,0,0,0,0,0,0,0,0,0,-1,-1,0,0,0,0,0,0,0,0,0,0,-1,-1,-1,-1,-1,-1,-1,-1,-1,-1,-1,-1,-1,-1,-1,-1,-1,0.166666666666667,0.173333333333333,0.233333333333333,0.18,0.22,0.246666666666667,0.18,-1,-1,-1,-1,-1,-1,-1,-1,-1,-1,-1,-1,-1,-1,0.306666666666667,0.46,0.553333333333333,0.48,0.48,0.513333333333333,0.573333333333333,0.546666666666667,0.599999999999999,0.673333333333333,0.7,-1,-1,-1,0.993333333333333,0.98,0.98,1,1,0.993333333333333,1,0.973333333333333,0.986666666666667,0.973333333333333,-1,-1,-1,0.706666666666667,0.62,0.62,0.62,0.613333333333333,0.626666666666666,0.486666666666667,0.633333333333333
0,0,0,0,0,0,0,0,0,0,0,0,0,0,0,0,0,0,0,0,0,0,0,0,0,0,0,0,0,0,0,0,0,0,0,0,0,0,0,0,0,0,0,0,0,0,0,0,0,0,0,0,0,0,0,0,0,0,0,0,0,0,0,-1,-1,-1,0,0,0,0,0,0,0,0,0,0,0,0,0,0,0,0,0,0,0,0,0,0,0,0,0,0,0,0,0,0,0,0,0,0,0,0,0,0,0,0,0,0,0,0,0,0,0,0,0,-1,-1,0,0,0,0,0,0,0,0,0,0,-1,-1,-1,-1,-1,-1,-1,-1,-1,-1,-1,-1,-1,-1,-1,-1,-1,0.193333333333333,0.173333333333333,0.2,0.18,0.233333333333334,0.2,0.273333333333333,0.2,0.213333333333333,0.206666666666667,0.273333333333333,0.193333333333333,-1,-1,-1,-1,0.28,-1,-1,-1,-1,0.36,0.506666666666667,0.533333333333333,0.566666666666667,0.68,0.693333333333334,0.72,0.76,0.606666666666666,0.726666666666666,0.7,0.706666666666667,-1,0.686666666666666,0.986666666666667,0.98,0.993333333333333,1,1,1,1,1,0.966666666666667,0.98,-1,-1,0.673333333333334,0.686666666666666,0.666666666666667,0.633333333333334,0.793333333333334,0.773333333333333,0.613333333333333,0.666666666666666,0.646666666666667
-1,0,0,0,0,0,0,0,0,0,0,0,0,0,0,0,0,0,0,0,0,0,0,0,0,0,0,0,0,0,0,0,0,0,0,0,0,0,0,0,0,0,0,0,0,0,0,0,0,0,0,0,0,0,0,0,0,0,0,0,0,0,0,0,0,-1,0,0,0,0,0,0,0,0,0,0,0,0,0,0,0,0,0,0,0,0,0,0,0,0,0,0,0,0,0,0,0,0,0,0,0,0,0,0,0,0,0,0,0,0,0,0,0,0,0,0,0,0,0,0,0,0,0,0,0,0,0,-1,-1,-1,0,0,0,-1,-1,-1,-1,-1,-1,-1,-1,-1,-1,-1,0.213333333333333,0.106666666666667,0.0866666666666667,0.08,0.153333333333333,0.126666666666667,0.186666666666667,0.186666666666667,0.16,0.213333333333333,0.186666666666667,0.226666666666667,0.306666666666667,0.32,0.326666666666667,0.266666666666667,0.346666666666667,0.346666666666667,0.3,0.36,0.433333333333333,0.48,0.56,0.453333333333333,0.646666666666667,0.633333333333333,0.76,0.793333333333333,0.82,0.846666666666667,0.88,0.906666666666667,0.66,0.753333333333333,0.82,0.986666666666667,1,1,1,1,1,0.993333333333333,1,0.986666666666667,0.986666666666667,0.820000000000001,0.786666666666667,0.746666666666666,0.9,0.866666666666666,0.82,0.766666666666667,0.74,0.686666666666667,0.726666666666667,0.573333333333333
-1,0,-1,-1,-1,-1,-1,-1,-1,-1,-1,-1,-1,-1,-1,0,0,0,0,0,0,0,0,0,0,0,0,0,0,0,0,0,0,0,0,0,0,0,0,0,0,0,0,0,0,0,0,0,0,0,0,0,0,0,0,0,0,0,0,0,0,0,0,0,0,0,0,0,0,0,0,0,0,0,0,0,0,0,0,0,0,0,0,0,0,0,0,0,0,0,0,0,0,0,0,0,0,0,0,0,0,0,0,0,0,0,0,0,0,0,0,0,0,0,0,0,0,0,0,0,0,0,0,0,0,0,0,0,0,0,0,0,0,0,0,0,0,0,0,0,0,-1,-1,-1,0.166666666666667,0.1,0.08,0.133333333333333,0.113333333333333,0.1,0.133333333333333,0.153333333333333,0.166666666666667,0.2,0.253333333333333,0.18,0.253333333333333,0.266666666666667,0.246666666666667,0.266666666666667,0.286666666666667,0.393333333333333,0.44,0.4,0.48,0.406666666666667,0.506666666666667,0.5,0.546666666666667,0.56,0.593333333333334,0.726666666666667,0.793333333333333,0.813333333333333,0.86,0.9,0.953333333333333,0.96,0.966666666666667,0.993333333333333,1,1,1,1,1,1,1,0.986666666666667,0.966666666666667,0.973333333333333,0.953333333333333,0.846666666666666,0.826666666666667,0.853333333333333,0.826666666666667,0.706666666666667,0.733333333333333,0.686666666666667,0.76,0.673333333333333
0,0,-1,-1,-1,-1,-1,-1,-1,-1,-1,-1,-1,-1,0,0,-1,-1,-1,-1,-1,-1,0,0,0,-1,0,0,0,0,0,0,0,0,0,0,0,0,0,0,0,0,0,0,0,0,0,0,0,0,0,0,0,0,0,0,0,0,0,0,0,0,0,0,0,0,0,0,-1,0,0,-1,0,-1,0,0,0,0,0,0,0,0,0,0,0,0,0,0,0,0,0,0,0,0,0,0,0,0,0,0,0,0,0,0,0,0,0,0,0,0,0,0,0,0,0,0,0,0,0,0,0,0,0,-1,-1,0,0,0,0,0,0,0,0,0,0,0,0,0,0,0,0,0,0.126666666666667,0.18,0.0533333333333334,0.1,0.12,0.0733333333333334,0.113333333333333,0.153333333333333,0.12,0.206666666666667,0.166666666666667,0.186666666666667,0.186666666666667,0.226666666666667,0.26,0.253333333333333,0.28,0.273333333333333,0.273333333333333,0.38,0.333333333333333,0.413333333333333,0.42,0.513333333333334,0.453333333333333,0.566666666666667,0.606666666666667,0.613333333333333,0.64,0.773333333333333,0.793333333333333,0.813333333333333,0.833333333333333,0.906666666666667,0.946666666666667,0.953333333333333,0.973333333333333,1,0.973333333333333,1,1,1,1,1,1,0.98,0.966666666666667,0.94,0.92,0.906666666666667,0.853333333333333,0.84,0.82,0.72,0.753333333333333,0.673333333333333,0.706666666666667,0.653333333333334
0,0,-1,-1,-1,-1,-1,-1,-1,-1,-1,-1,-1,-1,0,0,-1,-1,-1,-1,-1,-1,0,0,0,-1,-1,-1,-1,0,0,0,0,0,0,0,0,0,0,-1,-1,-1,-1,0,0,0,0,0,0,0,0,0,0,0,0,0,0,0,0,0,0,-1,-1,-1,0,0,0,0,0,0,0,0,0,0,0,0,0,0,0,0,0,0,0,0,0,0,0,0,0,0,0,0,0,0,0,0,0,0,0,0,0,0,0,0,0,0,0,0,0,0,0,0,0,0,0,0,0,0,0,0,0,0,0,0,0,0,0,0,0,0,0,0,0,0,0,0,0,0,0,0,0,0,0.0533333333333333,0.0933333333333333,0.08,0.0533333333333334,0.106666666666667,0.0866666666666667,0.126666666666667,0.153333333333333,0.153333333333333,0.18,0.14,0.16,0.22,0.24,0.246666666666667,0.28,0.286666666666667,0.266666666666667,0.24,0.34,0.393333333333333,0.386666666666667,0.413333333333333,0.44,0.46,0.513333333333334,0.56,0.6,0.633333333333333,0.693333333333333,0.8,0.84,0.866666666666666,0.926666666666667,0.926666666666666,0.933333333333333,0.933333333333333,0.96,0.993333333333333,0.993333333333333,0.986666666666667,0.993333333333333,1,1,0.986666666666667,0.973333333333333,0.933333333333333,0.9,0.906666666666666,0.853333333333333,0.873333333333333,0.8,0.76,0.773333333333333,0.746666666666666,0.693333333333333,0.613333333333334,0.62
0,0,0,0,0,0,0,-1,-1,-1,-1,-1,-1,-1,0,0,-1,-1,-1,-1,-1,-1,0,0,-1,-1,-1,-1,-1,-1,-1,-1,-1,-1,0,-1,-1,0,0,-1,-1,-1,-1,-1,-1,-1,-1,0,0,0,0,0,0,0,0,-1,-1,-1,-1,0,0,-1,-1,-1,0,0,-1,-1,-1,0,-1,-1,-1,-1,-1,-1,0,0,0,0,0,0,0,0,0,0,0,0,0,0,0,0,0,0,0,0,0,0,0,0,0,0,0,0,0,0,0,0,0,0,0,0,0,0,0,0,0,0,0,0,0,0,0,0,0,0,0,0,0,0,0,0,0,0,0,0,0,0,0,0,0,0,0.0533333333333333,0.0333333333333333,0.08,0.06,0.166666666666667,0.113333333333333,0.146666666666667,0.153333333333333,0.126666666666667,0.166666666666667,0.126666666666667,0.153333333333333,0.206666666666667,0.226666666666667,0.193333333333333,0.193333333333333,0.24,0.3,0.333333333333333,0.333333333333333,0.333333333333333,0.34,0.466666666666667,0.52,0.526666666666667,0.5,0.553333333333334,0.62,0.606666666666667,0.693333333333333,0.766666666666667,0.786666666666667,0.846666666666667,0.853333333333333,0.94,0.919999999999999,0.953333333333333,0.946666666666667,0.96,0.98,0.993333333333333,0.986666666666667,1,0.98,0.98,0.953333333333334,0.906666666666667,0.926666666666666,0.906666666666667,0.886666666666667,0.786666666666667,0.806666666666667,0.78,0.733333333333333,0.68,0.62,0.673333333333333,0.666666666666667
0,0,0,0,0,0,0,0,0,0,0,0,0,0,0,0,0,-1,-1,-1,-1,-1,0,0,-1,-1,-1,-1,-1,-1,-1,-1,-1,-1,0,-1,-1,0,0,0,0,0,-1,-1,-1,-1,-1,0,0,0,0,0,0,0,0,-1,-1,-1,0,0,-1,-1,-1,-1,0,0,-1,-1,-1,0,-1,-1,-1,-1,-1,-1,0,-1,-1,-1,-1,-1,-1,0,0,0,0,0,0,0,0,0,0,0,0,0,0,0,0,0,0,0,0,0,0,0,0,0,0,0,0,0,0,0,0,0,0,0,0,0,0,0,0,0,0,0,0,0,0,0,0,0,0,0,0,0,0,0,0,0,0,0,0.0933333333333333,0.06,0.1,0.08,0.113333333333333,0.0866666666666667,0.166666666666667,0.193333333333333,0.24,0.193333333333334,0.286666666666667,0.266666666666667,0.2,0.246666666666667,0.213333333333333,0.246666666666667,0.233333333333333,0.313333333333334,0.353333333333333,0.293333333333333,0.313333333333333,0.38,0.406666666666667,0.44,0.493333333333334,0.48,0.48,0.526666666666666,0.56,0.64,0.733333333333333,0.74,0.826666666666667,0.84,0.846666666666667,0.926666666666666,0.9,0.933333333333333,0.966666666666667,0.98,0.986666666666667,1,0.98,0.98,0.966666666666667,0.94,0.92,0.846666666666667,0.84,0.853333333333333,0.806666666666667,0.746666666666667,0.78,0.713333333333333,0.673333333333333,0.633333333333333,0.646666666666666,0.58
0,0,0,0,0,0,0,0,0,0,0,0,0,0,0,0,0,0,0,0,0,0,0,0,0,0,0,0,0,0,-1,-1,-1,-1,0,-1,-1,0,0,0,0,0,0,0,-1,-1,-1,-1,-1,0,0,0,0,0,0,-1,-1,-1,0,0,0,0,0,-1,0,0,0,0,0,0,0,0,0,-1,-1,-1,0,-1,-1,-1,-1,-1,-1,0,0,0,0,0,0,0,0,0,0,0,0,0,0,0,0,0,0,0,0,0,0,0,0,0,0,0,0,0,0,0,0,0,0,0,0,0,0,0,0,0,0,0,0,0,0,0,0,0,0,0,0,0,0,0,0,0,0,0,0.173333333333333,0.12,0.1,0.133333333333333,0.173333333333333,0.126666666666667,-1,-1,-1,-1,-1,-1,-1,-1,0.32,0.326666666666667,0.306666666666667,0.266666666666667,0.3,0.306666666666667,0.333333333333333,0.386666666666667,0.34,0.473333333333333,0.426666666666667,0.506666666666667,0.533333333333334,0.526666666666667,0.586666666666666,0.653333333333333,0.726666666666666,0.753333333333334,0.82,0.86,0.853333333333333,0.86,0.92,0.886666666666667,0.966666666666666,0.98,0.986666666666667,0.966666666666667,0.96,0.939999999999999,0.94,0.913333333333333,0.873333333333334,0.826666666666667,0.859999999999999,0.806666666666667,0.826666666666667,0.753333333333333,0.7,0.673333333333333,0.653333333333333,0.6,0.606666666666667,0.58
0,0,0,0,0,0,0,0,0,0,0,0,0,0,0,0,0,0,0,0,0,0,0,0,0,0,0,0,0,0,0,0,0,0,0,0,0,0,0,0,0,0,0,0,0,0,0,-1,0,0,0,0,0,0,0,0,0,0,0,0,0,0,0,0,0,0,0,0,0,0,0,0,0,0,0,0,0,0,0,0,0,0,0,0,0,0,0,0,0,0,0,0,0,0,0,0,0,0,0,0,0,0,0,0,0,0,0,0,0,0,0,0,0,0,0,0,0,0,0,0,0,0,0,-1,0,0,0,0,0,0,0,0,0,0,0,0,0,0,0,0,0,0,0.12,0.133333333333333,0.166666666666667,0.173333333333333,0.106666666666667,0.22,-1,-1,-1,-1,-1,-1,-1,-1,0.293333333333333,-1,-1,-1,-1,0.313333333333333,0.286666666666667,0.313333333333333,0.4,0.406666666666667,0.393333333333333,0.46,0.513333333333333,0.486666666666667,0.566666666666667,0.573333333333333,0.56,0.793333333333333,0.78,0.78,0.806666666666667,0.833333333333333,0.919999999999999,0.913333333333333,0.906666666666667,0.906666666666667,0.933333333333333,0.926666666666667,0.906666666666667,0.893333333333333,0.866666666666666,0.86,0.793333333333333,0.826666666666667,0.693333333333333,0.786666666666666,0.753333333333333,0.673333333333334,0.673333333333333,0.653333333333333,0.613333333333333,0.613333333333333,0.653333333333334,0.58
0,0,0,0,0,0,0,0,0,0,0,0,0,0,0,0,0,0,0,0,0,0,0,0,0,0,0,0,0,0,0,0,0,0,0,0,0,0,-1,0,0,0,0,0,0,0,0,-1,0,0,0,0,0,0,0,0,0,0,0,0,0,0,0,-1,-1,-1,-1,-1,0,0,0,0,0,0,0,0,0,0,0,0,0,0,0,-1,0,0,0,0,0,0,0,0,0,0,0,0,0,0,0,0,0,0,0,0,0,0,0,0,0,0,0,0,0,0,0,0,0,0,0,0,0,0,-1,-1,0,0,0,0,0,0,0,0,0,0,0,0,0,0,0,0,0,0,0,0.16,0.173333333333333,0.153333333333333,0.226666666666667,0.193333333333333,-1,-1,-1,-1,-1,-1,-1,-1,0.246666666666667,-1,-1,-1,-1,-1,0.26,0.346666666666667,0.286666666666666,0.42,0.406666666666667,0.5,0.406666666666667,0.453333333333333,0.5,0.56,0.6,0.573333333333333,0.653333333333333,0.713333333333334,0.773333333333333,0.86,0.866666666666666,0.853333333333333,0.84,0.88,0.886666666666667,0.9,0.906666666666667,0.893333333333333,0.846666666666667,0.713333333333333,0.786666666666667,0.753333333333334,0.773333333333334,0.766666666666667,0.693333333333333,0.66,0.693333333333334,0.626666666666667,0.686666666666667,0.66,0.56,0.52
0,0,0,0,0,0,0,0,0,0,0,0,0,0,0,0,0,0,0,0,0,0,0,0,0,0,0,0,0,0,0,0,0,0,0,0,0,0,0,0,0,0,0,0,0,0,0,0,0,0,0,0,0,0,-1,-1,0,0,0,0,0,0,0,0,-1,-1,-1,0,0,-1,-1,-1,-1,-1,-1,0,0,0,0,0,0,0,0,-1,0,0,0,0,0,0,0,0,0,0,0,0,0,0,0,0,0,0,0,0,0,0,0,0,0,0,0,0,0,0,0,0,0,0,0,0,0,0,0,0,0,0,0,0,0,0,0,0,0,0,0,0,0,0,0,0,0,0,0,0.166666666666667,0.133333333333333,0.146666666666667,0.18,0.166666666666667,0.2,0.18,-1,-1,0.18,0.16,0.166666666666667,0.226666666666667,0.213333333333333,0.246666666666667,0.253333333333333,0.246666666666667,-1,-1,0.3,0.32,0.406666666666667,0.286666666666667,0.366666666666667,0.393333333333334,0.486666666666667,0.526666666666667,0.506666666666667,0.593333333333333,0.566666666666667,0.633333333333333,0.773333333333333,0.72,0.7,0.8,0.773333333333334,0.806666666666667,0.766666666666667,0.773333333333333,0.84,0.873333333333333,0.8,0.873333333333334,0.82,0.72,0.786666666666667,0.72,0.64,0.746666666666666,0.693333333333334,0.693333333333333,0.653333333333333,0.593333333333333,0.526666666666667,0.54,0.526666666666667,0.473333333333333
-1,-1,-1,-1,-1,-1,-1,-1,0,0,0,0,0,0,0,0,0,0,0,0,0,0,0,0,0,0,0,0,0,0,0,0,0,0,0,0,0,0,0,0,0,0,0,0,0,0,0,0,0,0,0,0,0,0,-1,-1,-1,-1,-1,-1,-1,-1,-1,0,0,0,-1,0,0,-1,-1,-1,-1,-1,-1,0,-1,-1,-1,-1,-1,-1,0,0,0,0,0,0,0,0,0,0,0,0,0,0,0,0,0,0,0,0,0,0,0,0,0,0,0,0,0,0,0,0,0,0,0,0,0,0,0,0,0,0,0,0,0,0,0,0,0,0,0,0,0,0,0,0,0,0,0,0,0,0.146666666666667,0.126666666666667,0.113333333333333,0.16,0.2,0.133333333333333,0.18,0.186666666666667,0.166666666666667,0.186666666666667,0.253333333333333,0.226666666666667,0.193333333333333,0.193333333333333,0.24,0.213333333333333,0.226666666666667,-1,-1,0.226666666666667,0.3,0.326666666666667,0.34,0.353333333333333,0.42,0.386666666666667,0.42,0.433333333333333,0.506666666666667,0.433333333333333,0.54,0.64,0.66,0.693333333333333,0.686666666666667,0.72,0.773333333333333,0.76,0.733333333333333,0.8,0.806666666666667,0.853333333333333,0.786666666666667,0.68,0.746666666666666,0.713333333333333,0.66,0.66,0.66,0.646666666666666,0.64,0.613333333333333,0.533333333333334,0.546666666666666,0.5,0.446666666666667,0.54
-1,-1,-1,-1,-1,-1,-1,-1,0,0,0,0,-1,-1,-1,-1,-1,-1,-1,0,0,0,0,0,0,0,0,0,0,0,0,0,0,0,0,0,0,0,0,0,0,0,0,0,0,0,0,0,0,0,0,0,0,0,-1,-1,0,0,-1,-1,-1,-1,-1,0,0,0,0,0,0,0,0,0,0,0,-1,0,-1,-1,-1,-1,-1,-1,0,0,0,0,0,0,0,0,0,0,0,0,0,0,0,0,0,0,0,0,0,0,0,0,0,0,0,0,0,0,0,0,0,0,0,0,0,0,0,0,0,0,0,0,0,0,0,0,0,0,0,0,0,0,0,0,0,0,0,0,0,0,0.12,0.173333333333333,0.126666666666667,0.166666666666667,-1,-1,-1,0.2,0.186666666666667,0.14,0.233333333333333,0.26,0.22,0.22,0.286666666666666,0.26,-1,-1,0.22,0.32,0.226666666666667,0.293333333333333,0.373333333333333,0.433333333333333,0.393333333333333,0.446666666666667,0.46,0.48,0.513333333333333,0.586666666666666,0.633333333333333,0.613333333333333,0.626666666666667,0.726666666666666,0.653333333333334,0.706666666666667,0.713333333333333,0.693333333333333,0.733333333333333,0.766666666666666,0.713333333333333,0.706666666666667,0.7,0.66,0.72,0.613333333333333,0.64,0.486666666666667,0.52,0.526666666666667,0.553333333333333,0.66,0.546666666666666,0.506666666666667,0.5,0.48
-1,-1,-1,-1,-1,-1,-1,-1,0,0,0,0,-1,-1,-1,-1,-1,-1,-1,-1,-1,-1,-1,-1,-1,-1,-1,0,0,0,0,0,0,0,0,0,0,0,0,0,0,0,0,0,0,0,0,0,0,0,0,0,0,0,-1,-1,-1,-1,-1,-1,-1,-1,-1,0,0,0,0,-1,-1,0,0,0,0,0,0,0,0,0,0,0,0,0,0,0,0,0,0,0,0,0,0,0,0,0,0,0,0,0,0,0,0,0,0,0,0,0,0,0,0,0,0,0,0,0,0,0,0,0,0,0,0,0,0,0,0,0,0,0,0,0,0,0,0,0,0,0,0,0,0,0,0,0,0,0,0.153333333333333,0.206666666666667,0.16,-1,-1,-1,-1,-1,-1,-1,-1,-1,-1,-1,-1,-1,-1,-1,0.226666666666667,0.213333333333333,0.266666666666667,0.306666666666667,0.313333333333333,0.406666666666667,0.36,0.34,0.433333333333333,0.386666666666667,0.44,0.473333333333333,0.553333333333333,0.526666666666667,0.62,0.606666666666667,0.653333333333333,0.646666666666666,0.64,0.693333333333334,0.666666666666667,0.693333333333333,0.653333333333334,0.64,0.686666666666667,0.586666666666667,0.58,0.586666666666667,0.54,0.54,0.526666666666667,0.52,0.553333333333333,0.513333333333333,0.5,0.446666666666667,0.446666666666667,0.446666666666667
0,0,0,0,0,0,0,0,0,0,0,0,0,0,0,-1,-1,-1,-1,-1,-1,-1,-1,-1,-1,-1,-1,-1,-1,-1,-1,-1,0,0,0,0,0,0,0,0,0,0,0,0,0,0,0,0,0,0,0,0,0,0,0,0,-1,-1,-1,-1,-1,-1,0,0,0,0,0,0,0,0,0,-1,0,0,0,0,0,0,0,0,0,0,0,0,0,0,0,0,0,0,0,0,0,0,0,0,0,0,0,0,0,0,0,0,0,0,0,0,0,0,0,0,0,0,0,0,0,0,0,0,0,0,0,0,0,0,0,0,0,0,0,0,0,0,0,0,0,0,0,0,0,0,0,0,0.14,0.146666666666667,0.16,-1,-1,-1,-1,-1,-1,-1,-1,-1,-1,-1,-1,-1,-1,-1,0.26,0.266666666666667,0.333333333333333,0.246666666666667,0.346666666666667,0.333333333333333,0.266666666666667,0.413333333333333,0.4,0.453333333333333,0.346666666666667,0.473333333333333,0.433333333333333,0.64,0.553333333333333,0.54,0.593333333333333,0.613333333333333,0.66,0.606666666666666,0.646666666666667,0.58,0.573333333333334,0.686666666666667,0.56,0.633333333333334,0.513333333333333,0.566666666666667,0.5,0.506666666666667,0.533333333333333,0.526666666666667,0.42,0.333333333333333,0.593333333333334,0.34,0.373333333333333,0.493333333333334
-1,-1,0,0,0,0,0,0,0,0,0,0,0,0,0,0,0,0,0,0,0,0,0,-1,-1,-1,-1,-1,-1,-1,-1,-1,0,0,0,-1,-1,-1,-1,-1,0,0,0,0,0,0,0,0,0,0,0,0,0,0,-1,0,0,0,0,0,0,0,0,-1,-1,-1,-1,-1,-1,-1,-1,0,-1,-1,-1,-1,-1,-1,0,0,-1,0,0,0,0,0,0,0,0,0,0,0,0,0,0,0,0,0,0,0,0,0,0,0,0,0,0,0,0,0,0,0,0,0,0,0,0,0,0,0,0,0,0,0,0,0,0,0,0,0,0,0,0,0,0,0,0,0,0,0,0,0,0,0,0,0.16,0.166666666666667,0.186666666666667,0.166666666666667,0.18,-1,-1,-1,-1,-1,-1,-1,-1,-1,-1,-1,-1,0.24,0.24,0.2,0.206666666666667,0.2,0.226666666666667,0.446666666666667,0.293333333333333,0.366666666666667,0.34,0.413333333333333,0.346666666666666,0.4,0.506666666666667,0.466666666666667,0.46,0.539999999999999,0.52,0.546666666666667,0.526666666666667,0.566666666666666,0.593333333333334,0.586666666666666,0.553333333333333,0.586666666666666,0.593333333333333,0.473333333333334,0.513333333333333,0.52,0.506666666666667,0.533333333333333,0.473333333333333,0.38,0.426666666666667,0.44,0.373333333333333,0.353333333333333,0.346666666666667
-1,-1,0,0,0,0,0,0,0,0,0,0,0,0,0,0,0,0,0,0,0,0,0,0,0,0,0,0,0,0,-1,0,0,0,0,0,0,0,0,0,0,-1,0,0,0,0,0,0,0,0,0,0,0,0,-1,-1,-1,-1,-1,-1,-1,0,0,0,-1,-1,-1,-1,-1,-1,-1,0,-1,-1,-1,-1,-1,-1,0,0,0,0,0,0,0,0,0,0,0,0,0,0,0,0,0,0,0,0,0,0,0,0,0,0,0,0,0,0,0,0,0,0,0,0,0,0,0,0,0,0,0,0,0,0,0,0,0,0,0,0,0,0,0,0,0,0,0,0,0,0,0,0,0,0,0,0.08,0.106666666666667,0.206666666666667,0.166666666666667,0.133333333333333,0.166666666666667,0.14,0.206666666666667,0.206666666666667,0.206666666666667,0.226666666666667,0.153333333333333,0.22,0.253333333333333,0.233333333333333,0.233333333333333,0.266666666666667,0.253333333333333,0.213333333333333,0.226666666666667,0.286666666666667,0.286666666666667,0.22,0.286666666666666,0.326666666666667,0.353333333333333,0.3,0.406666666666667,0.38,0.313333333333333,0.42,0.493333333333333,0.5,0.48,0.493333333333333,0.506666666666667,0.606666666666666,0.473333333333333,0.46,0.526666666666667,0.5,0.633333333333333,0.453333333333333,0.426666666666667,0.453333333333333,0.453333333333333,0.466666666666667,0.433333333333333,0.393333333333333,0.433333333333333,0.4,0.353333333333333,0.353333333333333,0.313333333333333,0.393333333333333
-1,-1,-1,-1,-1,-1,-1,-1,0,0,0,0,0,-1,-1,-1,-1,-1,-1,-1,0,0,0,0,0,0,0,0,-1,-1,0,0,0,0,0,-1,-1,-1,-1,-1,0,-1,0,0,0,0,0,0,0,0,0,0,0,0,-1,-1,-1,-1,-1,-1,-1,0,-1,-1,-1,-1,-1,0,0,0,0,0,0,0,0,0,0,0,0,0,0,0,0,0,0,0,0,0,0,0,0,0,0,0,0,0,0,0,0,0,0,0,0,0,0,0,0,0,0,0,0,0,0,0,0,0,0,0,0,0,0,0,0,0,0,0,0,0,0,0,0,0,0,0,0,0,0,0,0,0,0,0,0,0,0,0,0.133333333333333,0.166666666666667,0.133333333333333,0.12,0.206666666666667,0.206666666666667,0.153333333333333,0.193333333333333,0.166666666666667,0.206666666666667,0.286666666666667,0.193333333333333,0.286666666666667,0.206666666666667,0.186666666666667,0.186666666666667,0.246666666666667,0.193333333333333,0.246666666666667,0.28,0.286666666666667,0.273333333333334,0.313333333333333,-1,-1,-1,-1,-1,-1,0.286666666666666,0.4,0.413333333333333,0.4,0.426666666666667,0.406666666666666,0.426666666666667,0.513333333333333,0.466666666666667,0.353333333333333,0.506666666666667,0.413333333333333,0.426666666666667,0.466666666666667,0.353333333333334,0.44,0.36,0.366666666666667,0.353333333333333,-1,0.406666666666667,0.373333333333333,0.333333333333333,0.266666666666667,0.32
-1,-1,-1,-1,-1,-1,-1,-1,0,0,0,-1,0,-1,-1,-1,-1,-1,-1,-1,-1,-1,-1,-1,-1,-1,-1,0,0,0,0,0,0,0,0,0,0,0,0,0,0,-1,0,0,0,0,0,0,0,0,0,0,0,0,0,0,0,0,0,0,0,0,0,0,0,0,-1,-1,-1,-1,-1,0,0,0,0,0,0,0,0,0,0,0,0,0,0,0,0,0,0,0,0,0,0,0,0,0,0,0,0,0,0,0,0,0,0,0,0,0,0,0,0,0,0,0,0,0,0,0,0,0,0,0,0,0,0,0,0,0,0,0,0,0,0,0,0,0,0,0,0,0,0,0,0,0,0,0,0.0933333333333333,0.16,0.133333333333333,0.173333333333333,0.2,0.153333333333333,0.146666666666667,0.206666666666667,0.173333333333333,0.18,0.213333333333333,0.166666666666667,0.18,0.166666666666667,0.213333333333333,0.186666666666667,0.2,0.22,0.186666666666667,0.206666666666667,0.22,0.273333333333333,-1,-1,-1,-1,-1,-1,0.34,0.313333333333333,0.373333333333333,0.34,0.38,0.346666666666666,0.34,0.44,0.4,0.413333333333333,0.42,0.426666666666667,0.446666666666666,0.373333333333333,0.36,0.346666666666667,0.34,0.366666666666667,0.3,0.306666666666667,-1,-1,-1,-1,0.34,0.32
0,0,0,0,0,0,0,-1,0,0,0,-1,0,-1,-1,-1,-1,-1,-1,-1,-1,-1,-1,-1,-1,-1,-1,0,0,0,0,0,0,0,0,0,0,0,0,0,0,0,0,0,0,0,0,0,0,0,0,0,0,0,-1,-1,-1,-1,-1,-1,0,-1,-1,-1,-1,-1,-1,-1,-1,-1,-1,0,-1,0,0,0,0,0,0,-1,-1,0,0,0,0,0,0,0,0,0,0,0,0,0,0,0,0,0,0,0,0,0,0,0,0,0,0,0,0,0,0,0,0,0,0,0,0,0,0,0,0,0,0,0,0,-1,-1,-1,-1,-1,-1,-1,0,0,0,0,0,0,0,0,0,0,0,0,0,0,0,0.146666666666667,0.16,0.14,0.16,0.166666666666667,0.106666666666667,0.193333333333333,0.12,0.186666666666667,0.146666666666667,0.16,0.133333333333333,0.14,0.226666666666667,0.2,0.153333333333333,0.186666666666667,0.2,0.206666666666667,0.273333333333333,0.306666666666667,0.266666666666667,-1,-1,-1,-1,-1,0.3,0.246666666666667,0.306666666666667,0.306666666666667,0.326666666666667,0.366666666666667,0.386666666666667,0.333333333333333,0.386666666666667,0.34,0.333333333333333,0.273333333333333,0.333333333333333,0.346666666666667,0.34,0.366666666666667,0.353333333333333,0.326666666666667,0.366666666666667,-1,-1,0.333333333333333,-1,-1,0.313333333333333,0.286666666666667
0,0,0,0,0,0,0,0,0,0,0,-1,0,0,0,0,0,0,0,0,0,-1,-1,-1,-1,-1,-1,0,0,0,0,0,0,0,0,0,0,0,0,0,0,0,0,0,0,0,0,0,0,0,0,0,-1,-1,0,0,0,0,0,0,0,0,0,0,0,0,-1,-1,-1,-1,-1,0,-1,-1,-1,-1,-1,-1,0,-1,-1,0,0,0,0,0,0,0,0,0,0,0,0,0,0,0,0,0,0,0,0,0,0,0,0,0,0,0,0,0,0,0,0,0,0,0,0,0,0,0,0,0,0,0,0,-1,-1,-1,-1,-1,-1,-1,-1,-1,-1,-1,-1,-1,-1,-1,-1,-1,-1,-1,0,0,0,0,0.126666666666667,0.153333333333333,0.0866666666666667,0.173333333333333,0.153333333333333,0.206666666666667,0.16,0.133333333333333,0.1,0.1,0.0933333333333334,0.153333333333333,0.113333333333333,0.14,0.206666666666667,0.153333333333333,0.213333333333333,0.226666666666667,0.286666666666667,0.173333333333333,0.253333333333333,-1,-1,-1,-1,0.326666666666667,0.273333333333333,0.173333333333333,0.333333333333333,0.253333333333333,0.333333333333333,0.346666666666667,0.313333333333333,0.28,0.326666666666667,0.28,0.326666666666667,0.373333333333333,0.26,0.306666666666667,0.286666666666667,0.32,0.34,0.366666666666667,0.22,-1,-1,-1,-1,-1,0.286666666666666,0.32
0,0,0,0,0,0,0,0,0,0,0,-1,0,0,0,0,0,0,0,0,0,0,0,0,0,0,0,-1,-1,0,0,0,0,0,0,0,0,0,0,0,0,0,0,0,0,0,0,0,0,0,0,0,0,-1,-1,-1,-1,0,0,-1,0,-1,-1,-1,-1,-1,-1,-1,-1,-1,-1,0,0,0,0,0,-1,-1,0,-1,-1,0,0,0,0,0,0,0,0,0,0,0,0,0,0,0,0,0,0,0,0,0,0,0,0,0,0,0,0,0,0,0,0,0,0,0,0,0,0,0,0,0,0,0,0,-1,-1,-1,-1,-1,-1,-1,-1,-1,-1,-1,-1,-1,-1,-1,-1,-1,-1,-1,0,0,0,0,0.14,0.14,0.14,0.173333333333333,0.146666666666667,0.2,0.08,0.08,0.0666666666666667,0.06,0.0933333333333333,0.0933333333333333,0.08,0.1,0.166666666666667,0.133333333333333,0.22,0.193333333333333,0.26,0.266666666666667,0.28,-1,-1,-1,-1,0.28,0.28,0.233333333333333,0.293333333333333,0.24,0.24,0.193333333333333,0.233333333333333,0.286666666666667,0.253333333333333,0.326666666666666,0.326666666666667,0.2,0.313333333333333,0.28,0.233333333333333,0.246666666666667,0.246666666666667,0.373333333333333,-1,-1,-1,-1,-1,0.26,0.253333333333333,0.266666666666667
0,0,0,0,0,0,0,0,0,0,0,0,0,0,0,0,0,0,0,0,0,0,0,0,0,0,0,-1,-1,0,0,0,0,0,0,0,0,0,0,0,0,0,0,0,0,0,0,0,0,0,0,0,0,0,-1,-1,-1,0,0,0,0,-1,-1,-1,-1,-1,-1,-1,-1,-1,-1,0,0,0,0,0,0,0,0,-1,-1,0,0,0,0,0,0,0,0,0,0,0,0,0,0,0,0,0,0,0,0,0,0,0,0,0,0,0,0,0,0,0,0,0,0,0,0,0,0,0,0,0,0,0,0,0,0,0,0,0,0,0,0,0,0,-1,-1,-1,-1,-1,-1,-1,-1,-1,0,0,0,0,0,0.106666666666667,0.133333333333333,0.166666666666667,0.0733333333333333,0.0933333333333334,0.1,0.0733333333333334,0.146666666666667,0.133333333333333,0.0933333333333333,0.126666666666667,0.0466666666666667,0.0866666666666667,0.113333333333333,0.233333333333333,0.193333333333333,0.273333333333333,0.14,0.24,-1,-1,-1,-1,-1,-1,-1,-1,0.186666666666667,0.286666666666667,0.226666666666667,0.22,0.226666666666667,0.246666666666667,0.266666666666667,0.286666666666667,0.286666666666667,0.26,0.26,0.24,-1,-1,-1,0.233333333333333,-1,-1,-1,-1,-1,0.286666666666667,0.286666666666667,0.246666666666667
0,0,0,0,0,0,0,0,0,0,0,0,0,0,0,0,0,0,0,0,0,0,0,0,0,0,0,-1,-1,0,0,0,0,0,0,0,0,0,0,0,0,0,0,0,0,0,0,0,0,0,0,0,0,0,-1,-1,-1,0,0,0,0,0,0,0,0,0,0,0,0,0,0,0,0,0,0,-1,-1,-1,0,-1,0,0,0,0,0,0,0,0,0,0,0,0,0,0,0,0,0,0,0,0,0,0,0,0,0,0,0,0,0,0,0,0,0,0,0,0,0,0,0,0,0,0,0,0,0,0,0,0,0,0,0,0,0,0,0,0,0,0,0,0,0,0,0,0,0,0,0,0,0,0,0.00666666666666667,0.02,0.04,0.0933333333333333,0.0466666666666667,0.0733333333333334,0.106666666666667,0.06,0.0533333333333333,0.0533333333333334,0.0733333333333333,0.12,0.2,0.146666666666667,0.16,0.2,0.2,0.186666666666667,-1,-1,-1,-1,-1,-1,-1,-1,-1,0.146666666666667,0.16,0.193333333333333,0.226666666666667,0.213333333333333,0.226666666666667,0.186666666666667,0.246666666666667,0.213333333333333,0.22,0.24,0.24,-1,-1,-1,-1,-1,-1,-1,0.246666666666667,0.24,0.18,0.193333333333333
0,0,0,0,0,0,0,0,0,0,0,0,0,0,0,0,0,0,0,0,0,0,0,0,0,0,0,-1,-1,0,0,0,0,0,0,0,0,0,0,-1,-1,0,0,0,0,0,0,0,0,0,0,0,0,0,-1,-1,-1,-1,-1,-1,-1,-1,-1,0,0,0,0,0,0,0,0,0,0,0,0,-1,-1,-1,-1,-1,0,0,0,0,0,0,0,0,0,0,0,0,0,0,0,0,0,0,0,0,0,0,0,0,0,0,0,0,0,0,0,0,0,0,0,0,0,0,0,0,0,0,0,0,0,0,-1,-1,-1,-1,-1,0,0,0,0,0,0,0,0,0,0,0,0,0,0,0,0,0,0,0,0,0.0466666666666667,0.0866666666666667,0.0866666666666666,0.0733333333333333,0.0866666666666667,0.0933333333333333,0.0933333333333334,0.0933333333333333,0.0866666666666667,0.0733333333333333,0.18,0.133333333333333,0.2,0.213333333333333,0.233333333333333,0.18,0.166666666666667,-1,-1,-1,-1,-1,-1,-1,-1,-1,0.16,0.173333333333333,0.166666666666667,0.2,0.16,0.12,0.153333333333333,0.746666666666667,0.733333333333334,0.780000000000001,0.84,0.593333333333333,0.566666666666667,0.64,-1,-1,-1,-1,-1,0.266666666666667,0.193333333333333,0.233333333333333,0.18
0,-1,-1,-1,0,-1,-1,0,0,0,0,0,0,0,0,0,0,0,0,0,0,0,0,0,0,0,0,0,0,0,0,0,0,0,0,0,0,0,0,-1,-1,0,0,0,0,0,0,0,0,0,0,0,0,-1,-1,-1,-1,-1,-1,-1,-1,-1,-1,-1,0,0,-1,-1,-1,-1,-1,-1,-1,-1,-1,-1,-1,-1,0,-1,0,0,0,0,0,0,0,0,0,0,0,0,0,0,0,0,0,0,0,0,0,0,0,0,0,0,0,0,0,0,0,0,0,0,0,0,0,0,0,0,0,0,0,0,0,0,-1,-1,-1,-1,-1,0,0,0,0,0,0,0,0,0,0,0,0,0,0,0,0,0,0,0,0,0,0.04,0.08,0.0533333333333333,0.0533333333333333,0.113333333333333,0.0533333333333333,0.06,0.0666666666666667,0.153333333333333,0.2,0.213333333333333,0.206666666666667,0.113333333333333,0.206666666666667,0.206666666666667,0.153333333333333,-1,-1,-1,-1,-1,0.233333333333333,0.193333333333333,0.166666666666667,0.18,0.16,0.74,0.74,0.7,0.72,0.8,0.786666666666667,0.693333333333334,0.84,0.746666666666667,0.66,0.58,0.64,0.52,0.626666666666667,0.653333333333334,0.593333333333333,-1,0.626666666666666,0.62,0.666666666666667,0.653333333333333,0.713333333333333
0,-1,-1,-1,-1,-1,-1,0,0,0,0,0,0,0,0,0,0,0,0,0,0,0,0,0,0,0,0,0,0,0,0,0,0,0,0,0,0,0,0,-1,-1,0,0,0,0,0,0,0,0,0,0,0,0,0,0,0,0,-1,-1,-1,-1,-1,-1,-1,0,0,-1,-1,-1,-1,-1,-1,-1,-1,-1,-1,-1,-1,0,-1,0,0,0,0,0,0,0,0,0,0,0,0,0,0,0,0,0,0,0,0,0,0,0,0,0,0,0,0,0,0,0,0,0,0,0,0,0,0,0,0,0,0,0,0,0,0,0,0,0,0,0,0,0,0,0,0,0,0,0,0,0,0,0,0,0,0,0,0,0,0,0,0,0,0.0533333333333334,0.06,0.0733333333333333,0.0666666666666667,0.0933333333333334,0.08,0.133333333333333,0.113333333333333,0.126666666666667,0.0933333333333333,0.146666666666667,0.193333333333333,0.26,0.186666666666667,0.173333333333333,-1,-1,-1,-1,-1,0.26,0.653333333333334,0.626666666666666,0.573333333333333,0.72,0.733333333333333,0.786666666666667,0.786666666666666,0.733333333333333,0.706666666666667,0.806666666666667,0.7,0.766666666666667,0.726666666666667,0.733333333333333,0.533333333333333,0.626666666666666,0.646666666666666,0.613333333333333,0.606666666666667,0.573333333333333,0.553333333333333,0.613333333333333,0.613333333333333,0.686666666666667,0.66,0.68
0,0,0,0,0,0,-1,-1,0,0,0,0,0,0,0,0,0,0,0,0,0,0,0,0,0,0,0,0,0,0,0,0,0,0,0,0,0,0,0,-1,-1,0,0,0,0,0,0,0,0,0,0,0,0,0,0,0,0,0,0,0,0,0,0,0,0,0,0,-1,-1,-1,-1,-1,-1,-1,-1,-1,-1,-1,-1,-1,0,0,0,0,0,0,0,0,0,0,0,0,0,0,0,0,0,0,0,0,0,0,0,0,0,0,0,0,0,0,0,0,0,0,0,0,0,0,0,0,0,0,0,0,0,0,0,0,0,-1,0,0,0,0,0,0,0,0,0,0,0,0,0,0,0,0,0,0,0,0,0,0,0,0,0.1,0.08,0.0466666666666667,0.0466666666666667,0.0866666666666667,0.146666666666667,0.133333333333333,0.12,0.153333333333333,0.16,0.113333333333333,0.133333333333333,0.133333333333333,0.133333333333333,-1,-1,-1,-1,-1,0.573333333333333,0.606666666666667,0.62,0.613333333333333,0.693333333333333,0.74,0.7,0.7,0.673333333333333,0.746666666666667,0.733333333333333,0.733333333333333,0.733333333333333,0.726666666666666,0.693333333333334,0.606666666666667,0.633333333333333,0.666666666666667,0.573333333333333,0.626666666666667,0.633333333333333,0.66,0.633333333333333,0.64,0.573333333333333,0.666666666666667,0.626666666666667
0,0,0,0,0,0,-1,-1,0,0,0,0,0,0,0,0,0,0,0,0,0,0,0,0,0,0,0,0,0,0,0,0,0,0,0,0,0,0,-1,-1,-1,0,0,0,0,0,0,0,0,0,0,0,0,0,-1,-1,0,-1,-1,-1,0,0,0,0,0,0,-1,0,0,0,0,0,0,0,0,0,0,0,-1,-1,0,0,0,0,0,0,0,0,0,0,0,0,0,0,0,0,0,0,0,0,0,0,0,0,0,0,0,0,0,0,0,0,0,0,0,0,0,0,0,0,0,0,0,0,0,-1,-1,-1,-1,-1,-1,-1,-1,-1,-1,-1,-1,-1,-1,-1,0,0,0,0,0,0,0,0,0,0,0,0,0,0,0,0.0533333333333334,0.0466666666666667,0.12,0.126666666666667,0.126666666666667,0.146666666666667,0.153333333333333,0.133333333333333,0.12,0.166666666666667,0.153333333333333,0.146666666666667,0.12,-1,-1,-1,-1,-1,0.54,0.633333333333333,0.573333333333334,0.68,0.746666666666667,0.76,0.68,0.74,0.733333333333333,0.7,0.786666666666667,0.726666666666667,0.78,0.726666666666667,0.74,0.673333333333334,0.653333333333334,0.626666666666667,0.686666666666667,0.706666666666667,0.64,0.613333333333333,0.613333333333333,0.72,0.673333333333333,0.666666666666667,0.626666666666667
-1,-1,-1,-1,-1,-1,-1,0,0,0,0,0,0,0,0,0,0,0,0,0,0,0,0,0,0,0,0,0,0,0,0,0,0,0,0,0,0,0,-1,-1,-1,0,0,0,0,0,0,0,0,0,0,0,0,0,0,0,0,0,0,0,0,0,0,0,0,0,0,0,0,0,0,0,0,0,-1,-1,0,0,-1,-1,0,0,0,0,0,0,0,0,0,0,0,0,0,0,0,0,0,0,0,0,0,0,0,0,0,0,0,0,0,0,0,0,0,0,0,0,0,0,0,0,0,0,0,0,-1,-1,-1,-1,-1,-1,-1,-1,-1,-1,-1,-1,-1,-1,-1,-1,-1,-1,0,0,0,0,0,0,0,0,0,0,0,0,0,0,0,0.126666666666667,0.0866666666666666,0.12,0.14,0.12,0.193333333333333,0.193333333333333,0.18,0.173333333333333,0.2,0.546666666666667,0.513333333333333,0.493333333333334,0.5,0.593333333333333,0.52,0.553333333333334,0.62,0.573333333333333,0.666666666666667,0.746666666666667,0.66,0.733333333333333,0.753333333333334,0.7,0.733333333333333,0.766666666666667,0.746666666666666,0.706666666666667,0.726666666666667,0.76,0.726666666666666,0.606666666666667,0.573333333333333,0.666666666666667,0.6,0.713333333333333,0.633333333333333,0.626666666666667,0.646666666666667,0.606666666666667,0.58,0.613333333333333
-1,-1,-1,-1,-1,-1,-1,-1,0,0,0,0,0,0,0,0,0,0,0,0,0,0,0,0,0,0,0,0,0,0,0,0,0,0,0,0,0,0,-1,-1,0,0,0,0,0,0,0,0,0,0,0,-1,-1,0,0,0,0,0,0,0,0,0,0,0,0,0,0,0,0,0,0,0,0,0,-1,-1,0,0,-1,-1,0,0,0,0,0,0,0,0,0,0,0,0,0,0,0,0,0,0,0,0,0,0,0,0,0,0,0,0,0,0,0,0,0,0,0,0,0,0,0,0,0,0,0,0,0,0,0,0,-1,-1,-1,-1,-1,-1,-1,-1,-1,-1,-1,-1,-1,-1,0,0,0,0,0,0,0,0,0,0,0,0,0,0,0,0,0.226666666666667,0.133333333333333,0.146666666666667,0.1,0.133333333333333,0.173333333333333,0.153333333333333,0.566666666666667,0.52,0.506666666666667,0.573333333333333,0.566666666666667,0.58,0.606666666666666,0.7,0.626666666666667,0.553333333333333,0.64,0.633333333333333,0.693333333333334,0.693333333333333,0.733333333333333,0.733333333333333,0.626666666666666,0.733333333333334,0.713333333333333,0.666666666666667,0.753333333333333,0.693333333333333,0.726666666666667,0.686666666666667,0.626666666666667,0.613333333333333,0.56,0.593333333333334,0.653333333333333,0.553333333333333,0.706666666666667,0.66,0.606666666666667,0.686666666666667,0.666666666666666
-1,-1,-1,-1,-1,-1,-1,-1,0,0,0,0,0,0,0,0,0,0,0,0,0,0,0,0,0,0,0,0,0,0,0,0,0,0,0,0,0,0,0,0,0,0,0,0,0,0,0,0,0,0,0,-1,-1,-1,-1,-1,-1,0,0,0,-1,-1,-1,-1,-1,-1,-1,-1,0,0,0,0,0,0,-1,-1,-1,0,-1,0,0,0,0,0,0,0,0,0,0,0,0,0,0,0,0,0,0,0,0,0,0,0,0,0,0,0,0,0,0,0,0,0,0,0,0,0,0,0,0,0,0,0,0,0,0,0,0,0,0,0,0,0,0,0,0,0,0,0,0,0,0,0,0,0,0,0,-1,-1,-1,-1,-1,-1,-1,-1,-1,-1,-1,-1,-1,0,0.166666666666667,0.0933333333333333,0.12,0.153333333333333,0.52,0.486666666666667,0.52,0.486666666666666,0.5,0.52,0.486666666666667,0.646666666666667,0.566666666666666,0.606666666666667,0.646666666666667,0.626666666666667,0.713333333333334,0.686666666666667,0.753333333333334,0.7,0.653333333333333,0.72,0.66,0.706666666666667,0.746666666666667,0.68,0.713333333333334,0.72,0.74,0.513333333333333,0.706666666666667,0.633333333333334,0.626666666666667,0.686666666666667,0.626666666666667,0.72,0.686666666666667,0.693333333333333,0.746666666666667,0.606666666666667
-1,-1,-1,-1,-1,-1,-1,0,0,0,0,0,0,0,0,0,0,0,0,0,0,0,0,0,0,0,0,0,0,0,0,0,0,0,0,0,0,0,0,0,0,0,0,0,0,0,0,0,0,0,0,-1,-1,0,-1,-1,0,0,0,0,-1,-1,-1,-1,-1,-1,-1,-1,-1,0,-1,-1,-1,0,-1,-1,0,0,-1,0,0,0,0,0,0,0,0,0,0,0,0,0,0,0,0,0,0,0,0,0,0,0,0,0,0,0,0,0,0,0,0,0,0,0,0,0,0,0,0,0,0,0,0,0,0,0,0,0,0,0,0,0,0,0,0,0,0,0,0,0,0,0,0,0,0,0,-1,-1,-1,-1,-1,-1,-1,-1,-1,-1,-1,-1,-1,-1,-1,-1,-1,-1,0.433333333333333,0.48,0.493333333333334,0.54,0.533333333333334,0.52,0.473333333333333,0.58,0.64,0.633333333333333,0.6,0.64,0.653333333333334,0.713333333333333,0.76,0.673333333333334,0.76,0.746666666666667,0.72,0.673333333333334,0.686666666666667,0.733333333333333,0.733333333333334,0.7,0.72,0.56,0.68,0.653333333333333,0.666666666666667,0.686666666666667,0.606666666666667,0.653333333333333,0.546666666666667,0.673333333333333,0.706666666666666,0.653333333333334
-1,-1,-1,-1,-1,-1,-1,0,0,0,0,0,0,0,0,0,0,0,0,0,0,0,0,0,0,0,0,0,0,0,0,0,0,0,0,0,0,0,0,0,0,0,0,0,0,0,0,0,0,0,0,0,0,0,0,0,0,0,0,0,0,0,0,0,0,-1,-1,-1,-1,0,0,0,0,0,-1,-1,0,0,-1,0,0,0,0,0,0,0,0,0,0,0,0,0,0,0,0,0,0,0,0,0,0,0,0,0,0,0,0,0,0,0,0,0,0,0,0,0,0,0,0,0,0,0,0,0,0,0,0,0,0,0,0,0,0,0,0,0,0,0,0,0,0,0,0,0,0,0,0,-1,-1,-1,-1,-1,-1,-1,-1,-1,-1,-1,-1,-1,-1,-1,-1,0.393333333333333,0.446666666666667,0.393333333333333,0.52,0.566666666666667,0.526666666666667,0.54,0.6,0.62,0.58,0.573333333333333,0.54,0.653333333333333,0.706666666666667,0.653333333333334,0.753333333333333,0.686666666666667,0.64,0.72,0.646666666666667,0.746666666666667,0.733333333333333,0.693333333333333,0.753333333333333,0.706666666666667,0.746666666666667,0.586666666666667,0.68,0.68,0.58,0.653333333333333,0.653333333333333,0.686666666666667,0.693333333333334,0.673333333333333,0.686666666666667,0.68
-1,-1,-1,-1,-1,-1,-1,0,0,0,0,0,0,0,0,0,0,0,0,0,0,0,0,0,0,0,0,0,0,0,0,0,0,0,0,0,0,0,0,0,0,0,0,0,0,0,0,0,0,0,0,-1,0,0,0,0,0,0,0,0,0,0,0,0,0,0,0,0,0,0,0,0,0,0,0,-1,0,-1,-1,0,0,0,0,0,0,0,0,-1,-1,0,0,0,0,0,0,0,0,0,0,0,0,0,0,0,0,0,0,0,0,0,0,0,0,0,0,0,0,0,0,0,0,0,0,0,0,0,0,0,0,0,0,0,0,0,0,0,0,0,0,0,0,0,0,0,0,0,0,-1,-1,-1,-1,-1,-1,-1,-1,-1,-1,-1,-1,-1,-1,-1,-1,-1,-1,-1,0.486666666666667,0.526666666666667,0.506666666666666,0.566666666666666,0.613333333333334,0.586666666666666,0.606666666666666,0.58,0.666666666666667,0.633333333333333,0.68,0.613333333333333,0.666666666666666,0.573333333333333,0.653333333333333,0.68,0.66,0.726666666666666,0.673333333333333,0.673333333333334,0.773333333333333,0.746666666666667,0.793333333333334,0.766666666666667,0.62,0.613333333333333,0.613333333333333,0.653333333333333,0.613333333333333,0.653333333333333,0.606666666666667,0.66,0.64,0.646666666666667
-1,-1,-1,-1,-1,-1,-1,0,0,0,0,0,0,0,0,0,0,0,0,0,0,0,0,0,0,0,0,0,0,0,0,0,0,0,0,0,0,0,-1,0,0,0,0,0,0,0,0,0,0,0,0,-1,0,0,0,0,0,0,0,0,0,0,0,0,0,0,0,0,0,0,0,0,0,0,-1,-1,0,0,-1,0,0,0,0,0,0,0,0,0,0,0,0,0,0,0,0,0,0,0,0,0,0,0,0,0,0,0,0,0,0,0,0,0,0,0,0,0,0,0,0,0,0,0,0,0,-1,-1,0,0,-1,-1,-1,-1,-1,0,0,0,0,0,0,0,0,0,0,0,0,0,-1,-1,-1,-1,-1,-1,-1,-1,-1,-1,-1,-1,-1,-1,-1,-1,-1,-1,-1,-1,0.0733333333333333,0.04,0.533333333333333,0.553333333333333,0.506666666666667,0.666666666666667,0.566666666666667,0.573333333333333,0.66,0.626666666666666,0.7,0.686666666666667,0.7,0.653333333333333,0.626666666666667,0.72,0.74,0.666666666666667,0.706666666666667,0.653333333333333,0.74,0.706666666666667,0.74,0.666666666666667,0.673333333333333,0.733333333333333,0.646666666666667,0.66,0.693333333333334,0.686666666666666,0.673333333333333,0.686666666666667,0.626666666666666,0.72
-1,-1,-1,-1,-1,-1,-1,0,0,0,0,0,0,0,0,0,0,0,0,0,0,0,0,0,0,0,0,0,0,0,0,0,0,0,0,0,0,-1,-1,0,0,0,0,0,0,0,0,0,0,0,0,-1,-1,-1,-1,-1,0,0,0,-1,-1,-1,-1,-1,-1,-1,-1,-1,0,0,0,-1,-1,-1,-1,-1,0,0,-1,0,0,0,0,0,0,0,0,0,0,0,0,0,0,0,0,0,0,0,0,0,0,0,0,0,0,0,0,0,0,0,0,0,0,0,0,0,0,0,0,0,0,0,0,0,-1,-1,-1,-1,-1,-1,-1,-1,-1,-1,-1,-1,-1,-1,-1,0,0,0,0,0,0,0,-1,-1,-1,-1,-1,-1,-1,-1,-1,-1,-1,-1,-1,-1,-1,-1,-1,-1,-1,-1,0.06,0.106666666666667,0.08,0.133333333333333,0.126666666666667,0.126666666666667,0.586666666666667,0.566666666666667,0.666666666666667,0.706666666666667,0.646666666666666,0.72,0.613333333333333,0.7,0.746666666666667,0.72,0.74,0.706666666666666,0.62,0.753333333333333,0.766666666666667,0.706666666666667,0.746666666666667,0.686666666666667,0.693333333333334,0.666666666666667,0.646666666666667,0.686666666666667,0.733333333333333,0.653333333333333,0.206666666666667,0.213333333333333,0.18,0.186666666666667
0,0,0,0,0,0,-1,0,0,0,0,0,0,0,0,0,0,0,0,0,0,0,0,0,0,0,0,0,0,0,0,0,0,0,0,0,0,-1,-1,0,0,0,0,0,0,0,0,0,0,0,0,0,-1,-1,-1,-1,0,0,-1,-1,-1,-1,-1,-1,-1,-1,-1,-1,0,0,0,-1,-1,-1,-1,-1,0,0,-1,0,0,0,0,0,0,0,0,0,0,0,0,0,0,0,0,0,0,0,0,0,0,0,0,0,0,0,0,0,0,0,0,0,0,0,0,0,0,0,0,0,0,0,0,0,-1,-1,-1,-1,-1,-1,-1,-1,-1,-1,-1,-1,-1,-1,-1,-1,-1,-1,0,0,0,-1,-1,-1,-1,-1,-1,-1,-1,-1,-1,-1,-1,-1,-1,-1,-1,-1,-1,-1,-1,-1,0.113333333333333,0.0866666666666667,0.1,0.0666666666666667,0.16,0.0933333333333334,0.173333333333333,0.1,0.106666666666667,0.12,0.1,0.666666666666667,0.606666666666666,0.72,0.76,0.693333333333333,0.646666666666667,0.7,0.733333333333333,0.7,0.786666666666666,0.74,0.726666666666666,0.713333333333334,0.7,0.68,0.193333333333333,0.166666666666667,0.193333333333333,0.193333333333333,0.193333333333333,0.18,0.16,0.253333333333333
-1,-1,-1,-1,-1,0,0,0,0,0,0,0,0,0,0,0,0,0,0,0,0,0,0,0,0,0,0,0,0,0,0,0,0,0,0,0,0,-1,-1,0,0,0,0,0,0,0,0,0,0,0,0,0,0,0,0,0,0,0,0,0,0,0,0,0,0,0,0,0,0,0,0,-1,-1,-1,-1,-1,0,-1,-1,0,0,0,0,0,0,0,0,0,0,0,0,0,-1,-1,-1,-1,-1,-1,-1,-1,0,0,0,0,0,0,0,0,0,0,0,0,0,0,0,0,0,0,0,0,0,0,0,0,0,0,0,0,0,0,0,-1,-1,-1,-1,-1,-1,-1,-1,-1,-1,-1,0,0,0,-1,-1,-1,-1,-1,-1,-1,-1,-1,-1,-1,-1,-1,-1,-1,-1,-1,0.166666666666667,0.1,0.08,0.0666666666666667,0.1,0.0866666666666666,0.106666666666667,0.0866666666666667,0.0933333333333333,0.133333333333333,0.133333333333333,0.106666666666667,0.12,0.133333333333333,0.12,0.146666666666667,0.1,0.206666666666667,0.166666666666667,0.166666666666667,0.173333333333333,0.18,0.186666666666667,0.173333333333333,0.2,0.166666666666667,0.226666666666667,0.18,0.233333333333333,0.173333333333333,0.173333333333333,0.273333333333333,0.233333333333333,0.26,0.166666666666667,0.16,0.206666666666667,0.18
-1,-1,-1,-1,-1,-1,0,0,0,0,-1,-1,0,0,0,0,0,0,0,0,0,0,0,0,0,0,0,0,0,0,0,0,0,0,0,0,0,-1,-1,0,0,0,0,0,0,0,0,0,0,0,0,0,0,0,0,0,0,0,0,-1,0,0,0,0,0,0,0,0,0,0,0,0,0,0,0,0,0,-1,-1,0,0,0,0,0,0,0,0,0,0,0,0,0,-1,-1,-1,-1,-1,-1,-1,-1,-1,0,0,-1,-1,-1,-1,-1,0,0,0,0,0,0,0,0,0,0,0,0,0,0,0,0,0,0,0,0,0,0,0,0,0,0,0,0,0,0,0,0,0,0,0,0,0,0,0,0,0,-1,-1,-1,-1,-1,-1,-1,-1,-1,-1,-1,-1,-1,-1,0.206666666666667,0.106666666666667,0.0666666666666667,0.1,0.0666666666666666,0.153333333333333,0.113333333333333,0.126666666666667,0.113333333333333,0.133333333333333,0.133333333333333,0.126666666666667,0.166666666666667,0.12,0.16,0.173333333333333,0.14,0.206666666666667,0.153333333333333,0.22,0.233333333333333,0.166666666666667,0.206666666666667,0.22,0.213333333333333,0.18,0.213333333333333,0.193333333333333,0.193333333333333,0.24,0.266666666666667,0.186666666666667,0.24,0.233333333333333,0.173333333333333,0.206666666666667,0.26
-1,-1,0,-1,-1,-1,0,0,0,0,-1,-1,0,0,0,0,0,0,0,0,0,0,0,0,0,0,0,0,0,0,0,0,0,0,0,0,0,-1,-1,0,0,0,0,0,0,0,0,0,0,0,0,0,-1,-1,0,0,0,0,0,0,0,0,0,0,0,0,0,0,0,0,0,0,0,0,0,0,-1,0,0,0,0,0,0,0,0,0,0,0,0,0,0,0,-1,-1,-1,-1,-1,-1,-1,-1,-1,0,0,-1,-1,-1,-1,-1,0,0,0,0,0,0,0,0,0,0,0,0,0,0,0,0,0,0,0,0,0,0,0,0,0,0,0,0,0,0,0,0,0,0,0,0,0,0,0,0,0,0,0,0,-1,-1,-1,-1,0.14,0.146666666666667,0.166666666666667,0.146666666666667,0.126666666666667,0.18,-1,-1,0.173333333333333,0.126666666666667,0.106666666666667,0.113333333333333,0.14,0.106666666666667,0.106666666666667,0.146666666666667,0.153333333333333,0.146666666666667,0.0866666666666667,0.193333333333333,0.153333333333333,0.213333333333333,0.246666666666667,0.193333333333333,0.173333333333333,0.18,0.246666666666667,0.206666666666667,0.213333333333333,0.246666666666667,0.206666666666667,0.233333333333333,0.28,0.246666666666667,0.246666666666667,0.266666666666667,0.266666666666667,0.246666666666667,0.233333333333334,0.173333333333333,0.246666666666667,0.226666666666667,0.226666666666667,0.213333333333333
0,0,0,0,0,0,0,0,0,0,0,0,0,0,0,0,0,0,0,0,0,0,0,0,0,0,0,0,0,0,0,0,0,0,0,0,0,-1,-1,0,0,0,0,0,0,0,0,0,0,0,0,-1,-1,-1,-1,-1,0,0,0,0,-1,-1,-1,-1,-1,-1,-1,-1,-1,0,0,0,0,0,0,0,0,-1,0,0,0,0,0,0,0,0,0,0,0,0,0,-1,-1,0,-1,-1,-1,-1,-1,0,0,0,0,-1,-1,-1,-1,0,0,0,0,0,0,0,0,0,0,0,0,0,0,0,0,0,0,0,0,0,0,0,0,0,0,0,0,0,0,0,0,0,0,0,0,0,0,0,0,0,0,0,0,0,0,0.0466666666666667,0.0266666666666667,0.0666666666666667,0.04,0.0666666666666667,0.0666666666666667,0.1,0.0866666666666667,0.0466666666666667,0.126666666666667,0.08,0.146666666666667,0.0933333333333333,0.12,0.133333333333333,0.16,0.153333333333333,0.186666666666667,0.193333333333333,0.0533333333333333,0.133333333333333,0.22,0.22,0.206666666666667,0.233333333333333,0.193333333333333,0.286666666666667,0.22,0.26,0.26,0.26,0.273333333333333,0.326666666666667,0.2,0.26,0.24,0.22,0.286666666666667,0.233333333333333,0.233333333333333,0.273333333333333,0.326666666666667,0.2,0.293333333333333,0.286666666666667,0.273333333333333,0.26
0,0,0,0,0,0,0,0,0,0,0,0,0,0,0,0,0,0,0,0,0,0,0,0,0,0,0,0,0,0,0,0,0,0,0,0,0,-1,-1,0,0,0,0,0,0,0,0,0,0,0,0,0,0,0,0,0,0,0,0,0,-1,-1,-1,-1,-1,-1,-1,-1,0,-1,-1,-1,-1,-1,-1,0,-1,-1,0,0,0,0,0,0,0,0,0,0,0,0,0,-1,-1,0,-1,-1,-1,-1,-1,0,0,0,-1,-1,-1,-1,-1,0,0,0,0,0,0,0,0,0,0,0,0,0,0,0,0,0,0,0,0,0,0,0,0,0,0,0,0,0,0,0,0,0,0,0,0,0,0,0,0,0,0,0,0,0,0.04,0.08,0.06,0.0666666666666667,0.0533333333333334,0.0266666666666667,0.0733333333333333,0.106666666666667,0.0866666666666667,0.0866666666666667,0.106666666666667,0.12,0.106666666666667,0.1,0.153333333333333,0.12,0.133333333333333,0.173333333333333,0.166666666666667,0.113333333333333,0.186666666666667,0.186666666666667,0.213333333333333,0.173333333333333,0.12,0.24,0.22,0.293333333333333,0.226666666666667,0.293333333333333,0.22,0.26,0.266666666666667,0.313333333333333,0.286666666666667,0.32,0.346666666666667,0.28,0.326666666666667,0.24,0.313333333333333,0.32,0.3,0.293333333333333,0.313333333333334,0.326666666666666,0.24,0.326666666666667
0,0,0,0,0,0,0,0,0,0,0,0,0,0,0,0,0,0,0,0,0,0,0,0,0,0,0,0,0,0,0,0,0,0,0,0,0,-1,-1,0,0,0,0,0,0,0,0,0,0,0,0,0,0,0,0,0,0,0,0,0,0,0,0,0,0,0,0,0,0,-1,-1,-1,-1,-1,-1,0,0,-1,0,-1,-1,0,0,0,0,0,0,0,0,0,0,-1,0,-1,-1,-1,-1,-1,-1,0,0,0,-1,-1,-1,-1,-1,0,0,0,0,0,0,0,0,0,0,0,0,0,0,0,0,0,-1,-1,-1,-1,-1,-1,-1,-1,-1,0,0,0,0,0,0,0,0,0,0,0,0,0,0,0,0,0,0,0.0533333333333334,0.12,0.06,0.0466666666666667,0.106666666666667,0.0666666666666666,0.0866666666666666,0.08,0.08,0.06,0.0866666666666667,0.16,0.126666666666667,0.113333333333333,0.173333333333333,0.133333333333333,0.146666666666667,0.173333333333333,0.18,0.166666666666667,0.166666666666667,0.253333333333333,0.186666666666667,0.18,0.193333333333333,0.233333333333333,0.3,0.286666666666667,0.293333333333333,0.286666666666667,0.266666666666667,0.286666666666667,0.286666666666667,0.366666666666667,0.313333333333333,0.3,0.293333333333333,0.32,0.346666666666667,0.3,0.366666666666667,0.28,0.326666666666667,0.366666666666667,0.373333333333333,0.306666666666667,0.346666666666666,0.306666666666667,0.333333333333333
0,0,0,0,0,0,0,0,0,0,0,0,0,0,0,0,0,0,0,0,0,0,0,0,0,0,0,0,0,0,0,0,0,0,0,0,0,-1,-1,0,0,0,0,0,0,0,0,0,0,0,0,0,0,0,0,0,0,0,0,0,0,0,0,0,0,0,0,0,0,0,0,0,0,0,-1,0,-1,-1,0,-1,-1,0,0,0,0,0,0,0,0,0,-1,-1,0,-1,-1,-1,-1,-1,-1,0,0,0,-1,-1,-1,-1,-1,0,0,0,0,0,0,0,0,0,0,0,0,0,0,0,0,0,-1,-1,-1,-1,-1,-1,-1,-1,-1,-1,-1,-1,0,0,0,0,0,0,0,0,0,0,-1,-1,-1,0,0,0.1,0.16,0.2,0.133333333333333,0.0933333333333333,0.0933333333333333,0.0933333333333333,0.0866666666666666,0.106666666666667,0.0933333333333333,0.126666666666667,0.12,0.106666666666667,0.146666666666667,0.133333333333333,0.113333333333333,0.12,0.133333333333333,0.273333333333333,0.153333333333333,0.166666666666667,0.206666666666667,0.233333333333333,0.22,0.32,0.32,0.34,0.28,0.26,0.4,0.386666666666667,0.373333333333334,0.366666666666667,0.34,0.44,0.433333333333333,0.473333333333333,0.393333333333333,0.46,0.333333333333333,0.36,0.306666666666667,0.406666666666667,0.366666666666667,0.373333333333333,0.38,0.393333333333333,0.333333333333333,0.313333333333333
0,0,0,0,0,0,0,0,0,0,0,0,0,0,0,0,0,0,0,0,0,0,0,0,0,0,0,0,0,0,-1,-1,-1,-1,0,0,0,0,0,0,0,0,0,0,0,0,0,0,0,0,0,-1,-1,-1,-1,-1,0,0,0,0,-1,0,0,0,0,0,0,0,0,0,0,0,0,0,0,0,-1,-1,0,-1,-1,-1,-1,0,0,0,0,0,0,0,-1,-1,0,-1,-1,-1,-1,-1,-1,0,0,0,-1,-1,-1,-1,-1,-1,-1,0,0,0,0,0,0,0,0,0,0,0,0,0,0,0,-1,-1,-1,-1,-1,-1,-1,-1,-1,-1,-1,-1,0,0,0,0,0,0,0,0,0,-1,-1,-1,-1,-1,-1,-1,-1,-1,-1,0.04,0.0933333333333333,0.0466666666666667,0.0666666666666667,0.08,0.146666666666667,0.12,0.126666666666667,0.173333333333333,0.133333333333333,0.233333333333333,0.18,0.173333333333333,0.193333333333333,0.2,0.16,0.22,0.253333333333333,0.26,0.306666666666667,0.273333333333333,0.326666666666667,0.32,0.353333333333333,0.4,0.373333333333333,0.373333333333333,0.313333333333333,0.393333333333333,0.353333333333333,0.506666666666666,0.453333333333333,0.453333333333333,0.446666666666666,0.413333333333333,0.44,0.346666666666667,0.413333333333333,0.393333333333333,0.406666666666667,0.433333333333333,0.333333333333334,0.36,0.38,0.353333333333333
-1,-1,0,0,0,0,0,0,0,0,0,0,0,0,0,-1,-1,-1,-1,-1,-1,0,-1,-1,-1,0,0,0,0,0,0,-1,-1,-1,0,0,0,0,-1,-1,-1,-1,-1,-1,0,0,0,0,0,0,0,-1,-1,-1,-1,-1,-1,-1,-1,0,-1,-1,-1,-1,-1,-1,-1,0,-1,-1,-1,-1,-1,-1,-1,0,-1,0,0,-1,-1,-1,-1,-1,-1,-1,-1,-1,-1,0,-1,-1,-1,-1,-1,-1,-1,-1,-1,0,0,0,-1,-1,-1,-1,-1,-1,-1,-1,-1,-1,-1,0,0,0,0,0,0,0,0,0,0,0,0,-1,-1,-1,-1,-1,-1,-1,-1,-1,-1,-1,0,0,0,0,0,0,0,0,0,-1,-1,-1,-1,-1,-1,-1,-1,-1,-1,0.18,0.113333333333333,0.06,0.0866666666666667,0.0866666666666667,0.113333333333333,0.106666666666667,0.153333333333333,0.14,0.166666666666667,0.186666666666667,0.146666666666667,0.186666666666667,0.233333333333333,0.16,0.226666666666667,0.246666666666667,0.28,0.26,0.286666666666667,0.273333333333333,0.36,0.353333333333333,0.36,0.373333333333333,0.386666666666667,0.386666666666667,0.366666666666667,0.4,0.406666666666667,0.486666666666667,0.553333333333333,0.553333333333333,0.573333333333333,0.506666666666667,0.473333333333333,0.506666666666667,0.446666666666667,0.44,0.473333333333333,0.466666666666667,0.373333333333333,0.313333333333333,0.42,0.28
-1,-1,-1,-1,0,0,0,0,0,0,0,0,0,0,0,-1,-1,-1,-1,-1,-1,0,-1,-1,-1,-1,-1,-1,-1,-1,-1,-1,-1,-1,-1,-1,0,0,-1,-1,-1,-1,-1,-1,0,0,0,0,0,0,0,0,0,0,0,-1,-1,-1,-1,0,0,0,0,0,0,0,0,0,-1,-1,-1,-1,-1,-1,-1,0,-1,-1,0,-1,-1,-1,-1,-1,-1,-1,-1,-1,-1,0,-1,-1,-1,-1,-1,-1,-1,-1,-1,0,0,0,-1,-1,-1,-1,-1,-1,-1,-1,-1,-1,-1,0,0,0,0,0,0,0,0,0,0,0,0,0,0,0,0,0,0,0,0,0,0,0,0,0,0,0,0,0,0,0,-1,-1,0,0,0,0.106666666666667,0.113333333333333,0.133333333333333,0.16,-1,-1,0.146666666666667,0.226666666666667,0.226666666666667,0.173333333333333,0.0866666666666666,0.1,0.106666666666667,0.08,0.12,0.14,0.14,0.186666666666667,0.166666666666667,0.273333333333333,0.193333333333333,0.246666666666667,0.273333333333333,0.26,0.3,0.266666666666667,0.28,0.36,0.426666666666667,0.36,0.4,0.453333333333333,0.446666666666667,0.433333333333333,0.473333333333333,0.473333333333333,0.506666666666667,0.606666666666667,0.546666666666667,0.566666666666666,0.546666666666667,0.526666666666667,0.493333333333333,0.52,0.493333333333333,0.473333333333333,0.42,0.44,0.48,0.38,0.386666666666667
-1,-1,-1,-1,0,0,0,0,0,-1,-1,-1,-1,-1,-1,-1,0,0,0,0,0,0,-1,-1,-1,-1,-1,-1,-1,-1,-1,-1,-1,-1,-1,-1,0,0,-1,-1,-1,-1,-1,-1,0,0,0,0,0,0,0,0,0,0,0,0,0,0,0,0,0,0,0,0,0,0,0,0,0,0,0,0,0,0,0,0,-1,0,0,-1,-1,-1,-1,-1,-1,-1,-1,-1,-1,0,0,0,-1,-1,-1,-1,-1,-1,-1,0,0,0,-1,-1,-1,-1,-1,-1,-1,-1,-1,-1,-1,0,0,0,0,0,-1,-1,-1,0,0,-1,-1,-1,0,0,0,0,0,0,0,0,0,0,0,0,0,0,0,0,0,0,-1,-1,0,0,-1,-1,-1,-1,-1,0.186666666666667,0.0933333333333333,0.106666666666667,0.186666666666667,0.14,0.213333333333333,0.193333333333333,0.22,0.14,0.12,0.153333333333333,0.206666666666667,0.18,0.186666666666667,0.26,0.253333333333333,0.34,0.233333333333333,0.273333333333333,0.313333333333333,0.32,0.386666666666667,0.386666666666667,0.426666666666667,0.473333333333333,0.466666666666667,0.473333333333333,0.48,0.593333333333333,0.446666666666667,0.613333333333333,0.573333333333333,0.58,0.673333333333333,0.58,0.573333333333333,0.58,0.54,0.533333333333333,0.513333333333334,0.513333333333333,0.506666666666667,0.44,0.566666666666667,0.386666666666667,0.326666666666667,0.346666666666666
-1,0,0,-1,0,0,0,0,0,0,0,0,0,-1,-1,-1,-1,-1,-1,0,-1,0,0,-1,0,0,0,0,-1,-1,-1,-1,-1,-1,-1,-1,0,0,0,0,0,0,0,0,0,0,0,0,0,0,0,0,0,0,0,0,0,0,0,-1,-1,-1,-1,-1,0,0,0,0,0,0,0,0,0,0,0,0,-1,-1,0,-1,-1,0,0,0,0,0,0,0,0,0,0,0,-1,-1,-1,-1,-1,-1,-1,0,0,0,-1,-1,-1,-1,-1,-1,-1,-1,-1,-1,0,0,0,0,0,0,0,0,0,0,0,0,0,0,0,0,0,0,0,0,0,0,0,0,0,0,0,0,0,0,0,0,-1,-1,0,0,0,0.106666666666667,0.113333333333333,0.146666666666667,0.113333333333333,-1,0.146666666666667,0.193333333333333,0.2,0.173333333333333,0.146666666666667,0.106666666666667,0.24,0.166666666666667,0.206666666666667,0.213333333333333,0.213333333333333,0.28,0.16,0.173333333333333,0.253333333333333,0.233333333333333,0.24,0.366666666666667,0.34,0.406666666666667,0.32,0.386666666666667,0.42,0.46,0.566666666666667,0.526666666666667,0.526666666666667,0.6,0.553333333333334,0.606666666666667,0.566666666666667,0.646666666666666,0.68,0.686666666666666,0.686666666666667,0.626666666666667,0.64,0.6,0.606666666666666,0.466666666666667,0.58,0.613333333333333,0.486666666666667,0.5,0.42,0.426666666666667
0,0,0,0,0,0,0,0,0,0,0,0,0,0,0,0,0,0,0,0,-1,-1,0,0,-1,-1,-1,-1,-1,-1,-1,-1,-1,-1,-1,0,0,0,0,0,0,0,0,0,0,0,0,0,0,0,0,-1,-1,-1,-1,-1,-1,-1,0,0,-1,-1,-1,-1,-1,-1,0,0,0,0,0,0,0,0,0,0,0,0,-1,-1,-1,-1,-1,-1,-1,-1,-1,-1,0,0,0,-1,-1,-1,-1,0,0,-1,-1,0,0,0,0,0,0,0,0,-1,-1,-1,-1,-1,0,0,0,0,0,0,0,0,0,0,-1,-1,-1,-1,-1,-1,-1,-1,-1,-1,-1,-1,0,0,0,0,0,0,0,0,0,0,-1,-1,-1,0,0.113333333333333,0.133333333333333,0.126666666666667,0.18,0.113333333333333,-1,0.133333333333333,0.14,0.14,0.14,0.153333333333333,0.213333333333333,0.18,-1,-1,-1,-1,0.286666666666667,0.18,0.18,0.213333333333333,0.286666666666667,0.246666666666667,0.333333333333333,0.246666666666667,0.286666666666667,0.38,0.433333333333333,0.453333333333333,0.4,0.466666666666667,0.506666666666667,0.633333333333333,0.573333333333334,0.646666666666667,0.553333333333334,0.64,0.606666666666667,0.72,0.74,0.72,0.72,0.713333333333333,0.606666666666667,0.673333333333334,0.646666666666667,0.6,0.653333333333334,0.48,0.42,0.42,0.533333333333333
0,0,0,0,0,0,0,-1,-1,-1,-1,-1,-1,0,0,0,0,0,0,0,-1,-1,0,0,-1,-1,-1,-1,-1,-1,-1,-1,-1,-1,-1,-1,-1,-1,0,0,0,0,0,0,0,0,0,0,0,0,0,-1,-1,-1,-1,-1,-1,-1,-1,0,0,0,0,0,0,0,0,-1,-1,0,0,0,0,0,0,0,0,0,0,-1,-1,-1,-1,-1,-1,-1,-1,-1,0,0,0,0,0,0,0,0,0,-1,0,-1,-1,0,0,0,0,0,0,0,0,0,0,0,0,0,0,0,0,-1,0,0,0,-1,-1,-1,-1,-1,-1,-1,-1,-1,-1,-1,-1,-1,-1,-1,0,0,0,0,0,0,0,0,-1,-1,-1,-1,-1,-1,-1,-1,-1,-1,-1,0.173333333333333,0.126666666666667,0.186666666666667,0.14,0.22,0.146666666666667,-1,-1,-1,-1,0.253333333333333,0.213333333333333,0.22,0.266666666666667,0.24,0.293333333333334,0.393333333333333,0.406666666666667,0.373333333333333,0.366666666666667,0.426666666666667,0.493333333333333,0.54,0.56,0.493333333333334,0.586666666666667,0.633333333333333,0.7,0.746666666666667,0.733333333333333,0.786666666666666,0.72,0.76,0.806666666666667,0.82,0.82,0.706666666666667,0.66,0.633333333333334,0.606666666666666,0.493333333333334,0.553333333333333,0.46,0.533333333333333,0.433333333333333
0,0,0,0,0,0,0,-1,-1,-1,-1,-1,-1,-1,-1,-1,-1,-1,-1,0,-1,0,0,0,-1,-1,-1,-1,-1,-1,-1,-1,-1,-1,-1,-1,-1,-1,0.153333333333333,0.08,0.00666666666666667,0,0,0,0,0,0,0,0,0,0,0,0,0,0,0,0,-1,0,-1,-1,0,0,0,0,0,0,-1,-1,-1,-1,-1,-1,-1,0,0,0,0,0,0,0,0,0,0,0,0,0,0,0,0,0,0,0,0,0,0,0,0,0,-1,-1,-1,-1,-1,-1,-1,-1,-1,-1,-1,-1,-1,0,0,0,0,0,-1,0,0,0,-1,-1,-1,-1,-1,-1,-1,-1,-1,-1,-1,-1,-1,-1,-1,0,0,0,0,0,0,0,0,0,0,-1,-1,-1,-1,-1,-1,-1,-1,-1,0.18,0.146666666666667,0.173333333333333,0.186666666666667,0.193333333333333,0.226666666666667,-1,-1,-1,-1,0.206666666666667,0.246666666666667,0.233333333333333,0.26,0.3,0.313333333333333,0.346666666666667,0.38,0.433333333333333,0.446666666666666,0.426666666666667,0.52,0.58,0.52,0.68,0.733333333333333,0.72,0.706666666666666,0.733333333333333,0.706666666666666,0.853333333333333,0.82,0.88,0.846666666666666,0.806666666666666,0.813333333333334,0.773333333333333,0.726666666666666,0.766666666666666,0.473333333333333,0.58,0.56,0.466666666666667,0.526666666666667,0.64
0,0,0,0,0,0,0,-1,-1,-1,-1,-1,-1,-1,-1,-1,-1,-1,0,-1,-1,0.16,0.126666666666667,0.113333333333333,0.16,0.0933333333333333,0.113333333333333,0.14,0.133333333333333,0.166666666666667,0.12,0.12,-1,-1,-1,-1,-1,-1,0.08,0.0333333333333333,0.0333333333333333,0.0533333333333334,0.0333333333333333,0.0466666666666667,0.02,0.04,0,0,0,-1,-1,0,0,0,0,0,0,0,0,-1,-1,-1,-1,-1,-1,-1,0,0,0,0,0,-1,-1,-1,0,0,0,0,0,0,0,0,0,0,0,0,0,0,0,0,0,0,0,0,0,0,0,0,0,0,0,0,0,0,0,0,0,0,0,0,-1,-1,0,0,0,0,0,0,0,0,0,0,0,0,0,0,0,0,0,0,0,0,0,0,0,0,0,0,0,0,0,0,0,0,0,0,0,0.166666666666667,0.126666666666667,0.153333333333333,0.126666666666667,0.16,0.22,0.173333333333333,-1,0.18,0.186666666666667,0.206666666666667,0.213333333333333,0.246666666666667,0.186666666666667,-1,-1,-1,-1,0.253333333333333,0.266666666666667,0.266666666666667,0.326666666666667,0.333333333333333,0.326666666666667,0.386666666666667,0.333333333333333,0.446666666666667,0.406666666666667,0.48,0.593333333333333,0.626666666666667,0.613333333333333,0.713333333333333,0.699999999999999,0.746666666666667,0.8,0.786666666666667,0.826666666666667,0.9,0.886666666666666,0.82,0.893333333333333,0.873333333333333,0.826666666666667,0.84,0.826666666666667,0.653333333333334,0.533333333333333,0.486666666666667,0.58,0.546666666666667,0.666666666666667,0.66
0,0,0,0,0,0,0,-1,-1,-1,-1,-1,-1,-1,-1,-1,-1,-1,0.166666666666667,-1,-1,0.153333333333333,0.113333333333333,0.133333333333333,0.153333333333333,0.133333333333333,0.12,0.106666666666667,0.113333333333333,0.133333333333333,0.0733333333333334,0.14,0.126666666666667,0.14,0.0866666666666667,0.153333333333333,0.106666666666667,0.14,0.0866666666666666,0.0866666666666667,0.04,0.0733333333333334,0.0333333333333333,0.0533333333333334,0.0466666666666667,0.06,0.0733333333333334,0.0266666666666667,0.106666666666667,0,0,0,0,0,0,0,0,0,0,0,0,-1,-1,-1,-1,-1,0,0,0,0,0,0,0,0,0,0,0,0,0,0,-1,-1,-1,-1,-1,-1,-1,-1,0,0,0,0,0,0,0,0,0,0,0,0,0,0,0,0,0,0,0,0,0,0,0,0,0,0,0,0,0,0,0,0,0,0,0,0,0,0,0,0,0,0,0,0,-1,0,0,0,0,0,0,0,0,0,0,0,0,0,0,0.126666666666667,0.126666666666667,0.133333333333333,0.126666666666667,0.206666666666667,0.153333333333333,0.126666666666667,0.24,0.166666666666667,0.173333333333333,-1,0.18,0.213333333333333,0.193333333333333,-1,-1,-1,0.253333333333333,0.266666666666667,0.266666666666667,0.286666666666667,0.366666666666666,0.32,0.3,0.4,0.353333333333334,0.346666666666667,0.42,0.506666666666666,0.586666666666667,0.653333333333334,0.66,0.68,0.78,0.86,0.806666666666667,0.866666666666666,0.839999999999999,0.88,0.866666666666667,0.9,0.926666666666667,0.92,0.926666666666667,0.94,0.693333333333333,0.626666666666666,-1,0.6,0.6,0.7,0.746666666666667,0.573333333333333
0,0,0,0,0,0,-1,-1,-1,0,0,0,0,0,0.14,0.133333333333333,0.133333333333333,0.193333333333333,0.126666666666667,0.126666666666667,0.126666666666667,0.12,0.126666666666667,0.12,0.106666666666667,0.0866666666666666,0.1,0.146666666666667,0.12,0.16,0.186666666666667,0.133333333333333,0.2,0.186666666666667,0.126666666666667,0.153333333333333,0.133333333333333,0.146666666666667,0.126666666666667,0.0266666666666667,0.06,0.0533333333333334,0.0666666666666667,0.0333333333333333,0.0266666666666667,0.0466666666666667,0.06,0.04,0.04,0.0866666666666667,-1,-1,-1,-1,0,0,0,0,0,0,0,0,0,0,0,0,0,0,0,0,0,0,0,0,0,0,0,0,0,0,-1,-1,-1,-1,-1,-1,-1,-1,-1,-1,-1,0,0,0,0,0,0,0,0,-1,-1,0,0,0,0,0,0,0,0,0,0,0,0,0,0,0,0,0,0,0,0,0,0,0,0,0,0,0,0,0,0,0,0,0,0,0,0,0,0,0,0,0,0,0,0,0,0,0.113333333333333,0.146666666666667,0.166666666666667,0.133333333333333,0.106666666666667,0.173333333333333,0.146666666666667,0.173333333333333,0.153333333333333,0.186666666666667,0.18,0.146666666666667,0.173333333333333,0.18,-1,-1,-1,0.253333333333333,-1,-1,-1,0.213333333333333,0.306666666666667,0.366666666666667,0.373333333333333,0.373333333333333,-1,-1,0.38,0.506666666666666,0.586666666666667,0.686666666666667,0.753333333333334,0.726666666666667,0.78,0.866666666666667,0.886666666666666,0.9,0.906666666666667,0.953333333333333,0.933333333333333,0.946666666666667,0.966666666666667,0.946666666666667,0.913333333333333,-1,-1,0.66,0.713333333333333,0.806666666666667,0.693333333333333,0.726666666666666,0.673333333333334
0,0,0,0,0,0,0,0,-1,0,0,0.14,0.08,0.146666666666667,0.12,0.126666666666667,0.14,0.113333333333333,0.126666666666667,0.133333333333333,0.153333333333333,0.113333333333333,0.193333333333333,0.16,0.16,0.166666666666667,0.08,0.213333333333333,0.1,0.16,0.126666666666667,0.113333333333333,0.166666666666667,0.0866666666666667,0.14,0.12,0.126666666666667,0.126666666666667,0.146666666666667,0.0733333333333334,0.0733333333333333,0.0533333333333333,0.0533333333333334,0.0533333333333334,0.06,0.06,0.04,0.04,0.04,0.113333333333333,-1,-1,-1,-1,-1,-1,-1,-1,0,0,0,0,0,0,0,0,0,0,0,-1,-1,-1,-1,-1,0,0,0,0,0,0,-1,-1,-1,-1,-1,-1,-1,-1,-1,-1,-1,0,0,0,0,0,0,0,0,-1,-1,-1,-1,-1,-1,-1,-1,-1,-1,-1,-1,0,0,-1,0,0,0,-1,-1,0,0,0,0,0,0,0,0,0,0,0,0,0,0,0,-1,-1,-1,-1,-1,-1,-1,-1,0,0,0,0,0,0.1,0.2,0.166666666666667,0.153333333333333,-1,-1,-1,-1,-1,0.16,0.173333333333333,0.18,0.206666666666667,-1,-1,-1,-1,0.22,-1,-1,-1,-1,0.326666666666667,0.32,0.38,0.353333333333333,0.306666666666667,-1,-1,-1,0.68,0.746666666666667,0.813333333333334,0.793333333333334,0.806666666666667,0.906666666666667,0.906666666666667,0.946666666666667,0.946666666666667,0.973333333333333,0.98,0.973333333333333,0.986666666666667,0.966666666666667,0.986666666666667,0.9,-1,0.646666666666667,0.853333333333333,0.786666666666666,0.78,0.746666666666666,0.613333333333333
0,0,0,0,0,0,0,0,0,0.16,0.133333333333333,0.146666666666667,0.16,0.133333333333333,0.133333333333333,0.173333333333333,0.16,0.113333333333333,0.126666666666667,0.14,0.113333333333333,0.12,0.166666666666667,0.173333333333333,0.193333333333333,0.193333333333333,0.126666666666667,0.146666666666667,0.12,0.153333333333333,0.16,0.126666666666667,0.193333333333333,0.133333333333333,0.166666666666667,0.133333333333333,0.193333333333333,0.126666666666667,0.08,0.06,0.0533333333333333,0.0533333333333333,0.0533333333333334,0.0866666666666667,0.0866666666666667,0.0866666666666667,0.06,0.04,0.06,0.1,0.14,0.126666666666667,0.113333333333333,-1,-1,-1,-1,-1,-1,-1,-1,-1,-1,-1,-1,0,0,0,-1,-1,-1,-1,-1,-1,0,0,0,0,0,0,-1,-1,-1,-1,-1,-1,-1,-1,-1,-1,-1,-1,0,0,0,0,0,0,-1,-1,-1,-1,-1,-1,-1,-1,-1,-1,-1,-1,-1,0,0,-1,0,0,0,0,0,0,0,0,0,0,0,0,0,0,0,0,0,0,0,0,-1,-1,-1,-1,-1,-1,-1,-1,-1,-1,-1,0,0,0.113333333333333,0.146666666666667,0.113333333333333,0.146666666666667,-1,-1,-1,-1,-1,-1,-1,-1,-1,-1,-1,-1,-1,0.226666666666667,-1,-1,-1,0.3,0.353333333333333,0.38,0.373333333333333,0.4,-1,-1,-1,0.433333333333333,0.646666666666667,0.746666666666667,0.8,0.82,0.873333333333333,0.953333333333334,0.92,0.953333333333334,0.96,0.993333333333333,0.986666666666667,0.993333333333333,0.993333333333333,0.98,0.973333333333333,0.98,0.76,0.88,0.84,0.9,0.82,0.813333333333333,0.773333333333334
0,0,0,0,0,0,0,0,0.106666666666667,0.133333333333333,0.14,0.133333333333333,0.153333333333333,0.106666666666667,0.166666666666667,0.18,0.14,0.146666666666667,0.126666666666667,0.113333333333333,0.16,0.193333333333333,0.153333333333333,0.113333333333333,0.146666666666667,0.186666666666667,0.14,0.193333333333333,0.18,0.14,0.146666666666667,0.133333333333333,0.18,0.173333333333333,0.113333333333333,0.153333333333333,0.186666666666667,0.22,0.0466666666666667,0.0933333333333333,0.0666666666666667,0.0666666666666667,0.0666666666666666,0.0733333333333334,0.0866666666666667,0.106666666666667,0.06,0.0533333333333333,0.0466666666666667,0.1,0.133333333333333,0.146666666666667,0.0866666666666667,0.14,0.113333333333333,0.0866666666666667,0.14,0,-1,-1,-1,-1,-1,-1,-1,-1,-1,0,0,0,0,0,0,-1,0,0,0,0,0,0,-1,-1,-1,-1,-1,-1,-1,-1,-1,-1,-1,-1,0,0,0,0,0,0,-1,-1,-1,-1,-1,-1,-1,-1,-1,-1,-1,-1,-1,0,-1,-1,0,0,0,0,0,0,0,0,0,0,0,0,0,0,0,0,0,0,0,0,-1,-1,-1,-1,-1,-1,-1,-1,-1,0,0,0,0,0.106666666666667,0.14,0.12,0.12,-1,-1,-1,-1,-1,-1,-1,-1,-1,-1,-1,-1,-1,0.213333333333333,-1,-1,-1,0.253333333333333,0.326666666666667,0.34,0.36,-1,-1,-1,0.44,0.56,0.706666666666667,0.76,0.813333333333333,0.82,0.853333333333333,0.893333333333333,0.953333333333333,0.96,0.98,0.993333333333333,0.993333333333333,1,0.986666666666667,1,0.993333333333333,0.98,0.966666666666667,0.946666666666667,0.893333333333334,0.86,0.82,0.76,0.733333333333333
0,0,0,0,0,0,0.173333333333333,0.106666666666667,0.113333333333333,0.126666666666667,0.18,0.106666666666667,0.146666666666667,0.126666666666667,0.126666666666667,0.166666666666667,0.14,0.206666666666667,0.106666666666667,0.133333333333333,0.126666666666667,0.173333333333333,-1,-1,-1,-1,-1,-1,-1,-1,-1,-1,-1,-1,0.106666666666667,0.186666666666667,0.18,0.133333333333333,0.0666666666666667,0.14,0.08,0.0733333333333334,0.0933333333333334,0.04,0.0666666666666667,0.1,0.06,0.0733333333333333,0.0666666666666667,0.126666666666667,0.173333333333333,0.14,0.146666666666667,0.133333333333333,0.2,0.133333333333333,0.12,0.113333333333333,0.0933333333333334,0,0,0,0,0,0,-1,0,0,0,0,0,0,0,0,0,0,0,0,0,0,-1,-1,-1,-1,-1,-1,-1,-1,-1,-1,-1,0,0,0,0,0,0,0,-1,-1,-1,-1,-1,-1,-1,-1,-1,-1,-1,-1,-1,0,-1,-1,0,0,0,0,0,-1,-1,-1,-1,0,0,0,0,0,0,0,0,0,0,0,0,0,0,0,0,0,0,0,0,-1,-1,-1,-1,-1,0.153333333333333,0.106666666666667,-1,-1,-1,-1,-1,-1,-1,-1,-1,-1,-1,-1,-1,0.266666666666667,-1,-1,-1,0.273333333333333,0.406666666666667,0.333333333333333,0.253333333333334,0.313333333333333,-1,-1,0.3,0.593333333333334,0.626666666666667,0.706666666666667,0.76,0.76,0.773333333333333,0.94,0.893333333333333,0.973333333333333,0.986666666666667,0.973333333333333,0.993333333333333,1,1,1,1,1,0.993333333333333,0.960000000000001,0.946666666666666,0.926666666666666,0.826666666666667,0.813333333333333,0.8,0.706666666666667
0,0,0,0,0,0.0933333333333334,0.133333333333333,0.126666666666667,0.126666666666667,0.186666666666667,0.14,0.14,0.173333333333333,0.186666666666667,0.166666666666667,0.16,0.106666666666667,0.173333333333333,0.0933333333333333,0.213333333333333,0.14,0.16,-1,-1,-1,-1,-1,-1,-1,-1,-1,-1,-1,-1,-1,-1,-1,0.12,0.1,0.153333333333333,0.0333333333333333,0.0933333333333333,0.1,0.08,0.1,0.0666666666666666,0.0533333333333333,0.06,0.173333333333333,-1,-1,-1,-1,-1,-1,0.133333333333333,0.153333333333333,0.126666666666667,0.113333333333333,0.0866666666666667,0,0,0,0,0,0,0,0,0,0,0,0,0,0,0,0,0,0,0,0,-1,-1,-1,-1,-1,-1,-1,-1,-1,-1,-1,0,0,0,0,0,0,0,-1,-1,-1,-1,-1,-1,-1,-1,-1,-1,-1,-1,0,0,-1,0,0,0,0,0,0,-1,-1,-1,-1,-1,-1,-1,-1,-1,0,0,0,0,0,0,0,0,0,0,0,0,0,0,0,0,0,0,0,0.146666666666667,-1,0.166666666666667,0.153333333333333,0.146666666666667,0.193333333333333,0.113333333333333,0.173333333333333,0.126666666666667,0.173333333333333,0.18,0.266666666666667,0.18,0.233333333333333,0.2,0.273333333333333,0.206666666666667,-1,-1,0.333333333333333,0.306666666666666,0.28,0.346666666666667,0.38,-1,-1,-1,0.44,0.56,0.58,0.66,0.726666666666666,0.76,0.866666666666666,0.88,0.92,0.946666666666667,0.98,0.993333333333333,1,1,1,1,1,1,0.986666666666667,0.973333333333333,0.966666666666666,0.866666666666666,0.846666666666666,0.92,0.766666666666667,0.706666666666667
0,0,0,0.0866666666666666,0.166666666666667,0.166666666666667,0.126666666666667,0.12,0.153333333333333,0.12,0.133333333333333,0.146666666666667,0.173333333333333,0.16,0.14,0.16,0.186666666666667,-1,-1,0.12,0.133333333333333,0.153333333333333,-1,-1,-1,-1,-1,-1,-1,-1,-1,-1,-1,-1,-1,-1,-1,0.2,0.113333333333333,0.0533333333333333,0.08,0.12,0.0733333333333334,0.0866666666666667,0.0933333333333333,0.08,0.08,0.0933333333333333,0.14,-1,-1,-1,-1,-1,-1,-1,-1,0.12,0.113333333333333,0.166666666666667,-1,-1,-1,-1,-1,-1,0,0,-1,-1,-1,-1,0,0,0,0,0,0,0,0,-1,-1,-1,-1,-1,-1,-1,-1,-1,-1,-1,0,0,0,0,0,0,0,-1,-1,-1,-1,-1,-1,-1,-1,-1,-1,-1,-1,0,0,-1,0,0,0,0,0,0,-1,-1,-1,-1,-1,-1,-1,-1,-1,-1,0,-1,-1,-1,-1,-1,-1,-1,-1,-1,-1,-1,0,0,0,0,0,0,0.133333333333333,0.133333333333333,0.14,0.106666666666667,0.14,0.106666666666667,0.16,0.166666666666667,0.213333333333333,0.18,0.266666666666667,0.2,0.24,0.226666666666667,0.206666666666667,0.186666666666667,-1,-1,-1,0.253333333333333,0.273333333333333,0.293333333333333,0.333333333333333,0.326666666666667,-1,-1,0.386666666666667,0.4,0.593333333333333,0.566666666666667,0.666666666666666,0.72,0.806666666666667,0.8,0.886666666666666,0.926666666666666,0.96,0.966666666666667,0.986666666666667,1,1,1,1,1,0.986666666666667,0.98,0.966666666666667,0.94,0.9,0.866666666666667,0.84,0.786666666666667,0.82
-1,-1,-1,-1,-1,0.153333333333333,0.153333333333333,0.166666666666667,0.146666666666667,0.126666666666667,0.133333333333333,0.153333333333333,0.146666666666667,0.16,0.166666666666667,0.173333333333333,0.213333333333333,-1,-1,0.213333333333333,0.2,0.2,0.186666666666667,0.16,0.166666666666667,0.206666666666667,0.16,0.186666666666667,0.146666666666667,0.18,0.146666666666667,0.166666666666667,0.166666666666667,-1,-1,-1,-1,0.18,0.12,0.106666666666667,0.133333333333333,0.0666666666666667,0.0866666666666667,0.106666666666667,0.1,0.1,0.06,0.106666666666667,0.193333333333333,0.14,0.113333333333333,0.12,0.12,0.146666666666667,-1,-1,-1,0.16,-1,-1,-1,-1,-1,-1,-1,-1,0,0,-1,-1,-1,-1,-1,0,0,0,0,0,0,0,-1,-1,-1,-1,-1,-1,-1,-1,-1,-1,-1,0,0,0,0,0,0,0,-1,-1,-1,-1,-1,-1,-1,-1,-1,-1,-1,-1,0,0,0,0,0,0,0,0,0,0,0,0,0,0,0,0,-1,-1,-1,0,-1,-1,-1,-1,-1,-1,-1,-1,-1,-1,-1,0,0,0,0,0,0,0.146666666666667,0.133333333333333,0.1,0.126666666666667,0.1,0.113333333333333,0.146666666666667,0.146666666666667,0.173333333333333,0.193333333333333,0.186666666666667,0.133333333333333,0.173333333333333,0.206666666666667,0.28,-1,-1,-1,0.266666666666666,0.286666666666667,0.28,0.266666666666667,0.273333333333333,-1,-1,0.46,0.506666666666667,0.48,0.52,0.62,0.706666666666667,0.726666666666667,0.853333333333333,0.806666666666667,0.886666666666666,0.92,0.966666666666666,0.98,0.946666666666667,0.973333333333333,1,1,1,1,0.986666666666667,0.98,0.926666666666666,0.926666666666667,0.886666666666666,0.873333333333333,0.78,0.76,0.773333333333333
-1,-1,-1,0.133333333333333,0.106666666666667,0.126666666666667,0.173333333333333,0.106666666666667,0.18,0.173333333333333,0.193333333333333,0.166666666666667,0.153333333333333,0.106666666666667,0.146666666666667,0.18,0.12,-1,-1,0.166666666666667,0.206666666666667,0.24,0.14,0.193333333333333,0.246666666666667,0.193333333333333,0.213333333333334,0.22,0.26,0.2,0.18,0.2,0.2,0.133333333333333,0.22,0.213333333333333,0.146666666666667,0.113333333333333,0.146666666666667,0.106666666666667,0.126666666666667,0.14,0.126666666666667,0.133333333333333,0.133333333333333,0.08,0.0933333333333333,0.14,0.18,0.2,0.146666666666667,0.12,0.173333333333333,0.106666666666667,0.173333333333333,0.146666666666667,0.14,0.126666666666667,0.113333333333333,0.14,0.12,0.126666666666667,-1,-1,-1,-1,-1,0,0,0,0,-1,-1,0,0,0,-1,-1,0,0,-1,-1,-1,-1,-1,-1,-1,-1,-1,-1,-1,0,0,0,0,0,0,0,-1,-1,-1,-1,-1,-1,-1,-1,-1,-1,-1,-1,0,0,0,0,0,0,0,0,0,0,0,0,0,0,0,0,0,0,0,0,0,0,0,0,0,0,0,-1,-1,-1,-1,-1,-1,-1,-1,-1,0,0.12,0.106666666666667,0.186666666666667,0.133333333333333,0.133333333333333,0.14,0.14,0.133333333333333,0.186666666666667,0.153333333333333,0.146666666666667,0.24,0.213333333333333,0.18,-1,-1,-1,-1,0.233333333333333,0.206666666666667,0.293333333333333,0.333333333333333,-1,-1,-1,0.42,0.413333333333333,0.466666666666667,0.48,0.586666666666667,0.68,0.68,0.76,0.793333333333333,0.86,0.906666666666667,0.873333333333333,0.96,0.946666666666667,0.98,0.986666666666667,1,0.986666666666667,0.98,0.96,0.966666666666667,0.9,0.926666666666666,0.846666666666666,0.84,0.82,0.746666666666667,0.653333333333333
-1,-1,0.106666666666667,0.16,0.12,0.14,0.166666666666667,0.126666666666667,0.14,0.133333333333333,0.193333333333333,0.166666666666667,0.206666666666667,0.206666666666667,0.16,0.166666666666667,0.14,0.14,0.2,0.213333333333333,0.166666666666667,0.186666666666667,0.16,0.173333333333333,0.246666666666667,0.22,0.273333333333333,0.226666666666667,0.233333333333333,0.186666666666667,0.213333333333333,0.166666666666667,0.186666666666667,0.186666666666667,0.286666666666667,0.166666666666667,0.106666666666667,0.14,0.113333333333333,0.153333333333333,0.106666666666667,0.16,0.1,0.0533333333333333,0.1,0.153333333333333,0.126666666666667,0.18,0.2,0.22,0.153333333333333,0.18,0.146666666666667,0.146666666666667,0.186666666666667,0.146666666666667,0.146666666666667,0.146666666666667,0.113333333333333,0.0933333333333334,0.12,0.126666666666667,0.173333333333333,0.113333333333333,0.106666666666667,0,0,0,0,0,0,0,0,0,0,0,-1,-1,0,-1,-1,-1,-1,-1,-1,-1,-1,-1,-1,-1,-1,0,0,0,0,0,0,0,-1,-1,-1,-1,-1,-1,-1,-1,-1,-1,-1,-1,0,0,0,0,0,0,0,0,0,0,0,0,0,0,0,0,0,0,0,0,0,0,0,0,0,0,0,0,0,0,0,-1,-1,-1,-1,-1,-1,-1,-1,-1,-1,-1,0.146666666666667,0.0866666666666667,0.213333333333333,0.22,0.2,0.2,0.233333333333333,0.2,0.193333333333333,0.16,0.213333333333333,-1,0.226666666666667,-1,-1,-1,0.346666666666666,-1,-1,0.38,0.406666666666667,0.386666666666667,0.48,0.52,0.6,0.64,0.64,0.713333333333333,0.753333333333334,0.82,0.786666666666667,0.893333333333334,0.96,0.96,0.96,0.966666666666667,0.973333333333333,0.986666666666667,0.973333333333333,0.96,0.946666666666667,0.886666666666667,0.826666666666666,0.826666666666667,0.773333333333333,0.72,0.7,0.646666666666667
-1,-1,0.146666666666667,0.14,0.153333333333333,0.153333333333333,0.18,0.16,0.126666666666667,0.133333333333333,0.133333333333333,0.16,0.14,0.186666666666667,0.146666666666667,0.173333333333333,0.153333333333333,0.2,0.206666666666667,0.18,0.206666666666667,0.173333333333333,0.213333333333333,0.166666666666667,0.18,0.26,0.246666666666667,0.226666666666667,0.186666666666667,0.2,0.3,0.253333333333333,0.233333333333333,0.253333333333334,0.206666666666667,0.213333333333333,0.113333333333333,0.12,0.153333333333333,0.126666666666667,0.173333333333333,0.146666666666667,0.16,0.166666666666667,0.0733333333333333,0.113333333333333,0.166666666666667,0.166666666666667,0.213333333333333,0.16,0.186666666666667,0.233333333333333,0.12,0.146666666666667,0.16,0.113333333333333,0.186666666666667,0.1,0.0733333333333333,0.14,0.106666666666667,0.133333333333333,0.0866666666666667,0.08,0.106666666666667,0.06,0,0,0,0,0,0,0,0,0,-1,-1,0,0,-1,-1,-1,-1,-1,-1,-1,-1,-1,-1,-1,-1,0,-1,-1,-1,0,0,0,-1,-1,-1,-1,-1,-1,-1,-1,-1,-1,-1,-1,0,0,0,0,0,0,0,0,-1,-1,0,0,0,0,0,0,0,0,0,0,0,0,0,0,0,0,0,0,0,0,0,0,0,0,0,0,-1,-1,-1,-1,-1,-1,0.16,0.14,0.153333333333333,0.173333333333333,0.126666666666667,0.126666666666667,0.233333333333333,0.246666666666667,0.186666666666667,0.166666666666667,0.2,0.24,0.206666666666667,0.293333333333334,-1,-1,-1,-1,0.32,0.36,0.3,0.44,0.453333333333333,0.453333333333333,0.573333333333333,0.56,0.66,0.633333333333333,0.713333333333333,0.746666666666667,0.866666666666666,0.826666666666667,0.913333333333333,0.913333333333333,0.886666666666667,0.9,0.96,0.94,0.953333333333333,0.886666666666667,0.88,0.86,0.84,0.78,0.706666666666667,0.713333333333333,0.673333333333333,0.613333333333333
0.133333333333333,0.1,0.166666666666667,0.1,0.12,0.126666666666667,0.186666666666667,-1,0.16,0.193333333333333,-1,-1,-1,-1,-1,-1,-1,-1,0.226666666666667,0.22,0.22,0.173333333333333,0.226666666666667,0.28,0.206666666666667,0.226666666666667,0.273333333333333,0.3,0.286666666666667,0.273333333333333,0.273333333333333,0.273333333333333,0.22,0.186666666666667,0.206666666666667,0.146666666666667,0.293333333333333,0.16,0.173333333333333,0.186666666666667,0.16,0.16,0.12,0.173333333333333,0.126666666666667,0.2,0.14,-1,0.18,0.16,0.22,0.166666666666667,0.186666666666667,0.1,-1,-1,-1,-1,-1,-1,0.113333333333333,0.1,0.193333333333333,-1,-1,-1,-1,-1,-1,-1,-1,-1,-1,0,0,0,0,0,0,-1,-1,-1,-1,-1,-1,-1,-1,-1,-1,-1,-1,0,-1,-1,-1,-1,0,-1,-1,-1,-1,-1,-1,-1,-1,-1,-1,-1,-1,-1,0,0,0,0,0,0,0,0,-1,-1,-1,-1,-1,-1,0,0,0,0,0,0,0,0,0,0,0,0,0,0,0,0,0,0,0,0,0,0,0,0.12,0.16,0.133333333333333,0.213333333333333,0.14,0.14,0.146666666666667,0.16,0.173333333333333,0.173333333333333,0.18,0.253333333333333,0.2,0.2,0.26,0.166666666666667,0.233333333333333,0.213333333333333,0.24,0.226666666666667,0.266666666666666,-1,0.326666666666667,0.34,0.34,0.32,0.333333333333333,0.54,0.466666666666667,0.5,0.6,0.6,0.633333333333333,0.686666666666667,0.766666666666667,0.813333333333333,0.786666666666667,0.78,0.846666666666667,0.846666666666667,0.886666666666666,0.906666666666667,0.966666666666667,0.96,0.98,0.986666666666667,0.966666666666666,0.926666666666667,0.893333333333333,0.9,0.893333333333334,0.913333333333333,0.906666666666667
0.0933333333333333,0.12,0.166666666666667,0.126666666666667,0.12,0.173333333333333,0.126666666666667,-1,0.18,0.213333333333333,-1,-1,-1,-1,-1,-1,-1,-1,-1,0.266666666666666,0.193333333333333,0.16,0.246666666666667,0.193333333333333,0.226666666666667,0.286666666666667,0.22,0.28,0.313333333333333,0.28,0.226666666666667,0.24,0.22,0.28,0.24,0.286666666666667,0.18,0.146666666666667,0.26,0.186666666666667,0.213333333333333,0.206666666666667,0.126666666666667,0.16,0.14,0.16,0.18,-1,-1,-1,-1,-1,0.193333333333333,0.16,-1,-1,-1,-1,-1,-1,-1,-1,-1,-1,-1,-1,-1,-1,-1,-1,-1,-1,0,0,0,0,0,0,0,-1,-1,-1,-1,-1,-1,-1,-1,-1,-1,-1,-1,-1,-1,-1,-1,-1,-1,-1,-1,-1,-1,-1,-1,-1,-1,-1,-1,-1,-1,-1,0,0,0,0,0,0,0,0,-1,-1,-1,-1,-1,-1,-1,-1,-1,-1,-1,-1,0,-1,-1,-1,-1,-1,0,0,0,0,0,0,0,0,0,0,0,0.0866666666666667,0.106666666666667,0.146666666666667,0.18,0.113333333333333,0.113333333333333,0.18,0.16,0.186666666666667,0.16,0.153333333333333,0.186666666666667,0.18,0.14,0.206666666666667,0.2,0.24,0.28,0.233333333333334,0.26,0.293333333333333,0.28,0.28,0.266666666666667,0.333333333333333,0.393333333333333,0.366666666666667,0.44,0.466666666666667,0.486666666666667,0.52,0.613333333333333,0.626666666666667,0.68,0.646666666666667,0.68,0.806666666666667,0.733333333333333,0.953333333333333,0.973333333333333,0.96,0.993333333333333,0.973333333333333,0.98,1,0.98,0.926666666666667,0.94,0.94,0.946666666666667,0.886666666666666,0.893333333333333,0.893333333333333
0.1,0.14,0.133333333333333,0.133333333333333,0.153333333333333,0.186666666666667,0.18,0.22,0.14,0.126666666666667,-1,-1,-1,-1,-1,-1,-1,-1,-1,0.18,0.273333333333333,0.273333333333333,-1,-1,-1,-1,-1,-1,-1,-1,-1,-1,-1,-1,0.286666666666667,0.24,0.173333333333333,0.22,0.286666666666667,0.166666666666667,0.173333333333333,0.113333333333333,0.153333333333333,0.206666666666667,0.16,0.253333333333333,0.186666666666667,-1,-1,-1,-1,-1,0.186666666666667,0.193333333333333,-1,-1,-1,-1,-1,-1,-1,-1,0.16,0.14,0.0733333333333334,0.1,0.126666666666667,0.1,0,0,0,0,0,0,-1,0,-1,0,0,-1,-1,-1,-1,-1,-1,-1,-1,-1,-1,-1,-1,-1,-1,-1,-1,-1,-1,-1,-1,-1,-1,-1,-1,-1,-1,-1,-1,-1,-1,0,0,0,0,0,0,0,0,0,0,0,0,0,-1,-1,-1,-1,-1,-1,-1,-1,0,-1,-1,-1,-1,-1,-1,-1,-1,-1,-1,-1,0,0,0,0,0,0,0.146666666666667,0.14,0.193333333333333,0.153333333333333,0.14,0.133333333333333,0.133333333333333,0.14,0.0933333333333333,-1,-1,-1,0.193333333333333,0.22,0.24,0.186666666666667,0.233333333333333,0.153333333333333,0.18,0.193333333333333,0.28,0.24,0.22,0.24,0.286666666666667,0.393333333333333,0.36,0.373333333333333,0.473333333333333,0.493333333333334,0.526666666666667,0.6,0.653333333333334,0.626666666666667,0.933333333333333,0.946666666666667,0.906666666666666,0.953333333333333,0.933333333333333,0.96,0.933333333333333,0.98,0.953333333333333,0.94,0.96,0.913333333333333,0.886666666666666,0.9,0.913333333333333,0.906666666666667,0.88,0.886666666666666
0.173333333333333,0.113333333333333,0.146666666666667,-1,-1,-1,0.18,0.14,0.22,0.186666666666667,0.22,0.226666666666667,0.173333333333333,0.186666666666667,0.213333333333333,0.253333333333333,0.18,0.233333333333333,0.22,0.293333333333333,0.22,0.213333333333333,0.206666666666667,0.226666666666667,0.226666666666667,-1,-1,-1,-1,-1,-1,-1,-1,-1,0.266666666666667,0.18,0.273333333333333,0.213333333333333,0.246666666666667,0.22,0.24,0.2,0.186666666666667,0.246666666666667,0.186666666666667,0.213333333333333,0.206666666666667,-1,-1,-1,-1,-1,0.193333333333333,0.173333333333333,0.113333333333333,0.186666666666667,0.146666666666667,0.146666666666667,0.166666666666667,0.16,0.153333333333333,0.166666666666667,0.106666666666667,0.106666666666667,0.133333333333333,0.106666666666667,0.0866666666666667,0.0866666666666666,0.153333333333333,0,0,0,0,0,-1,0,0,0,0,-1,-1,-1,-1,-1,-1,-1,-1,-1,-1,-1,0,-1,-1,-1,-1,-1,-1,0,-1,-1,-1,-1,-1,-1,-1,-1,-1,-1,-1,0,0,0,0,0,0,0,0,0,0,0,0,0,0,0,0,0,0,0,0,0,0,-1,-1,-1,-1,-1,-1,-1,-1,-1,-1,-1,0,-1,-1,-1,0,0,0.12,0.113333333333333,0.12,0.146666666666667,0.14,0.1,0.206666666666667,0.166666666666667,0.18,-1,-1,-1,0.193333333333333,0.186666666666667,0.14,0.133333333333333,0.14,0.213333333333333,0.146666666666667,0.246666666666667,0.266666666666667,0.226666666666667,0.28,0.22,0.333333333333333,0.36,0.286666666666667,0.353333333333333,0.393333333333333,0.42,0.486666666666667,0.906666666666667,0.926666666666666,0.94,0.933333333333333,0.94,0.926666666666667,0.973333333333333,0.946666666666667,0.946666666666666,0.953333333333333,0.96,0.973333333333333,0.92,0.906666666666667,0.946666666666667,0.906666666666667,0.893333333333333,0.88,0.846666666666667,0.886666666666666,0.873333333333333
0.2,0.113333333333333,-1,0.16,0.153333333333333,-1,0.173333333333333,0.193333333333333,0.213333333333333,0.226666666666667,0.233333333333333,0.246666666666667,0.213333333333333,0.233333333333333,0.206666666666667,0.18,0.22,0.133333333333333,0.22,0.253333333333333,0.253333333333333,0.2,0.306666666666667,0.3,0.246666666666667,0.253333333333333,0.313333333333333,0.226666666666667,0.266666666666667,0.28,0.266666666666667,0.273333333333333,0.326666666666667,0.233333333333333,0.246666666666667,0.293333333333333,0.306666666666667,-1,0.226666666666667,0.28,0.193333333333333,0.193333333333333,0.273333333333333,0.206666666666667,0.246666666666667,0.14,0.16,0.18,-1,-1,-1,-1,0.213333333333333,0.166666666666667,0.16,0.213333333333333,0.16,0.18,0.153333333333333,0.146666666666667,0.106666666666667,0.14,0.133333333333333,0.16,0.12,0.113333333333333,0.146666666666667,0.126666666666667,0.0733333333333333,0.1,0,0,-1,-1,0,0,0,0,0,-1,-1,-1,-1,-1,-1,-1,-1,-1,-1,-1,0,0,0,0,0,0,0,0,-1,-1,-1,-1,-1,-1,-1,-1,-1,-1,-1,0,0,0,0,0,0,0,0,0,0,0,0,0,0,0,0,0,0,0,0,0,0,0,0,0,0,0,0,0,0,0,0,0,0,-1,-1,-1,-1,-1,-1,-1,-1,-1,-1,0.12,0.113333333333333,0.173333333333333,0.166666666666667,0.186666666666667,0.173333333333333,0.12,0.153333333333333,0.14,0.08,0.12,0.12,0.186666666666667,0.153333333333333,0.166666666666667,0.186666666666667,0.186666666666667,0.206666666666667,0.173333333333333,0.246666666666667,0.4,0.38,0.413333333333333,0.44,0.813333333333333,0.806666666666667,0.86,0.86,0.94,0.9,0.94,0.92,0.96,0.953333333333334,0.933333333333333,0.96,0.96,0.973333333333333,0.953333333333333,0.926666666666666,0.92,0.9,0.926666666666666,0.88,0.9,0.86,0.873333333333333
0.16,0.166666666666667,-1,0.173333333333333,0.146666666666667,-1,0.14,0.18,0.173333333333333,-1,-1,-1,-1,-1,-1,-1,-1,-1,-1,-1,-1,0.28,0.206666666666667,0.3,0.293333333333333,0.326666666666667,0.28,0.233333333333333,0.333333333333333,0.293333333333333,0.306666666666667,0.293333333333333,0.3,0.353333333333333,0.28,0.286666666666667,0.326666666666667,0.313333333333333,0.34,0.28,0.22,0.246666666666667,0.226666666666667,0.226666666666667,0.213333333333333,0.206666666666667,0.18,0.213333333333333,-1,-1,-1,-1,0.213333333333333,-1,-1,-1,-1,-1,0.133333333333333,0.226666666666667,0.146666666666667,0.126666666666667,0.166666666666667,0.133333333333333,0.12,0.113333333333333,0.1,0.12,0.1,0.106666666666667,0,0,-1,-1,0,0,0,0,0,-1,0,0,0,-1,-1,-1,-1,-1,-1,-1,0,0,0,0,0,-1,-1,-1,-1,-1,-1,-1,-1,-1,-1,-1,-1,-1,-1,0,0,0,0,0,0,0,0,0,0,0,0,0,0,0,0,0,0,0,0,0,0,0,0,0,0,0,0,0,0,0,0,0,-1,-1,-1,-1,-1,-1,-1,-1,-1,-1,-1,0.166666666666667,0.12,0.153333333333333,0.126666666666667,0.0866666666666667,0.0866666666666667,0.153333333333333,0.0933333333333333,0.14,0.146666666666667,0.106666666666667,0.186666666666667,0.193333333333333,0.146666666666667,0.166666666666667,0.18,0.24,0.193333333333333,0.266666666666667,0.22,0.226666666666667,0.253333333333333,0.866666666666666,0.84,0.886666666666666,0.833333333333333,0.886666666666666,0.913333333333333,0.853333333333333,0.926666666666666,0.913333333333333,0.94,0.893333333333334,0.913333333333333,0.92,0.933333333333333,0.913333333333334,0.92,0.94,0.913333333333333,0.926666666666666,0.86,0.886666666666667,0.926666666666667,0.88,0.846666666666667,0.853333333333333
0.18,0.153333333333333,-1,-1,-1,-1,0.18,0.16,0.173333333333333,-1,-1,-1,-1,-1,-1,-1,-1,-1,-1,-1,-1,0.313333333333333,0.286666666666667,0.293333333333333,-1,-1,-1,-1,-1,-1,-1,-1,-1,-1,0.266666666666667,0.286666666666667,-1,0.313333333333333,0.366666666666667,0.273333333333333,0.22,0.34,0.24,0.293333333333333,0.22,0.193333333333333,0.226666666666667,-1,-1,-1,-1,-1,0.173333333333333,-1,-1,-1,-1,-1,-1,-1,-1,-1,-1,-1,-1,-1,0.12,0.113333333333333,0.126666666666667,0.133333333333333,0.133333333333333,0,-1,-1,0,0,0,0,0,-1,0,0,0,0,0,0,0,0,0,0,0,0,0,0,0,-1,-1,-1,-1,-1,-1,-1,-1,-1,-1,-1,-1,-1,-1,-1,0,0,0,0,0,0,0,0,0,0,0,0,0,0,0,0,0,0,0,0,0,0,0,0,0,0,0,0,0,0,0,0,0,0,0,0,0,0,0,0.0733333333333333,0.133333333333333,0.106666666666667,0.1,0.126666666666667,0.0733333333333333,0.0733333333333333,0.0733333333333333,0.133333333333333,0.06,0.06,0.106666666666667,0.0466666666666666,0.133333333333333,0.166666666666667,0.0866666666666667,0.153333333333333,0.14,0.18,0.186666666666667,0.22,0.193333333333333,0.313333333333333,0.273333333333333,0.253333333333333,0.686666666666667,0.78,0.773333333333334,0.82,0.84,0.846666666666667,0.853333333333333,0.826666666666667,0.853333333333333,0.913333333333333,0.933333333333333,0.933333333333333,0.913333333333333,0.913333333333333,0.92,0.94,0.9,0.906666666666667,0.96,0.886666666666666,0.893333333333334,0.853333333333333,0.846666666666666,0.906666666666667,0.88,0.886666666666666
0.166666666666667,0.12,-1,-1,-1,-1,0.186666666666667,0.2,0.14,0.16,0.213333333333333,0.166666666666667,0.226666666666667,0.233333333333333,-1,-1,-1,-1,-1,-1,-1,0.273333333333334,0.226666666666667,0.286666666666667,-1,-1,-1,-1,-1,-1,-1,-1,-1,-1,0.306666666666667,0.28,-1,0.32,0.333333333333333,0.353333333333333,0.293333333333333,-1,0.246666666666667,0.293333333333333,0.293333333333333,0.24,-1,0.233333333333334,-1,-1,-1,-1,0.206666666666667,0.146666666666667,0.18,-1,-1,-1,-1,-1,-1,-1,-1,-1,-1,-1,0.113333333333333,-1,-1,-1,-1,-1,0,-1,0,0,0,0,-1,-1,0,0,0,0,0,0,0,0,0,0,0,0,0,0,0,-1,-1,-1,-1,-1,-1,-1,-1,-1,-1,-1,-1,-1,-1,-1,0,0,0,0,0,0,0,-1,-1,-1,-1,-1,0,-1,-1,-1,-1,-1,-1,-1,0,0,0,0,0,0,0,0,0,0,0,0,0,0,0,0,0,0,0,0,0.0533333333333333,0.0266666666666667,0.0133333333333333,0.0666666666666667,0.0733333333333334,0.12,0.186666666666667,-1,-1,0.0666666666666667,0.1,0.106666666666667,0.14,0.106666666666667,0.153333333333333,0.12,0.106666666666667,0.146666666666667,0.106666666666667,0.16,0.193333333333333,0.253333333333333,0.68,0.713333333333334,0.766666666666667,0.813333333333333,0.826666666666667,0.866666666666667,0.78,0.886666666666666,0.886666666666667,0.84,0.84,0.88,0.926666666666667,0.906666666666667,0.9,0.919999999999999,0.873333333333333,0.88,0.9,0.96,0.886666666666666,0.933333333333333,0.9,0.846666666666666,0.84,0.893333333333333,0.806666666666666,0.86
-1,-1,0.18,0.173333333333333,0.206666666666667,0.126666666666667,0.16,0.133333333333333,0.253333333333333,0.226666666666667,0.233333333333333,0.126666666666667,0.22,0.213333333333333,0.286666666666667,0.266666666666667,0.246666666666667,0.28,0.266666666666667,0.306666666666667,0.313333333333333,0.28,0.306666666666667,0.313333333333333,0.353333333333333,0.313333333333333,0.406666666666667,0.326666666666667,0.42,0.326666666666667,-1,-1,-1,-1,0.346666666666667,0.293333333333333,0.366666666666667,0.366666666666667,0.386666666666667,0.353333333333333,0.386666666666667,-1,0.313333333333333,0.3,0.3,0.28,-1,0.2,0.206666666666667,0.24,0.226666666666667,0.233333333333333,0.193333333333333,0.226666666666667,0.2,0.253333333333333,0.133333333333333,0.213333333333333,0.14,0.146666666666667,0.22,0.16,0.186666666666667,0.133333333333333,0.14,0.12,-1,-1,-1,-1,-1,-1,0,0,0,0,0,0,-1,0,0,0,0,0,0,0,0,0,0,0,0,0,0,0,0,-1,-1,-1,-1,-1,-1,-1,-1,-1,-1,-1,-1,-1,-1,-1,0,0,0,0,0,0,0,-1,-1,-1,-1,-1,0,-1,-1,-1,-1,-1,-1,-1,-1,-1,-1,-1,0,0,0,-1,-1,-1,-1,-1,-1,0,0,0,0,0,0,0,0.126666666666667,0.12,0.106666666666667,0.146666666666667,0.146666666666667,0.126666666666667,-1,-1,-1,0.0666666666666666,0.0666666666666667,0.12,0.0666666666666667,0.12,0.0533333333333333,0.1,0.12,0.126666666666667,0.133333333333333,0.12,0.153333333333333,0.686666666666666,0.7,0.806666666666666,0.726666666666667,0.806666666666667,0.82,0.799999999999999,0.833333333333333,0.873333333333333,0.826666666666667,0.846666666666667,0.88,0.833333333333333,0.9,0.926666666666666,0.866666666666666,0.866666666666666,0.913333333333333,0.913333333333333,0.946666666666667,0.966666666666666,0.893333333333334,0.88,0.933333333333333,0.826666666666667,0.873333333333333,0.88,0.886666666666666,0.86
-1,-1,-1,-1,-1,-1,0.146666666666667,0.186666666666667,0.18,0.233333333333333,0.18,0.2,0.26,0.286666666666667,0.22,0.2,0.246666666666667,0.28,0.26,0.293333333333333,0.266666666666667,0.32,0.313333333333333,0.28,0.353333333333333,0.386666666666667,0.34,0.36,0.4,0.386666666666667,0.393333333333333,0.4,0.386666666666667,0.353333333333333,0.386666666666667,0.473333333333333,0.42,0.4,0.326666666666667,0.38,0.32,0.293333333333333,0.293333333333333,0.34,0.226666666666667,0.233333333333333,-1,-1,-1,-1,-1,-1,-1,0.2,0.2,0.186666666666667,0.273333333333333,0.173333333333333,0.173333333333333,0.173333333333333,0.14,0.113333333333333,0.173333333333333,0.113333333333333,0.126666666666667,0.113333333333333,0.12,0.0733333333333333,-1,-1,-1,-1,0,0,0,0,0,0,-1,0,0,0,0,0,0,0,0,0,0,0,0,0,0,0,0,-1,-1,-1,-1,-1,-1,-1,-1,-1,-1,-1,-1,-1,-1,-1,0,0,0,0,0,0,0,0,0,0,0,0,0,0,0,0,-1,-1,-1,-1,-1,-1,-1,-1,0,0,0,-1,-1,-1,-1,-1,-1,-1,-1,-1,-1,-1,-1,-1,-1,-1,-1,0.133333333333333,0.113333333333333,0.14,0.153333333333333,0.18,-1,0.08,0.06,0.0533333333333333,0.126666666666667,0.113333333333333,0.113333333333333,0.0933333333333333,0.0933333333333333,0.08,0.153333333333333,0.666666666666667,0.653333333333333,0.573333333333333,0.606666666666667,0.673333333333334,0.7,0.8,0.8,0.76,0.779999999999999,0.88,0.826666666666667,0.74,0.82,0.88,0.873333333333333,0.913333333333333,0.86,0.84,0.913333333333333,0.94,0.913333333333333,0.94,0.866666666666667,0.926666666666666,0.926666666666667,0.82,0.82,0.86,0.8,0.893333333333334
0.113333333333333,0.14,0.12,0.153333333333333,0.22,0.193333333333333,0.16,0.14,0.213333333333333,-1,-1,-1,-1,-1,-1,-1,-1,0.26,0.306666666666667,0.326666666666667,0.326666666666667,0.346666666666667,0.253333333333333,0.353333333333333,0.406666666666667,0.313333333333333,0.433333333333334,0.38,0.453333333333333,0.393333333333333,0.393333333333333,0.353333333333333,0.393333333333333,0.42,0.5,0.486666666666667,0.473333333333333,0.433333333333333,0.393333333333333,0.38,0.36,0.4,0.38,0.286666666666667,0.38,0.28,0.26,0.3,-1,-1,-1,-1,-1,-1,-1,-1,-1,-1,-1,-1,-1,-1,-1,-1,-1,0.126666666666667,0.16,0.126666666666667,0.0933333333333333,-1,-1,0.153333333333333,0.0933333333333334,0,0,0,0,0,-1,0,0,0,0,0,0,0,0,0,0,0,0,0,0,0,0,-1,-1,-1,-1,-1,-1,-1,-1,-1,-1,-1,-1,-1,-1,-1,0,0,0,0,0,0,0,0,0,0,0,0,0,0,0,0,0,0,0,0,0,0,0,0,0,0,0,0,0,0,0,-1,-1,-1,-1,-1,-1,-1,-1,-1,-1,-1,-1,0.1,0.153333333333333,0.173333333333333,0.18,0.16,0.106666666666667,0.0866666666666667,0.0533333333333334,0.06,0.0733333333333333,0.08,0.08,0.1,0.106666666666667,0.0866666666666667,0.593333333333333,0.6,0.673333333333333,0.713333333333334,0.7,0.74,0.76,0.766666666666667,0.793333333333333,0.74,0.833333333333333,0.84,0.833333333333334,0.8,0.88,0.866666666666667,0.886666666666667,0.886666666666666,0.813333333333333,0.913333333333333,0.906666666666667,0.906666666666667,0.88,0.893333333333334,0.92,0.926666666666666,0.9,0.853333333333333,0.853333333333333,0.84,0.82,0.833333333333334
0.133333333333333,0.146666666666667,0.133333333333333,0.186666666666667,0.173333333333333,0.186666666666667,0.193333333333333,0.18,0.173333333333333,0.206666666666667,-1,-1,-1,-1,-1,-1,-1,-1,-1,-1,0.353333333333333,0.333333333333333,0.32,0.373333333333333,0.42,0.333333333333334,0.313333333333333,0.38,0.46,0.46,0.4,0.353333333333333,0.42,0.473333333333333,0.42,0.553333333333333,0.5,0.433333333333333,0.413333333333333,0.38,0.426666666666667,0.466666666666667,0.413333333333333,0.353333333333333,0.433333333333333,0.293333333333333,0.266666666666667,-1,-1,-1,-1,-1,-1,-1,-1,-1,-1,-1,-1,-1,-1,-1,-1,-1,0.1,0.126666666666667,0.173333333333333,0.14,0.126666666666667,0.146666666666667,0.106666666666667,0.1,0.1,0,0,0,0,0,-1,0,0,0,0,0,0,0,0,0,0,0,0,0,0,0,0,-1,-1,-1,-1,-1,-1,-1,-1,-1,-1,-1,-1,-1,-1,-1,0,0,0,0,0,0,0,0,0,0,0,0,0,0,0,0,0,0,0,0,0,0,0,0,0,0,0,0,0,0,0,0,0,0,0,0,0,0,0,0,0,0,0.146666666666667,0.1,0.173333333333333,0.0933333333333333,0.0866666666666667,0.133333333333333,0.0466666666666667,0.04,0.0533333333333333,0.0866666666666667,0.0666666666666667,0.0933333333333333,0.0733333333333333,0.0733333333333334,0.0733333333333333,0.566666666666667,0.64,0.64,0.64,0.64,0.64,0.686666666666667,0.746666666666666,0.813333333333333,0.846666666666667,0.813333333333333,0.766666666666667,0.833333333333333,0.866666666666666,0.82,0.88,0.826666666666667,0.86,0.84,0.86,0.94,0.846666666666666,0.906666666666667,0.913333333333333,0.926666666666667,0.92,0.866666666666666,0.913333333333333,0.826666666666666,0.82,0.893333333333333,0.813333333333333,0.813333333333333
-1,-1,-1,-1,-1,0.22,0.246666666666667,0.253333333333333,0.18,0.266666666666667,0.226666666666667,-1,-1,-1,-1,-1,-1,-1,-1,-1,0.34,0.353333333333333,0.36,-1,-1,-1,-1,-1,-1,-1,-1,-1,-1,-1,0.533333333333333,0.533333333333333,0.453333333333333,0.493333333333333,0.48,0.526666666666667,0.473333333333333,0.373333333333333,0.353333333333333,0.393333333333333,0.3,0.333333333333334,0.253333333333333,-1,-1,-1,-1,-1,-1,-1,0.246666666666667,0.193333333333333,0.186666666666667,0.166666666666667,-1,-1,-1,-1,-1,-1,0.14,0.106666666666667,0.16,0.106666666666667,0.0933333333333333,0.16,0.113333333333333,0.113333333333333,0.126666666666667,0.14,0,0,0,0,-1,0,0,0,0,0,0,0,0,0,0,0,0,0,0,0,0,0,0,0,0,0,0,0,0,0,0,0,0,-1,-1,-1,0,0,0,0,0,0,0,0,0,0,0,0,0,0,0,0,0,0,0,0,0,0,0,0,0,0,0,0,0,0,0,0,0,0,0,0,0,0,0,0,0,0,0.113333333333333,0.113333333333333,0.1,-1,-1,0.133333333333333,0.0533333333333334,0.0666666666666667,0.1,0.0866666666666667,0.106666666666667,0.0933333333333333,0.0333333333333333,0.0933333333333333,0.593333333333333,0.586666666666666,0.6,0.606666666666667,0.74,0.593333333333334,0.68,0.66,0.753333333333333,0.7,0.786666666666667,0.806666666666667,0.766666666666667,0.746666666666667,0.833333333333333,0.886666666666666,0.873333333333333,0.86,0.893333333333333,0.893333333333333,0.88,0.893333333333334,0.92,0.866666666666667,0.926666666666667,0.886666666666666,0.906666666666667,0.873333333333333,0.866666666666667,0.806666666666666,0.893333333333334,0.853333333333333,0.853333333333333,0.846666666666667
-1,-1,-1,-1,-1,0.18,0.233333333333333,-1,0.173333333333333,0.246666666666667,0.266666666666667,0.233333333333333,0.233333333333333,0.233333333333333,0.26,0.266666666666667,0.28,0.333333333333333,0.34,0.36,0.46,0.36,0.446666666666667,-1,-1,-1,-1,-1,-1,-1,-1,-1,-1,-1,0.513333333333333,0.553333333333333,0.626666666666667,0.573333333333333,0.593333333333334,0.486666666666667,0.5,0.466666666666667,0.473333333333333,0.413333333333333,0.393333333333333,0.366666666666667,0.34,0.353333333333333,0.28,0.22,0.286666666666667,0.2,0.246666666666667,-1,0.213333333333333,0.22,0.133333333333333,0.0733333333333334,0.186666666666667,0.18,0.18,0.173333333333333,0.153333333333333,0.153333333333333,0.173333333333333,-1,-1,-1,-1,-1,-1,0.12,0.153333333333333,0.106666666666667,0,0,0,0,-1,0,0,-1,-1,-1,-1,0,0,0,0,0,0,0,0,0,0,0,0,0,0,0,0,0,0,0,0,0,0,0,0,0,0,0,0,0,0,0,0,-1,-1,-1,-1,0,-1,-1,-1,-1,-1,-1,-1,-1,-1,0,0,0,0,0,0,0,0,0,0,0,0,0,0,0,0,0,0,0,0,0,0,0.0933333333333333,-1,-1,-1,-1,0.113333333333333,0.0666666666666667,0.0666666666666667,0.0866666666666667,0.0333333333333333,0.0466666666666667,0.04,0.513333333333333,0.64,0.586666666666667,0.6,0.66,0.693333333333333,0.7,0.64,0.726666666666667,0.746666666666667,0.76,0.773333333333333,0.826666666666667,0.813333333333333,0.806666666666667,0.786666666666667,0.8,0.8,0.853333333333333,0.826666666666666,0.873333333333333,0.82,0.893333333333334,0.853333333333333,0.88,0.913333333333333,0.9,0.886666666666667,0.906666666666667,0.9,0.92,0.813333333333333,0.853333333333333,0.86,0.84
0.14,0.206666666666667,0.14,0.12,0.153333333333333,0.206666666666667,0.22,-1,0.166666666666667,0.206666666666667,0.213333333333333,0.266666666666667,0.193333333333333,0.246666666666667,0.24,0.366666666666667,0.313333333333333,0.3,0.286666666666667,0.393333333333333,0.333333333333333,0.32,0.42,0.426666666666667,0.433333333333333,0.44,0.453333333333333,0.54,0.54,0.553333333333333,0.553333333333333,0.54,0.633333333333333,0.653333333333333,0.653333333333333,0.633333333333333,0.606666666666667,0.66,0.613333333333333,0.613333333333333,0.553333333333334,0.493333333333333,0.42,0.493333333333333,0.406666666666667,0.326666666666666,0.333333333333333,0.273333333333333,0.266666666666667,0.273333333333333,0.24,0.186666666666667,0.113333333333333,0.16,0.18,0.193333333333333,0.126666666666667,0.12,0.126666666666667,0.12,0.0733333333333334,0.106666666666667,0.0933333333333333,0.08,0.0533333333333334,-1,-1,-1,-1,-1,-1,0.12,0.08,0.0933333333333333,0,0,0,0,-1,-1,-1,-1,-1,-1,-1,-1,-1,-1,-1,-1,0,0,0,0,0,0,0,0,0,0,0,0,0,0,0,0,0,0,0,0,0,0,0,0,0,0,-1,-1,-1,-1,-1,0,-1,-1,-1,-1,-1,-1,-1,-1,-1,-1,-1,0,0,0,0,-1,-1,-1,-1,-1,-1,-1,-1,-1,-1,-1,0,0,0,0,0,0,0.113333333333333,-1,-1,0.14,0.02,0.04,0.06,0.0466666666666667,0.04,0.04,0.473333333333333,0.653333333333333,0.58,0.513333333333333,0.593333333333333,0.633333333333333,0.606666666666667,0.686666666666666,0.646666666666667,0.68,0.82,0.72,0.793333333333334,0.78,0.806666666666666,0.773333333333333,0.773333333333333,0.813333333333333,0.84,0.846666666666667,0.846666666666666,0.826666666666667,0.92,0.84,0.893333333333333,0.906666666666666,0.946666666666667,0.886666666666666,0.859999999999999,0.853333333333333,0.879999999999999,0.906666666666667,0.873333333333333,0.793333333333333,0.853333333333333,0.853333333333334
-1,-1,-1,-1,-1,-1,-1,0.18,0.18,0.213333333333333,0.246666666666667,0.213333333333333,0.18,0.186666666666667,0.3,0.266666666666667,0.286666666666667,0.293333333333333,0.36,0.353333333333333,0.42,0.346666666666667,0.5,0.46,0.42,0.48,0.513333333333333,0.48,0.526666666666667,0.506666666666667,0.613333333333333,0.593333333333334,0.733333333333333,0.713333333333333,0.666666666666667,0.713333333333333,0.66,0.646666666666667,0.693333333333333,0.666666666666667,0.626666666666667,0.573333333333333,0.486666666666667,0.44,0.446666666666667,0.4,0.326666666666667,0.306666666666667,0.326666666666666,0.313333333333333,0.193333333333333,0.233333333333333,0.166666666666667,0.226666666666667,0.153333333333333,0.153333333333333,0.166666666666667,0.14,0.1,0.0866666666666667,0.113333333333333,0.133333333333333,0.0933333333333333,0.06,0.0733333333333333,0.06,0.0666666666666667,0.06,0.0466666666666667,0.0466666666666667,0.0466666666666666,0.0333333333333333,0.04,0.0333333333333333,0,0,0,-1,-1,-1,-1,-1,-1,-1,-1,-1,-1,-1,-1,-1,0,0,0,0,0,0,0,0,0,0,0,0,0,0,0,0,0,0,0,0,0,0,0,0,0,0,0,-1,-1,-1,-1,0,0,0,0,0,0,0,-1,-1,-1,-1,-1,0,0,0,0,-1,-1,-1,-1,-1,-1,-1,-1,-1,-1,-1,-1,0,0,0,0,0,0,0.113333333333333,0.126666666666667,0.0666666666666666,0.0266666666666667,0.06,0.04,0.0466666666666667,0.04,0.493333333333333,0.526666666666667,0.546666666666667,0.573333333333333,0.520000000000001,0.613333333333333,0.586666666666667,0.64,0.673333333333334,0.653333333333333,0.673333333333334,0.76,0.786666666666666,0.753333333333333,0.773333333333333,0.8,0.813333333333333,0.8,0.753333333333334,0.853333333333333,0.826666666666667,0.846666666666667,0.793333333333333,0.833333333333333,0.853333333333333,0.886666666666666,0.886666666666666,0.866666666666666,0.853333333333333,0.873333333333333,0.933333333333333,0.893333333333333,0.886666666666666,0.866666666666667,0.893333333333333,0.833333333333334,0.840000000000001
-1,-1,-1,-1,-1,-1,0.273333333333334,-1,-1,0.186666666666667,0.22,0.273333333333333,-1,-1,-1,-1,-1,-1,-1,-1,0.393333333333333,0.373333333333333,0.42,-1,-1,-1,-1,0.573333333333333,0.58,0.593333333333333,0.653333333333333,0.64,0.786666666666667,0.766666666666666,0.833333333333333,0.786666666666666,0.706666666666667,0.659999999999999,0.653333333333334,0.626666666666667,0.606666666666666,0.52,0.573333333333333,0.453333333333333,0.42,0.346666666666667,0.353333333333333,0.373333333333333,0.373333333333333,0.286666666666667,0.226666666666667,0.313333333333333,0.26,0.2,0.173333333333333,0.16,0.186666666666667,0.12,0.0733333333333333,0.0866666666666667,0.1,0.0533333333333334,0.0733333333333334,0.0733333333333333,0.0533333333333333,0.0666666666666667,0.0533333333333334,0.1,0.12,0.106666666666667,0.14,0.133333333333333,0.106666666666667,0.14,0.126666666666667,0,0,-1,-1,-1,-1,-1,-1,-1,-1,-1,-1,-1,-1,-1,0,0,0,0,0,0,0,0,0,0,0,0,0,0,0,0,0,0,0,0,0,0,0,0,0,0,0,0,0,0,0,0,0,0,0,0,0,0,0,0,0,0,0,0,0,0,0,0,0,0,0,0,-1,-1,-1,-1,-1,-1,-1,0,0,0,-1,0,0,0,0.0333333333333333,0.04,0.0533333333333334,0.0466666666666666,0.0733333333333333,0.0666666666666667,0.0533333333333333,0.5,0.48,0.513333333333334,0.553333333333333,0.553333333333333,0.606666666666667,0.633333333333333,0.606666666666666,0.573333333333333,0.726666666666667,0.66,0.753333333333333,0.78,0.72,0.766666666666667,0.806666666666667,0.793333333333333,0.76,0.846666666666667,0.873333333333333,0.853333333333333,0.82,0.84,0.8,0.913333333333333,0.913333333333333,0.886666666666666,0.9,0.86,0.84,0.873333333333333,0.893333333333333,0.846666666666667,0.8,0.846666666666667,0.853333333333333,0.8
0.12,0.113333333333333,0.14,0.14,0.106666666666667,-1,0.14,-1,0.166666666666667,0.26,0.206666666666667,0.233333333333333,-1,-1,-1,-1,-1,-1,-1,-1,0.453333333333333,0.4,0.373333333333333,-1,-1,-1,-1,-1,-1,-1,-1,-1,0.893333333333333,0.826666666666667,0.833333333333333,0.826666666666667,0.773333333333333,0.793333333333333,0.713333333333333,0.7,0.633333333333333,0.633333333333333,0.493333333333333,0.559999999999999,0.46,0.46,0.433333333333333,0.36,0.313333333333333,0.293333333333333,0.286666666666667,0.24,0.22,0.16,0.16,0.146666666666667,0.126666666666667,0.1,0.0866666666666667,0.1,0.0933333333333333,0.0533333333333334,0.0866666666666667,0.0533333333333334,0.04,0.0666666666666666,0.126666666666667,-1,-1,-1,-1,-1,0.0666666666666667,0.146666666666667,0.113333333333333,-1,-1,-1,-1,-1,-1,-1,-1,-1,-1,-1,-1,-1,-1,0,0,0,0,0,0,0,0,0,0,0,0,0,0,0,0,0,0,0,0,0,0,0,0,0,0,0,0,0,0,0,0,0,0,0,0,0,0,0,0,0,0,0,0,0,0,0,0,0,0,0,0,0,0,0,0,0,0,0,0,0,0,-1,-1,-1,-1,0,0,0.04,0.0333333333333333,0.0133333333333333,0.0533333333333333,0.0533333333333334,0.413333333333333,0.473333333333333,0.58,0.586666666666667,0.533333333333334,0.54,0.633333333333334,0.546666666666667,0.62,0.653333333333333,0.7,0.653333333333334,0.706666666666667,0.813333333333333,0.78,0.813333333333333,0.713333333333333,0.726666666666667,0.786666666666667,0.806666666666667,0.82,0.793333333333333,0.8,0.893333333333333,0.84,0.906666666666667,0.886666666666666,0.853333333333333,0.9,0.9,0.94,0.92,0.913333333333333,0.913333333333333,0.826666666666667,0.853333333333333,0.853333333333333,0.793333333333334
0.153333333333333,0.186666666666667,0.173333333333333,0.166666666666667,0.16,0.12,0.2,-1,0.253333333333333,0.166666666666667,0.16,0.16,0.193333333333333,0.246666666666667,0.186666666666667,0.313333333333333,0.34,0.38,0.42,0.44,0.413333333333333,0.506666666666667,0.506666666666667,0.553333333333333,0.673333333333334,0.68,0.773333333333333,0.78,0.82,0.846666666666666,0.78,-1,0.926666666666666,0.906666666666667,0.893333333333333,0.893333333333333,0.853333333333333,0.8,0.779999999999999,0.706666666666667,0.693333333333333,0.64,0.54,0.586666666666667,0.466666666666667,0.5,0.373333333333333,0.4,0.333333333333333,0.313333333333333,0.26,0.24,0.233333333333334,0.166666666666667,0.213333333333333,0.186666666666667,0.1,0.12,0.126666666666667,0.146666666666667,0.06,0.0866666666666667,0.133333333333333,0.106666666666667,0.06,0.0466666666666667,0.106666666666667,-1,-1,-1,-1,-1,0.0733333333333333,0.133333333333333,0.1,-1,-1,-1,-1,-1,-1,-1,-1,-1,-1,-1,-1,-1,-1,0,0,0,0,0,0,0,0,0,0,0,0,0,0,0,0,0,0,0,0,0,0,0,0,0,0,0,0,0,0,0,0,0,0,0,0,0,0,0,0,0,0,0,0,0,0,0,0,0,-1,0,0,0,0,0,0,0,0,0,0,0,0,-1,-1,-1,0,0,0,0,0.02,0.0333333333333333,0.0266666666666667,0.48,0.52,0.493333333333333,0.553333333333333,0.526666666666667,0.64,0.56,0.52,0.58,0.573333333333334,0.713333333333333,0.606666666666667,0.68,0.646666666666667,0.773333333333334,0.66,0.7,0.806666666666667,0.84,0.86,0.826666666666667,0.813333333333333,0.88,0.84,0.78,0.86,0.853333333333333,0.873333333333333,0.906666666666667,0.846666666666667,0.873333333333333,0.9,0.84,0.9,0.893333333333333,0.906666666666667,0.88,0.846666666666667,0.926666666666666
0.113333333333333,0.18,0.146666666666667,0.166666666666667,0.14,0.18,0.173333333333333,0.206666666666667,0.18,-1,0.233333333333333,0.273333333333333,0.166666666666667,0.28,0.313333333333333,0.62,0.646666666666666,0.693333333333333,0.64,0.706666666666666,0.746666666666667,0.786666666666666,0.486666666666667,0.606666666666667,0.633333333333334,0.733333333333333,0.8,0.806666666666667,0.84,0.866666666666667,0.946666666666667,0.846666666666666,0.986666666666667,0.96,0.94,0.9,0.88,0.853333333333333,0.753333333333333,0.746666666666667,0.653333333333333,0.626666666666667,0.733333333333333,0.573333333333333,0.473333333333333,0.433333333333333,0.393333333333333,0.32,0.406666666666667,0.293333333333333,0.28,0.193333333333333,0.18,0.266666666666667,0.16,0.18,0.153333333333333,0.14,0.12,0.106666666666667,0.12,0.08,0.0533333333333334,0.1,0.06,0.08,0.08,-1,-1,0.126666666666667,-1,-1,0.08,0.113333333333333,0.0866666666666666,-1,-1,-1,-1,-1,-1,-1,-1,-1,-1,-1,-1,-1,-1,0,0,0,0,0,0,0,0,0,0,0,0,0,0,0,0,0,0,0,0,0,0,0,0,0,0,0,-1,-1,0,0,0,0,0,0,0,0,0,0,0,0,0,0,0,0,0,0,0,-1,-1,0,0,0,-1,-1,-1,0,0,0,0,0,0,0,0,-1,0,0,0,0,0,0.0266666666666667,0.02,0.493333333333333,0.413333333333333,0.493333333333333,0.513333333333333,0.486666666666666,0.6,0.513333333333334,0.58,0.573333333333333,0.6,0.68,0.633333333333333,0.733333333333333,0.72,0.773333333333333,0.726666666666667,0.733333333333333,0.82,0.733333333333333,0.76,0.8,0.773333333333333,0.853333333333333,0.806666666666667,0.866666666666666,0.846666666666667,0.88,0.9,0.92,0.886666666666666,0.86,0.906666666666667,0.92,0.933333333333333,0.926666666666667,0.9,0.92,0.886666666666667,0.86
-1,-1,0.126666666666667,0.153333333333333,0.16,0.22,0.14,0.2,0.5,-1,-1,-1,-1,-1,-1,-1,0.646666666666667,0.7,0.72,0.706666666666667,0.82,0.793333333333333,0.786666666666667,0.786666666666667,0.86,0.92,0.94,0.9,0.953333333333333,0.986666666666667,0.966666666666667,1,0.98,0.986666666666667,0.986666666666667,0.94,0.873333333333333,0.886666666666666,0.9,0.76,0.7,0.6,0.586666666666667,0.593333333333333,0.453333333333333,0.44,0.366666666666667,0.333333333333333,0.293333333333333,0.306666666666667,0.253333333333334,0.18,0.186666666666667,0.173333333333333,0.22,0.113333333333333,0.146666666666667,0.126666666666667,0.1,0.08,0.113333333333333,0.12,0.0933333333333333,0.0666666666666667,0.0333333333333333,0.0466666666666667,0.126666666666667,-1,-1,0.173333333333333,-1,-1,0.126666666666667,0.12,0.0733333333333333,-1,-1,-1,-1,-1,-1,-1,-1,-1,-1,-1,-1,-1,-1,0,0,0,0,0,0,0,0,0,0,0,0,0,0,0,0,0,0,0,0,0,0,0,0,0,0,0,-1,0,0,0,0,0,0,0,0,0,0,0,0,0,0,0,0,0,0,0,0,-1,-1,-1,-1,-1,-1,-1,-1,0,0,0,0,-1,0,0,0,0,0,0,0,0,0,0,0.386666666666667,0.473333333333333,0.46,0.446666666666667,0.54,0.553333333333333,0.6,0.58,0.606666666666667,0.626666666666667,0.673333333333333,0.686666666666667,0.626666666666667,0.713333333333333,0.68,0.726666666666667,0.74,0.78,0.766666666666667,0.806666666666667,0.773333333333333,0.853333333333333,0.833333333333333,0.813333333333333,0.793333333333333,0.806666666666667,0.826666666666667,0.82,0.826666666666666,0.913333333333333,0.846666666666666,0.9,0.926666666666666,0.846666666666666,0.88,0.859999999999999,0.926666666666666,0.873333333333333,0.893333333333334,0.82
-1,-1,-1,-1,-1,-1,-1,0.5,0.48,-1,-1,0.573333333333333,-1,-1,-1,-1,0.56,0.606666666666667,-1,-1,-1,-1,0.713333333333333,0.753333333333333,0.773333333333333,0.713333333333333,0.78,0.86,0.846666666666667,0.94,-1,-1,-1,-1,0.873333333333333,0.933333333333333,0.946666666666667,0.88,0.76,0.7,0.76,0.666666666666667,0.626666666666667,0.513333333333333,0.453333333333333,0.453333333333334,0.466666666666667,0.406666666666667,0.346666666666667,0.333333333333333,0.273333333333333,0.2,0.226666666666667,0.22,0.26,0.16,0.146666666666667,0.08,0.12,0.106666666666667,0.1,0.1,0.0866666666666667,0.0866666666666667,0.0466666666666667,0.0333333333333333,0.14,-1,-1,0.12,-1,-1,0.166666666666667,0.133333333333333,0.0733333333333333,-1,-1,-1,-1,-1,-1,-1,-1,-1,-1,-1,-1,-1,-1,0,0,0,0,0,0,0,0,0,0,0,0,0,0,0,0,0,0,0,0,0,0,0,0,0,0,0,0,0,0,0,0,0,0,0,0,0,0,0,0,0,0,0,0,0,0,0,0,0,0,-1,-1,-1,-1,-1,-1,0,0,0,0,-1,-1,-1,0,0,0,0,0,0,0,0,0.0266666666666667,0.393333333333333,0.466666666666667,0.473333333333333,0.486666666666667,0.526666666666667,0.64,0.566666666666667,0.546666666666667,0.52,0.56,0.566666666666667,0.633333333333334,0.66,0.72,0.786666666666667,0.733333333333334,0.76,0.793333333333333,0.806666666666667,0.826666666666667,0.873333333333333,0.793333333333333,0.88,0.813333333333333,0.846666666666666,0.886666666666666,0.873333333333334,0.873333333333333,0.88,0.886666666666667,0.873333333333333,0.9,0.92,0.873333333333333,0.94,0.946666666666667,0.913333333333333,0.88,0.886666666666667
-1,-1,-1,-1,-1,-1,-1,0.486666666666666,0.48,-1,-1,0.546666666666666,0.54,0.553333333333333,0.64,0.54,0.553333333333333,0.546666666666666,-1,-1,-1,-1,-1,-1,-1,-1,-1,-1,-1,-1,-1,-1,-1,-1,0.926666666666666,0.966666666666667,0.926666666666666,0.92,0.78,0.78,0.64,0.653333333333333,0.626666666666667,0.473333333333333,0.526666666666667,0.426666666666667,0.473333333333333,0.286666666666667,0.28,0.32,0.286666666666667,0.193333333333333,0.2,0.206666666666667,0.16,0.126666666666667,0.08,0.12,0.133333333333333,0.113333333333333,0.0733333333333333,0.1,0.1,0.106666666666667,0.0266666666666667,0.0533333333333334,0.06,0.0666666666666667,0.04,-1,-1,-1,0.12,0.08,0.0533333333333333,-1,-1,-1,-1,-1,-1,-1,-1,-1,-1,-1,-1,-1,-1,0,0,0,0,0,0,0,0,0,0,0,0,0,0,0,0,0,0,0,0,0,0,0,0,0,0,0,0,0,0,0,0,0,0,0,0,0,0,0,0,0,0,0,0,0,0,0,0,0,0,0,0,0,0,0,0,0,0,0,-1,-1,-1,-1,0,0,0,0,0,0,0,0.0333333333333333,0.0333333333333333,0.06,0.04,0.446666666666667,0.446666666666667,0.54,0.593333333333333,0.566666666666667,0.566666666666667,0.6,0.586666666666667,0.633333333333333,0.66,0.64,0.766666666666667,0.733333333333334,0.76,0.793333333333334,0.82,0.753333333333334,0.826666666666667,0.853333333333333,0.846666666666667,0.88,0.86,0.873333333333333,0.866666666666666,0.873333333333333,0.893333333333333,0.9,0.92,0.9,0.906666666666667,0.933333333333333,0.946666666666667,0.926666666666666,0.946666666666667,0.906666666666666,0.926666666666667,0.88
0.46,0.46,0.466666666666666,0.386666666666667,-1,-1,-1,0.493333333333334,0.506666666666667,-1,-1,0.56,0.593333333333333,0.54,0.566666666666667,0.593333333333333,0.553333333333333,0.593333333333333,-1,-1,-1,-1,-1,-1,-1,-1,-1,-1,-1,-1,-1,-1,-1,-1,0.926666666666667,0.96,0.973333333333333,0.926666666666667,0.826666666666667,0.746666666666667,0.64,0.626666666666667,0.553333333333334,0.58,0.553333333333334,0.466666666666667,0.34,0.293333333333333,0.373333333333333,0.386666666666667,0.226666666666667,-1,0.32,0.213333333333333,0.213333333333333,0.28,0.18,0.14,0.16,0.166666666666667,0.193333333333333,0.0866666666666667,0.14,0.04,0.1,0.0733333333333333,0.08,0.04,0.04,0.106666666666667,0.113333333333333,0.113333333333333,0.1,0.1,0.06,-1,-1,-1,-1,-1,-1,-1,-1,-1,-1,-1,-1,-1,-1,0,0,0,0,0,0,0,0,0,0,0,0,0,0,0,0,0,0,0,0,0,0,0,0,0,0,0,0,0,0,0,0,0,0,0,0,0,0,0,0,0,0,0,0,0,0,0,0,0,0,0,0,0,0,0,0,0,0,0,0,0,-1,0,0,0,0,0,0,0,0,0.02,0.02,0.04,0.04,0.0666666666666667,0.52,0.533333333333333,0.553333333333334,0.546666666666667,0.58,0.606666666666667,0.613333333333333,0.66,0.72,0.713333333333333,0.773333333333333,0.72,0.773333333333334,0.713333333333333,0.733333333333333,0.78,0.873333333333334,0.82,0.833333333333333,0.826666666666667,0.84,0.88,0.86,0.88,0.9,0.906666666666667,0.933333333333333,0.926666666666666,0.966666666666667,0.893333333333333,0.933333333333333,0.933333333333333,0.96,0.92,0.906666666666667,0.933333333333333
-1,-1,-1,-1,-1,-1,-1,0.526666666666667,0.493333333333333,0.5,0.553333333333333,0.54,0.52,0.593333333333334,0.633333333333333,0.6,0.593333333333333,0.626666666666667,0.586666666666667,0.626666666666667,0.633333333333333,0.693333333333333,0.713333333333333,0.746666666666667,0.793333333333333,0.773333333333333,0.746666666666667,-1,-1,-1,-1,-1,-1,-1,0.92,0.953333333333333,0.946666666666666,0.933333333333333,0.906666666666667,0.92,0.606666666666666,0.56,0.613333333333333,0.619999999999999,0.426666666666667,0.446666666666667,0.333333333333333,0.293333333333333,0.313333333333333,0.373333333333333,-1,-1,-1,-1,-1,-1,-1,-1,-1,-1,-1,0.146666666666667,0.126666666666667,0.153333333333333,0.12,0.153333333333333,0.126666666666667,0.113333333333333,0.12,0.12,0.0266666666666667,0.06,0.0466666666666667,0.153333333333333,-1,-1,-1,-1,-1,-1,-1,-1,-1,-1,-1,-1,-1,-1,-1,0,0,0,0,0,0,0,0,0,0,0,0,0,0,0,0,0,0,0,0,0,0,0,0,0,-1,-1,-1,-1,-1,-1,0,0,0,0,0,0,0,0,0,0,0,-1,0,0,0,0,-1,-1,-1,0,0,0,0,0,0,0,0,0,0,0,0,0,0,0,0,0,0,0,0.04,0.0266666666666667,0.0466666666666667,0.0333333333333333,0.0533333333333334,0.0466666666666666,0.0466666666666667,0.0866666666666666,0.553333333333333,0.506666666666667,0.573333333333333,0.58,0.666666666666667,0.573333333333333,0.64,0.786666666666666,0.746666666666666,0.74,0.8,0.826666666666667,0.813333333333333,0.766666666666666,0.8,0.793333333333333,0.84,0.886666666666666,0.873333333333333,0.9,0.84,0.88,0.886666666666666,0.94,0.926666666666667,0.94,0.92,0.919999999999999,0.92,0.933333333333333,0.96,0.933333333333333,0.939999999999999,0.913333333333334
-1,-1,-1,0.466666666666667,0.506666666666667,0.473333333333333,0.466666666666667,0.526666666666667,0.44,-1,-1,0.553333333333333,0.506666666666667,0.593333333333333,0.58,0.52,0.626666666666667,0.62,0.68,0.64,0.653333333333333,0.66,0.686666666666667,0.673333333333333,0.72,0.753333333333333,0.746666666666667,0.72,0.813333333333333,0.82,0.846666666666667,0.826666666666666,0.86,0.846666666666667,0.873333333333333,0.906666666666667,0.913333333333333,0.919999999999999,0.86,0.846666666666667,0.786666666666667,0.793333333333333,0.513333333333333,0.493333333333333,0.366666666666667,0.393333333333333,0.346666666666667,0.26,0.293333333333333,0.293333333333334,-1,-1,-1,-1,-1,-1,-1,-1,-1,-1,-1,-1,0.193333333333333,0.133333333333333,0.113333333333333,0.153333333333333,0.0933333333333334,0.1,0.0666666666666667,0.113333333333333,0.0866666666666666,0.14,0.0933333333333333,0.0866666666666667,-1,-1,-1,-1,-1,-1,-1,-1,-1,-1,-1,-1,-1,-1,-1,0,0,0,0,0,0,0,0,0,0,0,0,0,0,0,0,0,0,0,0,0,0,0,0,0,-1,-1,-1,-1,-1,-1,-1,-1,-1,-1,-1,-1,-1,-1,-1,-1,0,-1,-1,-1,0,0,-1,-1,-1,-1,-1,0,0,-1,-1,-1,-1,0,0,0,0,0,0,0,0,0,0,0,0.0333333333333333,0.04,0.0133333333333333,0.0533333333333334,0.0533333333333334,0.0466666666666667,0.06,0.0666666666666667,0.0333333333333333,0.133333333333333,0.626666666666667,0.52,0.6,0.68,0.706666666666667,0.713333333333333,0.72,0.813333333333333,0.746666666666667,0.786666666666667,0.813333333333333,0.8,0.826666666666667,0.793333333333333,0.826666666666667,0.906666666666666,0.9,0.853333333333333,0.913333333333333,0.926666666666666,0.893333333333333,0.906666666666667,0.926666666666666,0.946666666666667,0.933333333333333,0.953333333333333,0.92,0.946666666666667,0.946666666666667,0.986666666666667,0.953333333333333,0.893333333333334
0.453333333333333,0.453333333333334,0.486666666666666,0.506666666666666,0.446666666666667,-1,0.46,0.513333333333333,0.553333333333333,-1,-1,0.553333333333333,0.533333333333333,0.6,0.613333333333333,0.693333333333333,0.713333333333333,0.68,0.706666666666667,0.68,0.646666666666667,0.646666666666667,0.646666666666666,0.68,0.766666666666666,0.686666666666666,0.786666666666666,0.773333333333333,0.793333333333334,0.746666666666666,0.826666666666667,0.773333333333333,0.82,0.84,0.8,0.953333333333333,0.873333333333333,0.866666666666666,0.846666666666667,0.793333333333333,0.733333333333333,0.753333333333334,0.773333333333334,0.42,0.36,0.26,0.306666666666667,0.286666666666667,0.233333333333333,0.26,-1,-1,-1,-1,-1,-1,-1,-1,-1,-1,-1,-1,-1,0.146666666666667,0.12,0.0733333333333333,0.12,0.126666666666667,0.106666666666667,0.106666666666667,0.113333333333333,0.12,0.12,0.0666666666666667,-1,-1,-1,-1,-1,-1,-1,-1,-1,-1,-1,-1,-1,-1,-1,0,0,0,0,0,0,0,0,0,0,0,-1,0,0,0,0,0,0,0,0,0,0,0,0,0,0,0,0,0,0,0,-1,-1,-1,-1,-1,-1,-1,-1,-1,-1,0,-1,-1,-1,0,0,-1,-1,-1,-1,0,0,0,-1,-1,-1,-1,0,0,0,0,0,0,0,0,0,0,0,0.0466666666666667,0.0666666666666667,0.06,0.00666666666666667,0.02,0.0666666666666667,0.0266666666666667,0.0666666666666667,0.0466666666666666,0.06,0.0733333333333333,0.126666666666667,0.619999999999999,0.6,0.673333333333333,0.66,0.733333333333333,0.76,0.74,0.786666666666667,0.8,0.806666666666667,0.78,0.813333333333334,0.853333333333333,0.913333333333333,0.84,0.886666666666666,0.873333333333333,0.92,0.913333333333333,0.96,0.946666666666667,0.926666666666667,0.966666666666667,0.960000000000001,0.953333333333333,0.953333333333333,0.953333333333333,0.966666666666667,0.94,0.953333333333333
-1,-1,-1,-1,-1,-1,-1,0.5,-1,-1,-1,0.593333333333333,0.593333333333333,0.626666666666666,0.62,0.613333333333333,0.626666666666667,0.68,0.686666666666667,0.633333333333333,0.62,0.673333333333334,0.713333333333333,0.726666666666667,0.733333333333333,0.74,0.666666666666667,0.773333333333333,0.706666666666667,0.766666666666667,0.76,0.76,0.813333333333333,0.76,0.726666666666666,0.826666666666667,0.859999999999999,0.806666666666667,0.793333333333334,0.733333333333333,0.72,0.646666666666667,0.7,0.68,0.646666666666667,0.386666666666666,0.34,0.233333333333333,0.253333333333333,-1,-1,-1,-1,-1,-1,-1,-1,-1,-1,-1,-1,0.126666666666667,0.16,0.146666666666667,0.14,0.08,0.146666666666667,0.0933333333333333,0.106666666666667,0.0866666666666667,0.106666666666667,0.113333333333333,0.113333333333333,0.0466666666666667,-1,-1,-1,-1,-1,-1,-1,-1,-1,-1,-1,-1,-1,-1,-1,0,0,0,0,0,0,0,0,0,0,-1,-1,0,0,0,0,0,0,0,0,0,0,0,0,0,0,0,0,0,0,0,0,0,0,0,0,0,0,0,0,0,0,-1,-1,-1,0,0,-1,-1,-1,-1,0,0,-1,-1,-1,-1,-1,0,0,0,0,0,0,0,0,0,0,0.0466666666666667,0.04,0.0466666666666667,0.0533333333333334,0.04,0.0733333333333334,0.04,0.0533333333333334,0.0666666666666667,0.0733333333333333,0.0933333333333333,0.166666666666667,0.0933333333333333,0.106666666666667,0.106666666666667,0.126666666666667,0.686666666666667,0.786666666666667,0.766666666666667,0.726666666666666,0.8,0.786666666666666,0.806666666666667,0.78,0.8,0.826666666666666,0.88,0.873333333333333,0.846666666666667,0.886666666666667,0.926666666666667,0.926666666666666,0.933333333333333,0.946666666666667,0.94,0.953333333333333,0.966666666666667,0.973333333333333,0.973333333333333,0.96,0.973333333333333,0.98,0.96
-1,-1,-1,-1,-1,-1,0.473333333333333,0.573333333333333,-1,-1,-1,0.533333333333334,0.593333333333333,0.6,0.533333333333333,0.653333333333334,0.68,0.633333333333334,0.7,0.673333333333333,0.626666666666666,0.673333333333333,0.713333333333333,0.68,0.793333333333334,0.773333333333333,0.806666666666667,0.786666666666666,0.806666666666666,0.84,0.753333333333333,0.886666666666666,0.84,0.873333333333333,0.82,0.86,0.84,0.766666666666667,0.78,0.76,0.74,0.686666666666667,0.78,0.68,0.606666666666666,0.6,0.273333333333333,0.26,0.266666666666667,-1,-1,-1,-1,-1,-1,-1,-1,-1,-1,-1,-1,-1,0.133333333333333,0.113333333333333,0.146666666666667,0.126666666666667,0.14,0.08,0.16,0.0866666666666666,0.06,0.0866666666666667,0.14,0.12,-1,-1,-1,-1,-1,-1,-1,-1,-1,-1,-1,-1,-1,-1,-1,0,0,0,0,0,0,0,0,0,0,-1,-1,0,0,0,0,0,0,0,0,0,0,0,0,0,0,0,0,0,0,0,0,0,0,0,0,0,0,0,0,0,0,-1,-1,-1,0,0,0,0,0,0,0,0,0,0,0,0,0,0,0,0,0,0,0,0,0,0,0,0.0333333333333333,0.0666666666666666,0.0466666666666667,0.0933333333333333,0.106666666666667,0.0666666666666667,0.08,0.04,0.0733333333333333,0.0866666666666667,0.12,0.08,0.0866666666666667,0.12,0.0866666666666667,0.0933333333333333,0.12,0.186666666666667,0.2,0.72,0.786666666666667,0.833333333333333,0.793333333333333,0.766666666666667,0.8,0.853333333333333,0.926666666666667,0.853333333333333,0.926666666666666,0.926666666666667,0.933333333333333,0.933333333333333,0.953333333333334,0.946666666666666,0.966666666666667,0.973333333333333,0.98,0.953333333333333,0.98,0.966666666666667,0.98,0.986666666666667,0.986666666666666
-1,-1,-1,-1,-1,-1,0.46,0.513333333333333,-1,-1,0.513333333333334,0.506666666666667,0.566666666666667,0.6,0.653333333333333,0.653333333333333,0.666666666666667,0.646666666666667,0.713333333333334,0.666666666666667,0.64,0.68,0.733333333333333,0.793333333333333,0.76,0.746666666666667,0.8,0.793333333333333,0.766666666666666,0.746666666666667,0.82,0.813333333333333,0.8,0.826666666666667,0.826666666666667,0.74,0.82,0.78,0.72,0.733333333333333,0.7,0.66,0.626666666666667,0.72,0.58,0.626666666666667,0.64,0.626666666666666,0.193333333333333,-1,-1,-1,-1,-1,-1,-1,-1,-1,-1,-1,-1,-1,0.146666666666667,0.113333333333333,0.126666666666667,0.106666666666667,0.113333333333333,0.08,0.126666666666667,0.0866666666666667,0.12,0.16,0.113333333333333,0.1,-1,-1,-1,-1,-1,-1,-1,-1,-1,-1,-1,-1,-1,-1,0,0,0,0,0,0,0,0,0,0,0,0,0,0,0,0,0,0,0,0,0,0,0,0,0,0,0,0,0,0,0,0,0,0,0,0,0,0,0,0,0,0,0,0,0,0,0,-1,-1,-1,-1,0,0,0,0,0,0,0,0,0,0,0,0,0,0,0,0,0,0,0.0133333333333333,0.0466666666666667,0.06,0.0533333333333333,0.0733333333333334,0.0533333333333333,0.0533333333333334,0.0533333333333333,0.126666666666667,0.113333333333333,0.0866666666666667,0.12,0.126666666666667,0.12,0.126666666666667,0.126666666666667,0.16,0.16,0.213333333333333,0.213333333333334,0.233333333333333,0.246666666666667,0.326666666666667,0.34,0.826666666666667,0.886666666666666,0.906666666666667,0.886666666666666,0.88,0.893333333333333,0.92,0.933333333333333,0.953333333333333,0.973333333333333,0.953333333333333,0.953333333333333,0.96,0.966666666666667,0.98,0.973333333333333,0.993333333333333,0.846666666666667,0.913333333333333
0.44,-1,-1,-1,-1,-1,0.493333333333333,0.486666666666667,-1,-1,0.56,0.52,0.553333333333333,0.62,0.62,0.633333333333333,0.626666666666666,0.64,0.58,0.713333333333333,0.553333333333333,0.733333333333333,0.626666666666666,0.64,0.76,0.72,0.779999999999999,0.746666666666667,0.72,0.686666666666667,0.78,0.733333333333333,0.746666666666667,0.746666666666666,0.806666666666667,0.786666666666667,0.74,0.733333333333333,0.72,0.64,0.7,0.64,0.58,0.62,0.62,0.606666666666667,0.54,0.54,0.486666666666667,-1,-1,-1,-1,-1,-1,-1,-1,-1,-1,-1,-1,-1,0.08,0.146666666666667,0.0933333333333334,0.0733333333333333,0.0933333333333334,0.1,0.0866666666666667,0.153333333333333,0.126666666666667,0.113333333333333,0.0866666666666667,0.06,-1,-1,-1,-1,-1,-1,-1,-1,-1,-1,-1,-1,-1,-1,0,0,0,0,0,0,0,0,0,0,0,0,0,0,0,0,0,0,0,0,0,0,0,0,0,0,-1,-1,-1,-1,-1,-1,-1,-1,-1,0,0,0,0,0,0,0,0,0,0,0,0,-1,-1,-1,-1,0,0,-1,-1,-1,-1,0,0,0,0,0,0,0,0,0,0,0,0,0.0266666666666667,0.0533333333333333,0.04,0.06,0.0466666666666667,0.04,0.0866666666666667,0.0666666666666667,0.106666666666667,0.0533333333333334,0.126666666666667,0.146666666666667,0.113333333333333,0.146666666666667,0.153333333333333,0.133333333333333,0.206666666666667,0.253333333333333,0.18,0.24,0.253333333333333,0.28,0.326666666666667,0.373333333333333,0.44,0.42,0.52,0.486666666666667,0.606666666666667,0.52,0.613333333333333,0.686666666666667,0.726666666666667,0.753333333333333,0.793333333333333,0.846666666666667,0.886666666666667,0.893333333333333,0.866666666666666,0.94,0.933333333333333,0.92,0.92
-1,-1,-1,0.493333333333333,0.493333333333333,0.433333333333333,0.48,0.526666666666667,0.593333333333333,-1,0.566666666666667,0.493333333333333,0.566666666666667,0.58,0.6,0.62,0.573333333333334,-1,0.54,0.62,0.566666666666667,0.626666666666666,0.633333333333334,0.673333333333333,0.66,0.6,0.653333333333333,0.673333333333334,0.913333333333333,0.94,0.926666666666666,0.926666666666667,0.733333333333333,0.673333333333333,0.726666666666666,0.653333333333333,0.72,0.633333333333334,0.66,0.62,0.626666666666667,0.626666666666667,0.573333333333334,0.586666666666667,0.56,0.553333333333333,0.466666666666667,0.533333333333333,0.48,-1,-1,-1,-1,-1,-1,-1,-1,-1,-1,-1,-1,-1,0.146666666666667,0.1,0.12,0.113333333333333,0.153333333333333,0.133333333333333,0.133333333333333,0.14,0.0733333333333334,0.06,0.0866666666666667,0,-1,-1,-1,-1,-1,-1,-1,-1,-1,-1,-1,-1,-1,-1,0,0,0,0,0,0,0,0,0,0,0,0,0,0,0,0,0,0,0,0,0,0,0,0,0,0,-1,-1,-1,-1,-1,-1,-1,-1,-1,-1,-1,-1,-1,-1,-1,0,0,0,0,0,0,-1,-1,-1,-1,0,0,-1,-1,-1,-1,0,0,0,0,0,0,0,0,0,0,0,0.0666666666666666,0.0466666666666667,0.02,0.04,0.08,0.0333333333333333,0.0866666666666667,0.0666666666666667,0.0533333333333333,0.0666666666666667,0.133333333333333,0.1,0.0933333333333333,0.16,0.166666666666667,0.12,0.106666666666667,0.213333333333333,0.253333333333333,0.226666666666667,0.173333333333333,0.326666666666667,0.273333333333333,0.393333333333333,0.353333333333333,0.44,0.466666666666667,0.533333333333333,0.546666666666667,0.613333333333333,0.64,0.68,0.72,0.82,0.853333333333333,0.833333333333333,0.893333333333334,0.926666666666666,0.946666666666667,0.96,0.96,0.986666666666667,0.966666666666667,0.973333333333333
-1,-1,-1,-1,-1,0.473333333333333,0.573333333333334,0.46,0.52,0.466666666666666,0.56,0.486666666666667,0.62,0.606666666666666,0.56,0.52,0.546666666666667,-1,-1,-1,-1,-1,-1,-1,-1,-1,-1,-1,0.88,0.88,0.873333333333333,0.92,0.9,0.853333333333333,0.906666666666667,0.873333333333333,0.866666666666666,0.9,0.88,0.826666666666667,0.646666666666667,0.68,0.62,0.593333333333333,0.546666666666667,0.48,0.453333333333333,0.46,0.42,-1,-1,-1,-1,-1,-1,-1,-1,-1,-1,-1,-1,-1,0.166666666666667,0.08,0.16,0.1,0.0933333333333333,0.126666666666667,0.1,0.08,0.0866666666666667,0.14,0.08,0,-1,-1,-1,-1,-1,-1,-1,-1,-1,-1,-1,-1,-1,-1,0,0,0,0,0,0,0,0,0,0,0,0,0,0,0,0,0,0,0,0,0,0,0,0,0,0,0,0,0,0,0,-1,-1,-1,-1,-1,-1,-1,-1,-1,-1,0,0,0,0,0,0,0,0,0,0,0,0,0,0,0,0,0,0,0,0,0,0,0,0,0,0,0,0.06,0.0333333333333333,0.0733333333333334,0.04,0.0533333333333333,0.06,0.08,0.04,0.04,0.126666666666667,0.0866666666666667,0.133333333333333,0.126666666666667,0.126666666666667,0.12,0.12,0.14,0.2,0.226666666666667,0.28,0.28,0.273333333333333,0.406666666666667,0.333333333333333,0.346666666666667,0.373333333333333,0.513333333333333,0.473333333333333,0.533333333333333,0.613333333333333,0.62,0.74,0.746666666666667,0.76,0.833333333333333,0.873333333333333,0.926666666666667,0.92,0.96,0.986666666666667,0.986666666666667,1,0.993333333333333,0.98
-1,-1,-1,-1,-1,0.48,-1,0.54,0.526666666666667,-1,0.513333333333334,0.593333333333333,0.56,0.586666666666667,0.553333333333333,0.553333333333333,0.853333333333333,-1,-1,-1,-1,-1,-1,-1,-1,-1,-1,-1,0.86,0.906666666666666,0.92,0.906666666666666,0.926666666666666,0.886666666666666,0.886666666666666,0.873333333333333,0.893333333333334,0.88,0.866666666666667,0.906666666666667,0.859999999999999,0.806666666666667,0.873333333333333,0.859999999999999,0.473333333333333,0.493333333333333,0.473333333333333,0.466666666666667,0.493333333333334,-1,-1,-1,-1,-1,-1,-1,-1,-1,-1,-1,-1,-1,-1,-1,-1,0.14,0.12,0.0933333333333333,0.0466666666666667,0.0866666666666667,0.106666666666667,0.133333333333333,0.08,0,0,-1,-1,-1,-1,-1,-1,-1,-1,-1,-1,-1,-1,-1,0,0,0,0,0,0,0,0,0,0,0,0,0,0,0,0,0,0,0,0,0,0,0,0,0,0,0,0,0,0,0,0,0,0,0,0,0,0,0,0,0,0,0,-1,-1,-1,0,0,0,0,0,0,0,0,0,0,0,0,0,0,0,0,0,0,0,0,0,0,0.0666666666666666,0.02,0.0533333333333334,0.02,0.0333333333333333,0.06,0.0866666666666667,0.0733333333333333,0.1,0.113333333333333,0.0666666666666666,0.133333333333333,0.166666666666667,0.14,0.12,0.153333333333333,0.213333333333333,0.226666666666667,0.246666666666667,0.246666666666667,0.266666666666667,0.346666666666667,0.393333333333333,0.373333333333333,0.433333333333333,0.42,0.553333333333334,0.56,0.566666666666667,0.546666666666667,0.726666666666667,0.693333333333333,0.826666666666667,0.786666666666667,0.8,0.953333333333333,0.966666666666667,0.953333333333333,0.986666666666667,0.993333333333333,1,1,1,1
-1,-1,-1,-1,-1,0.48,-1,-1,0.5,0.58,0.546666666666666,0.58,0.506666666666667,0.82,0.846666666666667,0.840000000000001,0.826666666666667,0.826666666666667,0.82,0.786666666666667,0.846666666666667,-1,-1,-1,-1,-1,-1,0.833333333333334,0.893333333333333,0.826666666666667,0.873333333333333,0.859999999999999,0.913333333333333,0.86,0.919999999999999,0.906666666666667,0.88,0.846666666666667,0.853333333333333,0.853333333333333,0.84,0.9,0.813333333333333,0.86,0.886666666666666,0.78,0.826666666666667,0.473333333333333,0.453333333333334,-1,-1,-1,-1,-1,-1,-1,-1,-1,-1,-1,-1,-1,-1,-1,-1,0.0866666666666666,0.1,0.08,0.0866666666666667,0.0866666666666667,0.106666666666667,0.08,0,0,0,-1,-1,-1,-1,-1,-1,-1,-1,-1,-1,-1,-1,-1,0,0,0,0,0,0,0,0,0,0,0,0,0,0,0,0,0,0,0,0,0,0,0,0,0,0,0,0,0,0,0,0,0,0,0,0,0,0,0,0,0,0,0,-1,-1,-1,-1,0,-1,-1,0,0,0,0,0,0,0,0,0,0,0,0,0,0,0,0,0,0,0.0466666666666667,0.02,0.0266666666666667,0.04,0.06,0.0866666666666667,0.0533333333333333,0.106666666666667,0.0866666666666667,0.0733333333333333,0.0866666666666667,0.0666666666666667,0.1,0.166666666666667,0.173333333333333,0.213333333333333,0.2,0.206666666666667,0.226666666666667,0.266666666666666,0.36,0.313333333333333,0.373333333333333,0.346666666666667,0.38,0.493333333333333,0.486666666666666,0.553333333333333,0.54,0.606666666666666,0.72,0.74,0.753333333333334,0.833333333333333,0.88,0.933333333333333,0.92,0.966666666666667,0.98,1,0.993333333333333,1,0.993333333333333,0.993333333333333
-1,-1,-1,-1,-1,0.546666666666666,-1,-1,0.5,0.46,0.473333333333334,0.78,0.78,0.806666666666667,0.833333333333333,0.886666666666666,0.886666666666667,0.9,0.846666666666667,0.873333333333333,0.906666666666667,0.88,0.88,0.853333333333333,0.886666666666666,0.846666666666667,0.866666666666666,0.86,0.9,0.9,0.826666666666667,0.913333333333333,0.886666666666667,0.88,0.833333333333333,0.893333333333334,0.793333333333334,0.886666666666667,0.86,0.84,0.826666666666667,0.833333333333333,0.893333333333333,0.833333333333334,0.8,0.793333333333333,0.793333333333333,0.793333333333334,-1,-1,-1,-1,-1,-1,-1,-1,-1,-1,0.106666666666667,0.126666666666667,0.0866666666666667,-1,-1,-1,0.0666666666666667,0.0466666666666667,0.12,0.0733333333333334,0.113333333333333,0.0866666666666666,0.0933333333333333,0.0733333333333333,0,0,0,-1,-1,-1,-1,-1,-1,-1,-1,-1,-1,-1,-1,-1,0,0,0,0,0,0,0,0,0,0,0,0,0,0,0,0,0,0,0,0,0,0,0,0,0,0,0,0,0,0,0,0,0,0,0,0,0,0,0,0,0,0,0,0,0,0,0,0,-1,-1,-1,-1,-1,-1,-1,0,0,0,0,0,0,0,0,0,0,0,0,0,0.0333333333333333,0.02,0.0666666666666667,0.04,0.0466666666666667,0.08,0.1,0.106666666666667,0.12,0.08,0.12,0.113333333333333,0.133333333333333,0.12,0.113333333333333,0.16,0.193333333333333,0.233333333333333,0.206666666666667,0.22,0.273333333333333,0.386666666666667,0.373333333333333,0.38,0.473333333333333,0.393333333333333,0.486666666666667,0.586666666666667,0.553333333333333,0.6,0.713333333333333,0.793333333333334,0.76,0.84,0.886666666666666,0.926666666666666,0.946666666666667,0.986666666666667,0.986666666666667,1,1,1,1,1
-1,-1,-1,-1,-1,0.54,-1,0.526666666666667,0.8,0.813333333333334,0.84,0.846666666666667,0.82,0.886666666666666,0.853333333333334,0.873333333333333,0.88,0.893333333333333,0.826666666666667,0.833333333333333,0.846666666666667,0.846666666666666,0.873333333333333,0.86,0.813333333333333,0.866666666666666,0.86,0.866666666666667,0.913333333333333,0.866666666666666,0.833333333333333,0.893333333333333,0.833333333333334,0.88,0.886666666666667,0.846666666666666,0.813333333333333,0.859999999999999,0.826666666666667,0.88,0.866666666666666,0.84,0.833333333333333,0.713333333333333,0.76,0.7,0.733333333333333,0.853333333333333,-1,-1,-1,-1,-1,-1,-1,-1,-1,-1,0.0866666666666666,-1,0.12,0.1,0.0866666666666667,0.0933333333333334,0.0733333333333333,0.0666666666666667,0.0933333333333334,0.06,0.04,0.0733333333333333,0.0666666666666667,0,0,-1,0,-1,-1,-1,-1,-1,-1,-1,-1,-1,-1,-1,-1,0,0,0,0,0,0,0,0,0,0,0,0,0,0,0,0,0,0,0,0,0,0,0,0,0,0,-1,-1,-1,-1,-1,-1,-1,-1,-1,0,0,0,0,0,0,0,0,-1,-1,-1,0,0,0,0,0,0,-1,-1,-1,-1,0,-1,0,0,0,0,0,0,0,0,0,0,0,0.08,0.1,0.0533333333333333,0.0533333333333334,0.1,0.1,0.0733333333333334,0.1,0.0866666666666667,0.0666666666666667,0.12,0.126666666666667,0.173333333333333,0.16,0.153333333333333,0.213333333333333,0.2,0.233333333333333,0.246666666666667,0.273333333333333,0.313333333333333,0.3,0.38,0.353333333333333,0.446666666666667,0.4,0.513333333333333,0.626666666666666,0.62,0.66,0.7,0.826666666666667,0.84,0.813333333333333,0.84,0.893333333333334,0.92,0.98,0.993333333333333,0.993333333333333,0.993333333333333,1,1,1
0.46,0.446666666666666,0.52,0.48,0.466666666666667,0.54,0.533333333333333,-1,-1,-1,-1,0.766666666666667,0.86,0.873333333333333,0.826666666666667,0.893333333333333,0.86,0.846666666666666,0.833333333333334,0.893333333333333,0.786666666666667,0.873333333333333,0.873333333333333,0.806666666666667,0.86,0.806666666666667,0.86,0.873333333333333,0.893333333333333,0.86,0.88,0.873333333333333,0.853333333333333,0.886666666666667,0.806666666666667,0.806666666666667,0.833333333333333,0.833333333333334,0.8,0.84,0.8,0.766666666666667,0.833333333333333,0.8,0.833333333333333,0.78,0.806666666666667,0.7,-1,-1,-1,-1,-1,-1,-1,-1,-1,-1,-1,-1,-1,-1,0.1,0.0533333333333334,0.126666666666667,0.0666666666666666,0.1,0.0866666666666667,0.0933333333333333,0.0866666666666667,0.0733333333333333,0,0,0,0,0,0,0,0,0,-1,-1,-1,-1,-1,-1,-1,0,0,0,0,0,0,0,0,0,0,0,0,0,0,0,0,0,0,0,0,0,0,0,0,0,0,-1,-1,-1,-1,-1,-1,-1,-1,-1,0,0,0,0,0,0,0,0,0,-1,-1,-1,-1,-1,0,0,0,0,0,0,0,0,-1,0,0,0,0,0,0,0,0,0,0,0,0.0333333333333333,0.04,0.0533333333333333,0.0733333333333334,0.06,0.0866666666666667,0.12,0.0533333333333334,0.1,0.08,0.133333333333333,0.08,0.133333333333333,0.2,0.146666666666667,0.233333333333333,0.233333333333333,0.26,0.266666666666667,0.273333333333333,0.286666666666667,0.306666666666667,0.373333333333334,0.413333333333333,0.42,0.493333333333333,0.48,0.566666666666666,0.653333333333333,0.7,0.713333333333333,0.713333333333333,0.833333333333333,0.833333333333333,0.866666666666667,0.973333333333333,0.94,0.993333333333333,0.98,0.993333333333333,0.993333333333333,1,1,0.993333333333333
-1,-1,-1,-1,-1,-1,0.826666666666667,-1,-1,-1,-1,-1,0.833333333333333,0.893333333333333,0.853333333333333,0.9,0.866666666666666,0.826666666666667,0.84,0.84,0.853333333333333,0.886666666666666,0.886666666666666,0.84,0.933333333333333,0.853333333333333,0.906666666666667,0.846666666666667,0.853333333333333,0.826666666666666,0.839999999999999,0.886666666666667,0.833333333333334,0.826666666666667,0.866666666666666,0.82,0.833333333333333,0.8,0.986666666666667,0.993333333333333,0.986666666666667,0.973333333333333,0.986666666666667,1,0.986666666666667,0.98,0.966666666666667,0.966666666666667,-1,-1,-1,-1,-1,-1,-1,-1,-1,-1,-1,-1,-1,-1,0.1,0.106666666666667,0.106666666666667,0.1,0.0933333333333333,0.14,0.0933333333333334,0.106666666666667,0,0,0,0,0,0,0,-1,-1,-1,-1,-1,0,0,0,0,0,0,0,0,0,0,0,0,0,0,0,0,0,0,0,0,0,0,0,0,0,0,0,0,0,0,0,-1,-1,-1,-1,-1,-1,-1,-1,-1,0,-1,-1,-1,-1,0,0,0,0,0,0,0,-1,-1,-1,-1,-1,0,0,0,0,0,0,0,0,0,0,0,0,0,0,0,0,0,0.0333333333333333,0.08,0.0733333333333333,0.1,0.06,0.08,0.106666666666667,0.113333333333333,0.04,0.113333333333333,0.106666666666667,0.146666666666667,0.173333333333333,0.186666666666667,0.206666666666667,0.2,0.186666666666667,0.206666666666667,0.293333333333333,0.273333333333333,0.4,0.38,0.366666666666667,0.42,0.466666666666667,0.48,0.526666666666667,0.586666666666667,0.6,0.626666666666667,0.673333333333334,0.693333333333333,0.76,0.833333333333333,0.853333333333333,0.946666666666667,0.873333333333333,0.953333333333333,0.966666666666667,1,0.986666666666667,0.98,0.98,0.993333333333333
-1,-1,-1,-1,-1,-1,-1,-1,-1,-1,-1,-1,0.786666666666667,0.833333333333334,0.833333333333333,0.793333333333334,0.906666666666667,0.853333333333333,0.853333333333333,0.846666666666667,0.873333333333333,0.86,0.853333333333333,0.853333333333333,0.846666666666667,0.88,0.82,0.866666666666666,0.886666666666666,0.833333333333333,0.84,0.853333333333333,0.986666666666667,0.973333333333333,0.986666666666667,0.973333333333333,0.98,0.966666666666666,0.986666666666667,0.98,0.993333333333333,0.98,0.98,0.993333333333333,0.966666666666667,1,0.986666666666667,0.96,0.953333333333333,-1,-1,-1,-1,-1,-1,-1,-1,-1,-1,-1,-1,0.146666666666667,0.1,0.133333333333333,0.0733333333333333,0.1,0.08,0.0866666666666667,0.12,0,0,0,0,0,0,0,0,-1,-1,-1,-1,-1,-1,-1,0,0,0,0,0,0,0,0,0,0,0,0,0,0,0,0,0,0,0,0,0,0,0,0,0,0,0,0,0,0,0,0,0,0,0,0,0,0,0,-1,-1,-1,-1,0,0,-1,0,0,0,0,0,0,0,-1,0,0,0,0,0,0,0,0,0,0,0,0,0,0,0,0,0,0,0.0666666666666667,0.0533333333333333,0.06,0.113333333333333,0.0666666666666666,0.0866666666666667,0.0733333333333333,0.133333333333333,0.113333333333333,0.0933333333333333,0.1,0.1,0.106666666666667,0.14,0.153333333333333,0.173333333333333,0.246666666666667,0.226666666666667,0.26,0.233333333333333,0.3,0.4,0.42,0.413333333333333,0.433333333333333,0.48,0.533333333333333,0.56,0.566666666666666,0.653333333333333,0.713333333333333,0.666666666666667,0.760000000000001,0.8,0.8,0.88,0.913333333333333,0.913333333333333,0.96,0.946666666666667,0.966666666666667,0.986666666666667,0.986666666666667,0.973333333333333
-1,-1,-1,-1,-1,-1,-1,-1,-1,-1,-1,-1,0.84,0.893333333333333,0.86,0.826666666666666,0.9,0.9,0.833333333333333,0.826666666666667,0.906666666666667,0.846666666666667,0.913333333333333,0.86,0.853333333333333,0.886666666666666,0.833333333333333,0.86,0.913333333333333,0.993333333333333,0.986666666666667,0.973333333333333,0.98,0.993333333333333,0.993333333333333,0.98,0.98,0.993333333333333,0.993333333333333,0.986666666666667,0.986666666666667,0.993333333333333,0.993333333333333,0.966666666666667,0.973333333333333,0.973333333333333,0.966666666666667,0.973333333333333,0.926666666666667,0.913333333333333,0.926666666666666,0.946666666666667,0.926666666666666,0.9,-1,-1,-1,-1,0.326666666666667,0.0533333333333333,0.0933333333333333,0.0666666666666667,0.0666666666666667,0.0666666666666666,0.106666666666667,0.08,0.0666666666666667,0.0733333333333333,0.0666666666666667,0,0,0,0,0,0,0,0,-1,-1,-1,-1,-1,-1,-1,0,0,0,0,0,0,0,0,0,0,0,0,0,0,0,0,0,0,0,0,0,0,0,0,0,0,0,0,0,-1,-1,-1,-1,-1,-1,0,-1,0,0,0,0,0,0,0,0,-1,-1,-1,-1,0,0,0,0,0,0,0,0,-1,-1,0,0,0,0,0,0,0,0,0,0,0,0,0,0,0.0533333333333334,0.0533333333333334,0.06,0.0666666666666666,0.0533333333333333,0.106666666666667,0.126666666666667,0.106666666666667,0.0933333333333334,0.113333333333333,0.133333333333333,0.126666666666667,0.173333333333333,0.18,0.193333333333333,0.233333333333333,0.206666666666667,0.286666666666667,0.3,0.313333333333333,0.353333333333333,0.326666666666667,0.426666666666667,0.426666666666667,0.5,0.506666666666666,0.52,0.586666666666667,0.64,0.66,0.733333333333334,0.806666666666667,0.753333333333334,0.86,0.886666666666667,0.893333333333333,0.913333333333333,0.946666666666667,0.933333333333333,0.98,0.973333333333333,0.986666666666667,0.98
-1,-1,-1,-1,-1,0.786666666666667,-1,-1,-1,-1,-1,-1,0.813333333333334,0.926666666666666,0.88,0.86,0.92,0.886666666666667,0.826666666666667,0.786666666666667,0.853333333333333,0.873333333333333,0.886666666666667,0.866666666666667,0.88,0.92,0.993333333333333,0.986666666666667,0.98,1,0.993333333333333,0.993333333333333,0.98,1,0.993333333333333,0.986666666666667,0.98,0.986666666666667,0.973333333333333,0.993333333333333,0.973333333333333,0.966666666666667,0.986666666666667,0.96,0.966666666666667,0.966666666666667,0.96,0.96,0.98,0.973333333333333,0.953333333333333,0.96,0.92,-1,-1,-1,-1,-1,0.613333333333333,0.58,0.266666666666667,0.313333333333333,0.12,0.0666666666666667,0.0666666666666667,0.106666666666667,0.113333333333333,0.0866666666666667,0,0,0,0,0,0,0,0,0,-1,-1,-1,-1,-1,-1,-1,0,0,0,0,0,0,0,0,0,0,0,0,0,0,0,0,0,0,-1,0,0,0,0,0,0,0,0,0,0,0,0,0,0,0,0,0,0,0,0,0,0,0,0,0,0,0,-1,-1,-1,-1,-1,-1,0,0,0,0,0,0,0,0,0,0,0,0,0,0,0,0,0,0,0,0,0,0.0933333333333333,0.0533333333333334,0.08,0.0866666666666666,0.0333333333333333,0.0866666666666667,0.1,0.08,0.126666666666667,0.12,0.173333333333333,0.14,0.16,0.186666666666667,0.173333333333333,0.226666666666667,0.266666666666667,0.26,0.246666666666667,0.313333333333333,0.313333333333333,0.373333333333333,0.406666666666667,0.446666666666667,0.5,0.48,0.513333333333333,0.553333333333333,0.619999999999999,0.666666666666667,0.653333333333334,0.713333333333333,0.74,0.833333333333333,0.8,0.873333333333333,0.886666666666666,0.88,0.873333333333333,0.926666666666666,0.926666666666666,0.906666666666666,0.926666666666666
0.76,0.799999999999999,0.753333333333333,-1,-1,0.766666666666667,-1,-1,-1,-1,-1,-1,0.806666666666667,0.946666666666667,0.886666666666667,0.92,0.88,0.873333333333333,0.793333333333334,0.82,0.853333333333333,0.866666666666667,0.92,0.9,1,0.986666666666667,1,0.993333333333333,0.993333333333333,0.98,0.993333333333333,1,0.993333333333333,0.993333333333333,0.98,0.986666666666667,0.973333333333333,0.993333333333333,0.986666666666667,0.973333333333333,0.993333333333333,0.986666666666667,0.986666666666667,0.986666666666667,0.986666666666667,0.993333333333333,0.993333333333333,0.94,0.986666666666667,0.966666666666667,0.94,0.946666666666667,0.933333333333333,-1,-1,-1,-1,-1,-1,0.746666666666666,0.626666666666666,0.286666666666667,0.313333333333333,0.253333333333333,0.06,0.0533333333333334,0.1,0,0,0,0,0,0,0,0,0,0,-1,-1,-1,-1,-1,-1,-1,0,0,0,0,0,0,0,0,0,0,0,0,0,0,0,0,0,0,0,0,0,0,0,0,0,0,0,0,-1,-1,-1,-1,-1,-1,-1,-1,-1,0,0,-1,-1,-1,-1,-1,-1,-1,-1,0,0,-1,-1,-1,0,0,0,0,-1,-1,0,0,0,0,0,0,0,0,0,0,0,0,0,0,0,0.0466666666666666,0.04,0.08,0.0466666666666667,0.0866666666666667,0.12,0.0533333333333334,0.113333333333333,0.14,0.08,0.14,0.12,0.193333333333333,0.146666666666667,0.2,0.186666666666667,0.26,0.28,0.266666666666667,0.32,0.293333333333333,0.386666666666667,0.413333333333333,0.526666666666666,0.413333333333333,0.44,0.5,0.606666666666667,0.606666666666667,0.653333333333333,0.633333333333333,0.673333333333334,0.74,0.793333333333334,0.746666666666667,0.853333333333333,0.86,0.893333333333333,0.86,0.9,0.906666666666666,0.933333333333333,0.893333333333333
0.82,0.84,0.766666666666667,-1,-1,0.82,-1,-1,-1,-1,-1,-1,0.833333333333333,0.913333333333333,0.9,0.893333333333333,0.926666666666666,0.873333333333333,0.873333333333333,0.873333333333333,0.88,0.933333333333333,0.993333333333333,0.993333333333333,1,0.993333333333333,0.993333333333333,0.993333333333333,1,0.986666666666667,1,0.993333333333333,0.993333333333333,0.993333333333333,0.986666666666667,1,0.986666666666667,0.986666666666667,1,0.98,0.993333333333333,0.98,0.986666666666667,0.993333333333333,0.986666666666667,0.993333333333333,0.966666666666667,0.953333333333333,0.993333333333333,0.96,0.986666666666667,0.96,0.953333333333333,0.96,0.96,0.933333333333333,0.893333333333333,0.933333333333333,0.6,0.633333333333334,0.566666666666667,0.553333333333334,0.26,0.273333333333333,0.3,0.273333333333333,0,0,0,0,0,0,0,0,0,0,0,-1,-1,-1,0,-1,-1,-1,0,0,0,0,0,0,0,0,0,0,0,0,0,0,0,0,0,0,0,0,0,0,0,0,0,0,0,0,-1,-1,-1,-1,-1,-1,-1,-1,-1,0,0,-1,-1,-1,-1,0,-1,-1,0,0,-1,-1,0,0,0,0,0,-1,-1,-1,0,0,0,0,0,0,0,0,0,0,0,0,0,0,0,0.0466666666666667,0.04,0.0666666666666667,0.0666666666666667,0.0666666666666666,0.1,0.0733333333333334,0.126666666666667,0.106666666666667,0.0866666666666667,0.153333333333333,0.133333333333333,0.14,0.18,0.173333333333333,0.193333333333333,0.206666666666667,0.26,0.293333333333333,0.293333333333333,0.326666666666667,0.36,0.32,0.433333333333333,0.406666666666667,0.446666666666667,0.48,0.573333333333333,0.533333333333333,0.62,0.58,0.606666666666666,0.726666666666667,0.66,0.786666666666667,0.806666666666667,0.853333333333333,0.82,0.853333333333333,0.893333333333333,0.86,0.886666666666667,0.833333333333333
0.82,0.773333333333333,0.72,-1,-1,0.786666666666667,-1,-1,-1,-1,-1,0.86,0.86,0.866666666666666,0.866666666666667,0.9,0.913333333333333,0.933333333333333,0.82,0.833333333333333,0.96,0.986666666666667,1,0.993333333333333,0.993333333333333,0.993333333333333,0.993333333333333,0.993333333333333,0.98,0.993333333333333,0.986666666666666,0.986666666666667,0.986666666666667,0.986666666666667,0.993333333333333,0.986666666666667,0.986666666666666,0.993333333333333,0.993333333333333,0.98,0.993333333333333,1,0.953333333333333,0.993333333333333,0.98,0.966666666666667,1,0.986666666666667,0.993333333333333,0.96,0.96,0.973333333333333,0.96,0.906666666666666,0.926666666666666,0.906666666666667,0.96,0.913333333333333,0.926666666666666,0.586666666666667,0.559999999999999,0.64,0.613333333333333,0.273333333333333,0.333333333333333,0.106666666666667,0.0933333333333333,0.0733333333333333,0,0,0,0,0,0,0,0,0,0,0,0,0,0,0,0,0,0,0,0,0,0,0,0,0,0,0,0,0,0,0,0,0,0,0,0,0,0,0,0,0,0,0,-1,0,-1,-1,-1,-1,-1,0,0,0,0,-1,-1,-1,-1,-1,0,0,0,0,-1,-1,0,0,0,0,0,0,0,0,0,0,0,0,0,0,0,0,0,0,0,0,0,0,0,0,0.06,0.1,0.08,0.0666666666666667,0.0466666666666667,0.0733333333333333,0.12,0.08,0.153333333333333,0.166666666666667,0.12,0.113333333333333,0.153333333333333,0.133333333333333,0.16,0.2,0.173333333333333,0.24,0.253333333333333,0.34,0.253333333333333,0.406666666666667,0.306666666666667,0.34,0.5,0.4,0.533333333333333,0.493333333333333,0.48,0.6,0.613333333333334,0.586666666666666,0.64,0.62,0.746666666666666,0.766666666666667,0.786666666666667,0.833333333333334,0.833333333333333,0.813333333333333,0.806666666666667,0.873333333333333,0.826666666666667
0.573333333333333,0.813333333333333,0.799999999999999,-1,-1,0.859999999999999,0.893333333333333,0.846666666666667,0.893333333333334,0.913333333333333,0.886666666666666,0.906666666666667,0.906666666666667,0.886666666666666,0.86,0.88,0.946666666666667,0.9,0.993333333333333,0.986666666666667,1,1,1,0.993333333333333,0.993333333333333,1,1,0.98,0.993333333333333,0.993333333333333,0.993333333333333,0.993333333333333,0.973333333333333,0.993333333333333,0.993333333333333,1,0.986666666666667,0.973333333333333,0.986666666666667,0.986666666666667,0.98,0.986666666666667,0.993333333333333,0.993333333333333,0.98,0.966666666666667,0.98,0.98,0.953333333333333,0.973333333333333,0.973333333333333,0.933333333333333,0.966666666666667,0.953333333333333,0.933333333333333,0.92,0.966666666666667,0.96,0.92,0.66,0.613333333333333,0.646666666666666,0.593333333333334,0.68,0.08,0.04,0.0733333333333333,0.0733333333333333,0.0666666666666666,0,0,0,0,0,0,0,0,0,0,0,0,0,0,0,0,0,0,0,0,0,0,0,0,0,0,0,0,0,0,0,0,0,0,0,0,0,0,0,0,0,0,0,0,0,0,0,-1,0,-1,-1,-1,-1,-1,-1,-1,0,0,0,0,0,0,-1,-1,0,0,-1,0,0,-1,0,0,0,0,0,0,0,0,0,0,0,0,0,0,0,0,0,0,0,0.04,0.06,0.106666666666667,0.0733333333333334,0.06,0.1,0.0866666666666667,0.08,0.0733333333333334,0.126666666666667,0.153333333333333,0.133333333333333,0.22,0.193333333333333,0.226666666666667,0.233333333333333,0.26,0.26,0.28,0.36,0.293333333333333,0.36,0.386666666666667,0.366666666666667,0.406666666666667,0.366666666666667,0.386666666666667,0.573333333333333,0.533333333333334,0.58,0.64,0.713333333333333,0.68,0.653333333333333,0.74,0.726666666666666,0.673333333333334,0.773333333333333,0.813333333333334,0.78,0.786666666666667,0.84
0.586666666666667,0.6,0.86,0.866666666666667,0.833333333333333,0.906666666666667,0.873333333333333,0.906666666666667,0.893333333333333,0.873333333333333,0.906666666666667,0.913333333333333,0.88,0.913333333333333,0.873333333333333,0.94,0.926666666666666,0.993333333333333,0.993333333333333,0.993333333333333,1,0.98,1,1,1,1,1,1,1,0.993333333333333,1,1,0.993333333333333,1,1,0.986666666666667,0.973333333333333,0.993333333333333,0.986666666666667,0.986666666666666,0.993333333333333,0.993333333333333,0.986666666666667,0.993333333333333,0.96,0.966666666666666,0.953333333333333,0.94,0.966666666666667,0.973333333333333,0.986666666666667,0.96,0.926666666666667,0.953333333333333,0.953333333333333,0.926666666666667,0.94,0.906666666666667,0.94,0.633333333333333,0.62,0.726666666666666,0.693333333333333,0.36,0.24,0.0733333333333333,0.0733333333333333,0.06,0.106666666666667,0.08,0.106666666666667,0,0,0,0,0,0,0,0,0,0,0,0,0,0,0,0,0,0,0,0,0,0,0,0,0,0,0,0,0,0,0,0,0,0,0,0,0,0,0,0,0,-1,-1,0,0,0,0,-1,0,-1,-1,-1,-1,-1,-1,0,0,-1,-1,-1,-1,-1,0,0,0,0,-1,0,0,0,0,0,0,0,0,0,0,0,0,0,0,0,0,0,0,0,0,0.0666666666666666,0.0533333333333333,0.0733333333333334,0.04,0.08,0.106666666666667,0.0866666666666667,0.0733333333333333,0.0866666666666667,0.12,0.153333333333333,0.126666666666667,0.16,0.206666666666667,0.2,0.193333333333333,0.206666666666667,0.22,0.28,0.28,0.353333333333333,0.34,0.386666666666667,0.34,0.48,0.513333333333333,0.48,0.533333333333333,0.493333333333333,0.593333333333333,0.533333333333333,0.586666666666666,0.526666666666667,0.72,0.68,0.646666666666667,0.64,0.733333333333333,0.773333333333333,0.753333333333334,0.693333333333333,0.74
0.6,0.646666666666667,0.6,0.906666666666667,0.913333333333333,0.826666666666667,0.86,0.806666666666667,0.906666666666667,0.933333333333333,0.946666666666667,0.94,0.913333333333333,0.933333333333333,0.926666666666666,1,1,0.993333333333333,-1,0.993333333333333,1,1,1,1,1,0.993333333333333,0.986666666666667,0.993333333333333,1,0.986666666666666,1,0.993333333333333,1,1,0.98,1,0.993333333333333,0.993333333333333,0.98,0.986666666666667,0.986666666666667,0.986666666666667,0.973333333333333,0.98,0.98,0.98,0.986666666666667,0.966666666666667,0.966666666666667,0.966666666666667,0.946666666666667,0.973333333333333,0.966666666666667,0.966666666666667,0.973333333333333,0.953333333333334,0.96,0.919999999999999,0.94,0.893333333333334,0.633333333333333,0.606666666666667,0.253333333333333,0.246666666666667,0.3,0.26,0.14,0.0666666666666667,0.0733333333333334,0.1,0.126666666666667,0.0933333333333333,0,0,0,0,0,0,0,0,0,0,0,0,0,0,0,0,0,0,0,0,0,0,0,0,0,0,0,0,0,0,0,0,0,0,0,0,0,0,0,0,-1,-1,-1,-1,-1,0,0,0,0,0,0,0,0,0,0,0,0,0,0,0,-1,-1,0,0,0,-1,-1,0,0,0,0,0,0,0,0,0,0,0,0,0,0,0,0,0,0,0,0,0.0866666666666667,0.106666666666667,0.0733333333333333,0.0266666666666667,0.0733333333333333,0.106666666666667,0.113333333333333,0.113333333333333,0.126666666666667,0.14,0.153333333333333,0.133333333333333,0.153333333333333,0.193333333333333,0.306666666666667,0.246666666666667,0.293333333333333,0.26,0.273333333333333,0.326666666666667,0.326666666666667,0.373333333333333,0.393333333333333,0.34,0.44,0.393333333333333,0.453333333333333,0.6,0.46,0.54,0.64,0.586666666666667,0.626666666666667,0.653333333333333,0.66,0.62,0.693333333333333,0.66,0.646666666666667,0.64,0.673333333333333
0.626666666666666,0.553333333333333,0.586666666666666,0.593333333333333,0.893333333333333,0.866666666666666,0.873333333333333,0.893333333333333,0.933333333333333,0.88,0.906666666666667,0.9,0.933333333333333,0.9,1,1,0.993333333333333,1,0.993333333333333,0.993333333333333,0.993333333333333,1,1,0.993333333333333,-1,0.986666666666667,1,0.993333333333333,1,0.98,1,0.993333333333333,1,0.993333333333333,0.986666666666667,0.993333333333333,0.993333333333333,1,0.986666666666667,0.993333333333333,0.973333333333333,0.98,0.986666666666667,0.986666666666667,0.98,0.966666666666667,0.973333333333333,0.973333333333333,0.986666666666667,0.973333333333333,0.986666666666667,0.946666666666667,0.973333333333333,0.953333333333333,0.946666666666667,0.933333333333333,0.966666666666667,0.94,0.933333333333333,0.96,0.726666666666667,0.26,0.326666666666667,0.286666666666667,0.313333333333333,0.293333333333333,0.0666666666666667,0.0666666666666666,0.0933333333333333,0.106666666666667,0.0933333333333333,0.106666666666667,0.06,0.08,0,0,0,0,0,0,0,0,0,0,0,0,0,0,0,0,0,0,0,0,0,0,0,0,0,0,0,0,0,0,0,0,0,0,0,0,0,0,-1,-1,-1,-1,-1,0,0,0,0,0,0,0,-1,-1,0,0,0,0,-1,-1,0,0,0,0,-1,-1,0,0,0,0,0,0,0,0,0,0,0,0,0,0,0,0,0,0,0,0,0,0.14,0.0466666666666667,0.0466666666666666,0.06,0.0933333333333333,0.1,0.113333333333333,0.0933333333333333,0.106666666666667,0.153333333333333,0.14,0.14,0.133333333333333,0.206666666666667,0.26,0.313333333333333,0.22,0.246666666666667,0.233333333333333,0.326666666666667,0.293333333333333,0.333333333333333,0.32,0.326666666666666,0.44,0.38,0.42,0.46,0.466666666666667,0.486666666666667,0.513333333333334,0.48,0.573333333333333,0.626666666666666,0.513333333333333,0.686666666666667,0.546666666666667,0.706666666666667,0.633333333333333,0.599999999999999,0.646666666666667
0.513333333333333,0.566666666666667,0.573333333333333,0.613333333333333,0.653333333333333,0.853333333333333,0.88,0.913333333333334,0.886666666666667,0.893333333333333,0.926666666666667,0.906666666666667,0.906666666666666,1,0.993333333333333,1,1,1,1,1,1,1,1,1,1,1,1,1,1,1,0.993333333333333,0.993333333333333,0.986666666666667,0.993333333333333,1,0.993333333333333,0.966666666666667,0.993333333333333,0.98,0.986666666666667,1,0.993333333333333,0.993333333333333,0.973333333333333,0.973333333333333,0.973333333333333,0.986666666666667,0.98,0.993333333333333,0.966666666666667,0.973333333333333,0.96,0.973333333333333,0.953333333333334,0.96,0.953333333333333,0.953333333333333,0.926666666666666,0.96,0.946666666666667,0.36,0.346666666666667,0.3,0.366666666666667,0.426666666666667,0.346666666666666,0.366666666666667,0.0666666666666667,0.113333333333333,0.0933333333333333,0.0733333333333333,0.113333333333333,0.0866666666666666,0.0733333333333334,0.0933333333333334,0,0,0,0,0,0,0,0,0,0,0,0,0,0,0,0,0,0,0,0,0,0,0,0,0,0,0,0,0,0,0,0,0,0,0,0,-1,-1,-1,-1,-1,-1,0,0,-1,-1,-1,-1,-1,-1,-1,0,0,0,-1,-1,-1,0,0,0,0,-1,-1,0,0,0,0,0,0,0,0,0,0,0,0,0,0,0,0,0,0,0,0,0,0.06,0.06,0.0533333333333334,0.08,0.0866666666666667,0.0733333333333333,0.153333333333333,0.12,0.12,0.1,0.146666666666667,0.106666666666667,0.186666666666667,0.186666666666667,0.193333333333333,0.213333333333333,0.22,0.253333333333333,0.22,0.313333333333333,0.313333333333333,0.273333333333333,0.266666666666667,0.346666666666667,0.366666666666667,0.466666666666667,0.453333333333333,0.48,0.446666666666667,0.573333333333333,0.46,0.44,0.526666666666667,0.533333333333333,0.606666666666667,0.586666666666667,0.586666666666667,0.646666666666667,0.58,0.593333333333334,0.633333333333333
0.586666666666666,0.58,0.593333333333333,0.666666666666667,0.633333333333333,0.713333333333333,0.733333333333333,0.88,0.893333333333333,0.913333333333333,0.953333333333333,0.933333333333333,1,1,1,1,1,1,1,1,1,1,1,1,1,1,0.993333333333333,1,1,1,0.993333333333333,0.993333333333333,0.993333333333333,0.98,0.993333333333333,0.986666666666667,0.973333333333333,0.986666666666667,0.98,0.993333333333333,0.98,0.96,0.986666666666667,0.993333333333333,0.986666666666667,1,0.98,0.946666666666667,0.94,0.973333333333333,0.98,0.98,0.973333333333333,0.993333333333333,0.966666666666667,0.96,0.953333333333333,0.953333333333334,0.693333333333333,0.706666666666667,0.273333333333333,0.28,0.4,0.313333333333333,0.373333333333333,0.34,0.366666666666667,0.333333333333334,0.06,0.0933333333333333,0.08,0.0666666666666666,0.106666666666667,0.0266666666666667,0.0666666666666667,0.08,0,0,0,0,0,0,0,0,0,0,0,0,0,0,0,0,0,0,0,0,0,0,0,0,0,0,0,0,0,0,0,0,0,0,0,-1,-1,-1,-1,-1,0,0,0,-1,-1,-1,-1,-1,-1,0,0,0,0,0,0,0,0,0,0,0,0,-1,0,0,0,0,0,0,0,0,0,0,0,0,0,0,0,0,0,0,0,0,0,0,0.0933333333333333,0.0333333333333333,0.08,0.0866666666666667,0.0666666666666667,0.06,0.113333333333333,0.0933333333333333,0.14,0.1,0.14,0.173333333333333,0.206666666666667,0.16,0.233333333333333,0.2,0.246666666666667,0.233333333333333,0.233333333333333,0.306666666666667,0.346666666666667,0.306666666666667,0.32,0.406666666666667,0.386666666666667,0.46,0.44,0.466666666666667,0.466666666666667,0.473333333333333,0.46,0.566666666666667,0.493333333333333,0.513333333333333,0.56,0.559999999999999,0.62,0.573333333333333,0.586666666666667,0.633333333333333
0.58,0.666666666666667,0.606666666666666,0.686666666666667,0.606666666666666,0.713333333333333,0.706666666666667,0.726666666666666,0.833333333333333,0.9,0.96,0.993333333333333,1,1,1,1,1,1,1,1,1,1,1,0.993333333333333,1,1,1,1,1,1,-1,-1,-1,-1,-1,0.986666666666667,0.986666666666667,0.986666666666667,0.993333333333333,0.973333333333333,0.993333333333333,0.986666666666667,0.986666666666667,0.98,0.993333333333333,0.96,0.98,0.973333333333333,0.986666666666667,0.98,0.98,0.966666666666667,0.973333333333333,0.96,0.953333333333334,0.98,0.746666666666666,0.766666666666667,0.706666666666667,0.7,0.393333333333333,0.386666666666667,0.346666666666667,0.353333333333333,0.333333333333334,0.373333333333333,0.4,0.34,0.0733333333333334,0.1,0.06,0.0933333333333333,0.1,0.0666666666666666,0.08,0.0933333333333333,0.06,0,0,0,0,0,0,0,0,0,0,0,0,0,0,0,0,0,0,0,0,0,0,0,0,0,0,0,0,0,0,0,0,0,0,0,0,0,0,-1,-1,0,0,0,0,0,0,0,0,0,0,0,0,0,0,0,0,0,0,0,0,0,0,0,0,0,0,0,0,0,0,0,0,0,0,0,0,0,0,0,0,0,0,0,0,0.0533333333333333,0.0866666666666667,0.1,0.12,0.0666666666666667,0.16,0.0733333333333333,0.14,0.126666666666667,0.113333333333333,0.153333333333333,0.186666666666667,0.2,0.126666666666667,0.173333333333333,0.166666666666667,0.213333333333333,0.286666666666667,0.246666666666667,0.266666666666667,0.293333333333333,0.273333333333333,0.293333333333333,0.306666666666667,0.426666666666667,0.4,0.42,0.52,0.42,0.48,0.466666666666667,0.486666666666666,0.433333333333333,0.573333333333333,0.513333333333334,0.566666666666667,0.593333333333333,0.513333333333334,0.573333333333333
0.646666666666667,0.686666666666667,0.713333333333334,0.64,0.686666666666667,0.68,0.706666666666667,0.733333333333333,0.72,0.8,1,1,1,1,1,1,1,1,1,1,1,1,1,1,1,1,1,0.993333333333333,1,0.986666666666667,-1,-1,-1,-1,-1,1,0.986666666666667,0.966666666666667,0.98,1,0.96,0.973333333333333,0.993333333333333,0.986666666666667,0.986666666666667,0.986666666666667,0.973333333333333,1,0.973333333333333,0.986666666666667,0.953333333333333,0.986666666666667,0.98,0.973333333333333,0.973333333333333,0.773333333333334,0.746666666666667,0.753333333333333,0.78,0.72,0.346666666666667,0.353333333333333,0.373333333333333,0.34,0.38,0.34,0.36,0.34,0.253333333333333,0.1,0.12,0.106666666666667,0.0866666666666667,0.0933333333333334,0.0733333333333333,0.0533333333333333,0.1,0.0733333333333334,0,0,0,0,0,0,0,0,0,0,0,0,0,0,0,-1,-1,0,0,0,0,0,-1,-1,0,0,0,0,0,0,0,0,0,0,0,0,0,0,0,0,0,0,0,0,0,0,0,0,0,0,0,0,0,0,0,0,0,0,0,0,0,0,0,0,0,0,0,0,0,0,0,0,0,0,0,0,0,0,0,0,0,0,0,0.0733333333333334,0.06,0.08,0.06,0.12,0.113333333333333,0.126666666666667,0.166666666666667,0.1,0.1,0.12,0.153333333333333,0.173333333333333,0.18,0.16,0.16,0.246666666666667,0.206666666666667,0.26,0.28,0.306666666666666,0.326666666666667,0.333333333333333,0.326666666666667,0.36,0.34,0.346666666666667,0.4,0.48,0.386666666666667,0.386666666666667,0.526666666666667,0.473333333333333,0.52,0.48,0.52,0.5,0.546666666666666,0.506666666666667
0.62,0.753333333333334,0.62,0.699999999999999,0.64,0.726666666666667,0.746666666666666,0.813333333333334,0.766666666666667,0.886666666666667,0.953333333333333,0.973333333333333,0.98,1,1,1,1,1,1,1,1,1,1,1,1,1,1,0.993333333333333,1,1,1,0.993333333333333,1,0.986666666666667,0.98,0.986666666666667,0.993333333333333,0.993333333333333,0.986666666666667,0.986666666666667,0.993333333333333,1,0.98,0.986666666666667,0.986666666666667,0.993333333333333,0.993333333333333,0.966666666666667,0.986666666666667,0.993333333333333,0.98,0.98,0.853333333333333,0.826666666666667,0.786666666666666,0.82,0.793333333333333,0.76,0.76,0.773333333333333,0.726666666666666,0.346666666666667,0.333333333333333,0.413333333333333,0.406666666666667,0.293333333333333,0.373333333333333,0.406666666666667,0.406666666666667,0.0866666666666667,0.1,0.12,0.0933333333333334,0.0933333333333334,0.126666666666667,0.04,0.0666666666666667,0.0933333333333333,0.04,0,0,0,0,0,0,0,0,0,0,0,0,0,0,0,0,0,0,0,0,0,0,0,-1,0,0,0,0,0,0,0,0,0,0,0,0,0,0,0,0,0,0,0,0,0,0,0,0,0,0,0,0,0,0,0,0,0,0,0,0,0,0,0,0,0,0,0,0,0,0,0,0,0,0,0,0,0,0,0,0,0,0,0,0.08,0.0666666666666666,0.1,0.0933333333333333,0.0866666666666667,0.1,0.133333333333333,0.146666666666667,0.126666666666667,0.1,0.14,0.16,0.226666666666667,0.22,0.246666666666667,0.22,0.246666666666667,0.226666666666667,0.22,0.38,0.233333333333333,0.3,0.346666666666667,0.3,0.386666666666667,0.353333333333333,0.413333333333333,0.366666666666667,0.426666666666667,0.44,0.473333333333333,0.44,0.48,0.406666666666667,0.486666666666667,0.533333333333333,0.5,0.486666666666667
0.66,0.673333333333333,0.686666666666667,0.653333333333333,0.76,0.74,0.753333333333333,0.753333333333333,0.913333333333333,0.94,0.9,0.946666666666667,0.926666666666666,1,0.993333333333333,1,1,1,1,1,1,1,1,1,1,1,1,1,1,1,0.993333333333333,1,1,1,1,0.993333333333333,1,0.98,0.993333333333333,0.993333333333333,1,1,1,1,0.986666666666667,0.98,0.98,0.986666666666667,1,0.973333333333333,0.826666666666667,0.866666666666667,0.766666666666667,0.833333333333333,0.8,0.833333333333333,0.78,0.793333333333333,0.706666666666667,0.766666666666667,0.780000000000001,0.313333333333333,0.453333333333333,0.386666666666667,0.34,0.453333333333333,0.333333333333333,0.313333333333333,0.373333333333333,0.34,0.14,0.106666666666667,0.113333333333333,0.106666666666667,0.1,0.0933333333333333,0.12,0.113333333333333,0.0866666666666667,0,0,0,0,0,0,0,0,0,0,0,0,0,0,0,0,0,0,0,0,0,0,0,0,0,0,0,0,0,0,0,0,0,0,0,0,0,0,0,0,0,0,0,0,0,0,0,0,0,0,0,0,0,0,0,0,0,0,0,0,0,0,0,0,0,0,0,0,0,0,0,0,0,0,0,0,0,0,0,0,0,0,0,0,0.0533333333333334,0.08,0.0733333333333333,0.0666666666666667,0.0733333333333333,0.0733333333333333,0.146666666666667,0.153333333333333,0.126666666666667,0.14,0.173333333333333,0.2,0.173333333333333,0.206666666666667,0.2,0.213333333333333,0.173333333333333,0.206666666666667,0.28,0.266666666666667,0.306666666666667,0.333333333333333,0.333333333333334,0.34,0.366666666666667,0.493333333333334,0.353333333333333,0.32,0.353333333333333,0.373333333333333,0.413333333333333,0.373333333333333,0.393333333333333,0.42,0.453333333333333,0.48,0.426666666666667
0.613333333333333,0.653333333333333,0.686666666666667,0.7,0.706666666666667,0.74,0.793333333333333,0.92,0.973333333333333,0.946666666666667,0.946666666666667,0.966666666666667,1,1,1,1,1,1,1,1,1,1,1,1,1,1,1,1,1,1,1,1,0.986666666666667,1,1,1,0.993333333333333,0.993333333333333,0.993333333333333,0.993333333333333,0.993333333333333,0.986666666666667,0.993333333333333,0.98,0.993333333333333,0.986666666666667,1,0.906666666666667,0.846666666666666,0.826666666666667,0.886666666666667,0.86,0.84,0.84,0.793333333333334,0.766666666666667,0.806666666666667,0.806666666666667,0.78,0.753333333333333,0.74,0.446666666666667,0.466666666666667,0.333333333333333,0.433333333333333,0.426666666666667,0.446666666666667,0.413333333333333,0.46,0.366666666666667,0.126666666666667,0.08,0.106666666666667,0.12,0.0933333333333334,0.113333333333333,0.126666666666667,0.06,0.106666666666667,0.0933333333333333,0,0,0,0,0,0,0,0,0,0,0,0,0,0,0,0,0,0,0,0,0,0,0,0,0,0,0,0,0,0,0,0,0,0,0,0,0,0,0,0,0,0,0,0,0,0,0,0,0,0,0,0,0,0,0,0,0,0,0,0,0,0,0,0,0,0,0,0,0,0,0,0,0,0,0,0,0,0,0,0,0,0,0,0.113333333333333,0.0933333333333334,0.0933333333333334,0.0866666666666667,0.0933333333333333,0.133333333333333,0.0866666666666667,0.14,0.1,0.133333333333333,0.153333333333333,0.186666666666667,0.14,0.146666666666667,0.16,0.246666666666667,0.24,0.233333333333333,0.3,0.326666666666667,0.24,0.3,0.266666666666667,0.3,0.373333333333333,0.393333333333333,0.393333333333334,0.36,0.353333333333333,0.413333333333333,0.32,0.38,0.42,0.413333333333333,0.373333333333333,0.466666666666667,0.406666666666667
0.593333333333333,0.646666666666666,0.733333333333333,0.613333333333333,0.706666666666667,0.726666666666666,0.766666666666667,0.919999999999999,0.973333333333333,0.933333333333333,0.933333333333333,0.993333333333333,1,0.993333333333333,0.993333333333333,1,1,1,1,1,1,1,1,1,1,1,1,1,1,1,1,1,1,1,0.993333333333333,0.993333333333333,0.993333333333333,1,1,1,1,1,0.986666666666667,0.92,0.913333333333333,0.94,0.913333333333333,0.893333333333333,0.913333333333333,0.853333333333333,0.86,0.82,0.853333333333333,0.833333333333333,0.853333333333333,0.866666666666666,0.773333333333334,0.833333333333333,0.84,0.833333333333333,0.76,0.473333333333333,0.406666666666667,0.406666666666667,0.44,0.393333333333334,0.386666666666666,0.38,0.333333333333333,0.3,0.413333333333333,0.133333333333333,0.0866666666666667,0.146666666666667,0.1,0.146666666666667,0.0933333333333333,0.0933333333333333,0.0866666666666667,0.0466666666666667,0.106666666666667,0,0,0,0,0,0,0,0,0,0,0,0,0,0,0,0,0,0,0,0,0,0,0,0,0,0,0,0,0,0,0,0,0,0,0,0,0,0,0,0,0,0,0,0,0,0,0,0,0,0,0,0,0,0,0,0,0,0,0,0,0,0,0,0,0,0,0,0,0,0,0,0,0,0,0,0,0,0,0,0,0,0,0,0.0533333333333333,0.113333333333333,0.12,0.0666666666666667,0.146666666666667,0.0933333333333333,0.113333333333333,0.0866666666666667,0.133333333333333,0.146666666666667,0.18,0.146666666666667,0.2,0.193333333333333,0.173333333333333,0.213333333333333,0.206666666666667,0.26,0.26,0.246666666666667,0.246666666666667,0.28,0.333333333333333,0.266666666666667,0.293333333333333,0.306666666666667,0.34,0.306666666666667,0.36,0.386666666666667,0.366666666666667,0.353333333333333,0.38,0.393333333333334,0.333333333333333,0.4
0.666666666666667,0.733333333333333,0.693333333333333,0.68,0.76,0.76,0.953333333333333,0.94,0.94,0.96,0.96,0.993333333333333,0.986666666666667,1,1,1,1,1,1,1,1,0.98,1,1,1,0.986666666666667,1,0.986666666666667,1,1,0.986666666666667,0.993333333333333,1,1,1,1,1,0.973333333333333,0.973333333333333,0.946666666666667,0.946666666666667,0.94,0.946666666666667,0.893333333333334,0.946666666666667,0.966666666666667,0.94,0.9,0.86,0.88,0.906666666666667,0.906666666666666,0.853333333333333,0.846666666666666,0.873333333333333,0.866666666666667,0.893333333333333,0.833333333333334,0.806666666666667,0.746666666666667,0.846666666666667,0.453333333333333,0.446666666666667,0.466666666666667,0.446666666666667,0.44,0.433333333333333,0.466666666666667,0.426666666666667,0.506666666666667,0.353333333333333,0.08,0.08,0.106666666666667,0.166666666666667,0.0866666666666667,0.106666666666667,0.1,0.12,0.133333333333333,0.0933333333333333,0,0,0,0,0,0,0,0,0,0,0,0,0,0,0,0,0,0,0,0,0,0,0,0,0,0,0,0,0,0,0,0,0,0,0,0,0,0,0,0,0,0,0,0,0,0,0,0,0,0,0,0,0,0,0,0,0,0,0,0,0,0,0,0,0,0,0,0,0,0,0,0,0,0,0,0,0,0,0,0,0,0,0,0,0.06,0.0866666666666667,0.0333333333333333,0.1,0.14,0.12,0.126666666666667,0.16,0.173333333333333,0.166666666666667,0.133333333333333,0.173333333333333,0.18,0.18,0.166666666666667,0.193333333333333,0.206666666666667,0.22,0.233333333333333,0.326666666666667,0.32,0.233333333333333,0.266666666666667,0.373333333333334,0.28,0.32,0.286666666666667,0.326666666666667,0.34,0.3,0.28,0.306666666666667,0.386666666666667,0.446666666666667,0.366666666666667
0.646666666666667,0.7,0.74,0.653333333333333,0.72,0.766666666666667,0.933333333333333,0.926666666666666,0.926666666666667,0.933333333333333,0.98,0.993333333333333,0.993333333333333,1,0.993333333333333,1,1,1,1,1,1,0.993333333333333,1,1,0.973333333333333,1,0.986666666666667,0.98,1,0.973333333333333,0.966666666666667,0.94,0.946666666666667,0.92,0.933333333333333,0.96,0.98,0.946666666666667,0.953333333333333,0.96,0.966666666666667,0.966666666666667,0.953333333333333,0.94,0.966666666666667,0.92,0.953333333333334,0.906666666666667,0.866666666666666,0.926666666666666,0.906666666666666,0.84,0.86,0.873333333333333,0.853333333333333,0.866666666666666,0.813333333333333,0.826666666666667,0.813333333333333,0.8,0.506666666666667,0.48,0.406666666666667,0.433333333333333,0.453333333333333,0.373333333333333,0.406666666666667,0.473333333333333,0.386666666666667,0.44,0.373333333333333,0.14,0.133333333333333,0.113333333333333,0.06,0.113333333333333,0.12,0.12,0.08,0.126666666666667,0.16,0.12,0,0,0,0,0,0,0,0,0,0,0,0,0,0,0,0,0,0,0,0,0,0,0,0,0,0,0,0,0,0,0,0,0,0,0,0,0,0,0,0,0,0,0,0,0,0,0,0,0,0,0,0,0,0,0,0,0,0,0,0,0,0,0,0,0,0,0,0,0,0,0,0,0,0,0,0,0,0,0,0,0,0,0,0,0.0733333333333333,0.06,0.0666666666666667,0.0866666666666667,0.106666666666667,0.126666666666667,0.113333333333333,0.146666666666667,0.14,0.133333333333333,0.246666666666667,0.213333333333333,0.18,0.146666666666667,0.18,0.213333333333334,0.233333333333333,0.213333333333333,0.246666666666667,0.213333333333333,0.26,0.246666666666667,0.293333333333333,0.3,0.226666666666667,0.286666666666667,0.306666666666666,0.313333333333333,0.326666666666667,0.326666666666667,0.346666666666667,0.34,0.28,0.313333333333333
0.700000000000001,0.593333333333333,0.653333333333333,0.673333333333334,0.753333333333333,0.92,0.92,0.893333333333334,0.953333333333333,0.973333333333333,0.993333333333333,1,1,0.993333333333333,0.993333333333333,1,0.993333333333333,1,1,1,1,1,0.993333333333333,0.986666666666667,0.986666666666667,0.993333333333333,1,0.993333333333333,0.986666666666667,0.973333333333333,0.94,0.953333333333333,0.94,0.913333333333333,0.9,0.986666666666667,0.98,0.96,0.926666666666666,-1,0.88,0.946666666666667,0.973333333333333,0.9,0.893333333333334,-1,-1,0.833333333333334,0.9,0.906666666666667,0.886666666666666,0.926666666666666,0.873333333333333,0.86,0.906666666666667,0.86,0.886666666666666,0.866666666666666,0.846666666666666,0.8,0.44,0.473333333333333,0.513333333333333,0.446666666666667,0.446666666666667,0.48,0.426666666666667,0.44,0.36,0.366666666666667,0.373333333333333,0.32,0.12,0.106666666666667,0.12,0.12,0.133333333333333,0.106666666666667,0.113333333333333,0.0733333333333333,0.113333333333333,0.0866666666666667,0.08,0,0,0,0,0,0,0,0,0,0,0,0,0,0,0,0,0,0,0,0,0,0,0,0,0,0,0,0,0,0,0,0,0,0,0,0,0,0,0,0,0,0,0,0,0,0,0,0,0,0,0,0,0,0,0,0,0,0,0,0,0,0,0,0,0,0,0,0,0,0,0,0,0,0,0,0,0,0,0,0,0,0,0,0,0.106666666666667,0.1,0.0866666666666667,0.106666666666667,0.16,0.126666666666667,0.133333333333333,0.173333333333333,0.1,0.18,0.1,0.133333333333333,0.18,0.193333333333333,0.22,0.213333333333333,0.193333333333333,0.2,0.186666666666667,0.22,0.3,0.266666666666667,0.28,0.266666666666667,0.286666666666667,0.233333333333333,0.32,0.34,0.28,0.36,0.253333333333333,0.3,0.32
0.62,0.533333333333333,0.626666666666666,0.726666666666667,0.7,0.913333333333333,0.886666666666666,0.96,0.98,1,0.986666666666667,1,0.993333333333333,1,1,1,0.993333333333333,1,1,1,0.993333333333333,0.96,0.94,0.94,0.973333333333333,0.953333333333333,0.96,0.94,0.94,0.973333333333333,0.933333333333333,-1,-1,0.92,0.966666666666667,0.98,0.96,0.96,0.98,0.906666666666667,0.92,0.926666666666666,0.913333333333333,0.953333333333333,0.953333333333333,-1,-1,0.893333333333333,0.833333333333333,0.88,0.84,0.853333333333333,0.873333333333333,0.84,0.88,0.866666666666666,0.926666666666667,0.846666666666666,0.793333333333334,0.826666666666667,-1,-1,-1,-1,-1,0.373333333333333,0.38,0.393333333333333,0.433333333333333,0.44,0.38,0.36,0.12,0.146666666666667,0.16,0.14,0.0866666666666667,0.113333333333333,0.133333333333333,0.126666666666667,0.14,0.1,0.0866666666666666,0,0,0,0,0,0,0,0,0,0,0,0,0,0,0,0,0,0,0,0,0,0,0,0,0,0,0,0,0,0,0,0,0,0,0,0,0,0,0,0,0,0,0,0,0,0,0,0,0,0,0,0,0,0,0,0,0,0,0,0,0,0,0,0,0,0,0,0,0,0,0,0,0,0,0,0,0,0,0,0,0,0,0,0,0,0.133333333333333,0.0999999999999999,0.0666666666666667,0.0466666666666667,0.0933333333333333,0.14,0.14,0.133333333333333,0.106666666666667,0.173333333333333,0.153333333333333,0.133333333333333,0.126666666666667,0.16,0.22,0.253333333333334,0.18,0.273333333333333,0.253333333333334,0.24,0.233333333333333,0.26,0.266666666666667,0.22,0.28,0.266666666666667,0.273333333333333,0.326666666666667,0.24,0.306666666666666,0.286666666666667,0.266666666666667
-1,-1,-1,0.673333333333334,0.9,0.9,0.919999999999999,0.986666666666667,0.993333333333333,0.98,0.986666666666667,0.986666666666667,0.986666666666667,0.986666666666667,1,1,0.993333333333333,1,1,1,0.98,0.96,-1,-1,0.953333333333333,-1,-1,-1,-1,-1,-1,-1,-1,-1,-1,0.92,0.973333333333333,0.98,0.986666666666667,0.933333333333333,0.946666666666666,0.973333333333333,0.98,0.973333333333333,0.946666666666667,0.873333333333333,0.9,-1,-1,-1,-1,-1,-1,0.853333333333333,0.893333333333334,0.893333333333333,0.8,0.886666666666667,0.833333333333333,0.813333333333333,-1,-1,-1,-1,-1,-1,-1,-1,-1,0.466666666666667,0.346666666666667,0.346666666666667,0.1,0.14,0.126666666666667,0.126666666666667,0.173333333333333,0.126666666666667,0.1,0.106666666666667,0.1,0.14,0.12,0.0866666666666667,0,-1,-1,-1,-1,-1,-1,-1,0,0,0,0,0,0,0,0,0,0,0,0,0,0,0,0,0,0,0,0,0,0,0,0,0,0,0,0,0,0,0,0,0,0,0,0,0,0,0,0,0,0,0,0,0,0,0,0,0,0,0,0,0,0,0,0,0,0,0,0,0,0,0,0,0,0,0,0,0,0,0,0,0,0,0,0,0,0.0866666666666667,0.0933333333333333,0.106666666666667,0.1,0.106666666666667,0.126666666666667,0.126666666666667,0.12,0.0733333333333333,0.18,0.226666666666667,0.2,0.213333333333333,0.146666666666667,0.213333333333333,0.22,0.2,0.226666666666667,0.14,0.273333333333333,0.306666666666667,0.246666666666667,0.266666666666667,0.293333333333334,-1,-1,-1,-1,-1,0.306666666666667,0.233333333333333
-1,-1,-1,-1,-1,-1,-1,-1,-1,-1,-1,-1,-1,0.96,1,1,0.993333333333333,1,1,0.993333333333333,1,0.939999999999999,-1,0.946666666666667,0.96,-1,-1,-1,-1,-1,-1,-1,-1,-1,-1,0.94,0.986666666666667,0.98,0.98,0.946666666666667,0.953333333333333,-1,-1,-1,0.886666666666666,0.893333333333333,0.893333333333333,-1,-1,-1,-1,-1,-1,0.9,0.866666666666666,0.946666666666667,0.866666666666666,0.86,0.86,0.78,0.513333333333334,0.42,0.5,0.513333333333333,0.5,0.453333333333333,0.446666666666667,-1,-1,0.453333333333333,0.493333333333334,0.406666666666667,0.193333333333333,0.12,0.1,0.166666666666667,0.153333333333333,0.0933333333333333,0.12,0.126666666666667,0.0733333333333334,0.12,0.113333333333333,0.1,-1,-1,-1,-1,-1,-1,-1,-1,0,0,0,0,0,0,0,0,0,0,0,0,0,0,0,0,0,0,0,0,0,0,0,0,0,0,0,0,0,0,0,0,0,0,0,0,0,0,0,0,0,0,0,0,0,0,0,0,0,0,0,0,0,0,0,0,0,0,0,0,0,0,0,0,0,0,0,0,0,0,0,0,0,0,0,0,0,0,0.106666666666667,0.106666666666667,0.0933333333333333,0.1,0.0933333333333334,0.106666666666667,0.1,0.133333333333333,0.166666666666667,0.1,0.146666666666667,0.16,0.153333333333333,0.153333333333333,0.173333333333333,0.173333333333333,0.213333333333333,0.206666666666667,0.186666666666667,0.2,0.173333333333333,0.246666666666667,0.186666666666667,-1,-1,-1,-1,-1,0.306666666666667,0.273333333333333
-1,-1,-1,-1,-1,-1,-1,-1,-1,-1,-1,-1,-1,-1,1,1,0.993333333333333,1,1,0.993333333333333,1,0.953333333333333,-1,0.94,0.98,-1,-1,-1,-1,-1,-1,-1,-1,-1,-1,0.96,1,0.98,0.98,0.966666666666667,0.906666666666667,-1,-1,-1,0.933333333333333,0.966666666666667,0.94,0.92,0.886666666666666,0.886666666666666,0.886666666666667,0.86,0.893333333333333,0.866666666666666,0.813333333333333,0.866666666666666,0.933333333333333,0.866666666666666,0.873333333333333,0.573333333333333,0.56,0.493333333333334,0.513333333333333,0.546666666666667,0.44,0.486666666666666,0.413333333333333,0.46,0.373333333333333,0.466666666666667,0.46,0.38,0.1,0.113333333333333,0.16,0.113333333333333,0.146666666666667,0.0866666666666667,0.12,0.08,0.0933333333333333,0.12,0.126666666666667,0.0466666666666667,0,0,0,0,0,0,0,0,0,0,0,0,0,0,0,0,0,0,0,0,0,0,0,0,0,0,0,0,0,0,0,0,0,0,0,0,0,0,0,0,0,0,0,0,0,0,0,0,0,0,0,0,0,0,0,0,0,0,0,0,0,0,0,0,0,0,0,0,0,0,0,0,0,0,0,0,0,0,0,0,0,0,0,0,0,0,0,0,0.0866666666666667,0.1,0.14,0.106666666666667,0.16,0.0933333333333334,0.12,0.166666666666667,0.12,0.16,0.173333333333333,0.166666666666667,0.126666666666667,0.16,0.226666666666667,0.213333333333333,0.206666666666667,0.173333333333333,0.24,0.233333333333333,0.233333333333333,0.246666666666667,0.306666666666667,0.306666666666667,0.206666666666667,0.313333333333333,0.293333333333333,0.213333333333333
-1,-1,-1,-1,-1,-1,-1,-1,-1,-1,-1,-1,-1,-1,0.993333333333333,1,1,0.98,0.986666666666667,1,1,0.953333333333333,0.966666666666667,0.946666666666667,0.973333333333333,-1,-1,-1,-1,-1,-1,-1,-1,-1,-1,0.926666666666666,0.986666666666667,0.993333333333333,0.986666666666667,0.986666666666667,0.953333333333333,-1,-1,-1,0.946666666666667,0.966666666666667,0.933333333333333,0.886666666666667,0.94,0.913333333333333,0.866666666666667,0.9,0.84,0.853333333333333,0.866666666666667,0.873333333333333,0.873333333333333,0.9,0.906666666666666,0.54,0.506666666666667,0.466666666666666,0.560000000000001,0.513333333333334,0.46,0.446666666666667,0.36,-1,-1,-1,0.36,0.32,0.413333333333333,0.186666666666667,0.14,0.08,0.0933333333333333,0.106666666666667,0.12,0.133333333333333,0.1,0.133333333333333,0.12,0.153333333333333,0.113333333333333,0,0,0,0,0,0,0,0,-1,-1,-1,0,0,0,0,0,0,0,0,0,0,0,0,0,0,0,0,0,0,0,0,0,0,0,0,0,0,0,0,0,0,0,0,0,0,0,0,0,0,0,0,0,0,0,0,0,0,0,0,0,0,0,0,0,0,0,0,0,0,0,0,0,0,0,0,0,0,0,0,0,0,0,0,0,0,0,0,0,0.08,0.0666666666666667,0.126666666666667,0.0933333333333333,0.1,0.153333333333333,0.08,0.133333333333333,0.133333333333333,0.126666666666667,0.126666666666667,0.18,0.14,0.16,0.186666666666667,0.24,0.14,0.206666666666667,0.18,0.22,0.24,0.22,0.24,0.273333333333333,0.206666666666667,0.193333333333333,0.213333333333333
-1,-1,-1,0.866666666666666,0.846666666666667,-1,-1,-1,-1,-1,-1,-1,-1,-1,0.993333333333333,1,0.986666666666667,1,1,1,1,0.946666666666667,0.933333333333333,0.98,0.986666666666667,-1,-1,-1,-1,-1,-1,-1,-1,-1,-1,0.98,0.993333333333333,0.98,0.98,0.973333333333333,0.973333333333333,-1,-1,-1,0.953333333333333,0.993333333333333,0.919999999999999,0.92,0.886666666666667,0.966666666666667,0.9,0.86,0.873333333333333,0.886666666666667,0.913333333333333,0.926666666666666,0.886666666666666,0.9,0.88,0.626666666666667,0.54,0.54,0.473333333333334,-1,0.533333333333333,0.48,-1,-1,-1,-1,0.366666666666667,0.473333333333333,0.466666666666667,0.1,0.0866666666666667,0.12,0.1,0.126666666666667,0.106666666666667,0.18,0.0933333333333333,0.113333333333333,0.0933333333333334,0.133333333333333,0.113333333333333,0,0,0,0,0,0,0,0,0,0,0,0,0,0,0,0,0,0,0,0,0,0,0,0,0,0,0,0,0,0,0,0,0,0,0,0,0,0,0,0,0,0,0,0,0,0,0,0,0,0,0,0,0,0,0,0,0,0,0,0,0,0,0,0,0,0,0,0,0,0,0,0,0,0,0,0,0,0,0,0,0,0,0,0,0,0,0,0,0,0,0.12,0.106666666666667,0.113333333333333,0.0733333333333333,0.106666666666667,0.133333333333333,0.12,0.106666666666667,0.133333333333333,0.166666666666667,0.14,0.2,0.153333333333333,0.193333333333333,0.18,0.206666666666667,0.3,-1,-1,-1,-1,-1,0.206666666666667,0.206666666666667,-1
-1,-1,-1,0.886666666666666,0.866666666666667,0.906666666666666,0.906666666666667,0.893333333333333,0.926666666666666,0.926666666666666,0.933333333333333,0.906666666666666,0.953333333333333,0.973333333333333,0.986666666666667,1,0.993333333333333,0.993333333333333,0.993333333333333,0.993333333333333,0.98,0.973333333333333,0.98,1,0.98,0.966666666666667,0.993333333333333,1,1,1,1,1,1,1,-1,0.953333333333333,0.993333333333333,0.973333333333333,0.986666666666667,0.973333333333333,0.953333333333333,-1,-1,-1,0.933333333333333,0.973333333333333,0.953333333333333,0.98,0.946666666666667,0.913333333333333,0.9,0.9,0.906666666666666,0.913333333333333,0.88,0.833333333333333,0.846666666666667,0.873333333333333,0.886666666666666,0.613333333333333,0.606666666666667,0.56,-1,-1,0.5,0.486666666666667,-1,-1,-1,-1,0.413333333333333,0.42,0.453333333333333,0.14,0.173333333333333,0.14,0.113333333333333,0.106666666666667,0.146666666666667,-1,-1,0.18,0.126666666666667,0.146666666666667,0.173333333333333,0,0,0,0,0,0,0,0,0,0,0,0,0,0,0,0,0,0,0,0,0,0,0,0,0,0,0,0,0,0,0,0,0,0,0,0,0,0,0,0,0,0,0,0,0,0,0,0,0,0,0,0,0,0,0,0,0,0,0,0,0,0,0,0,0,0,0,0,0,0,0,0,0,0,0,0,0,0,0,0,0,0,0,0,0,0,0,0,0,0,0,0,0.1,0.126666666666667,0.126666666666667,0.1,0.16,0.12,0.133333333333333,0.186666666666667,0.126666666666667,0.14,0.16,0.146666666666667,0.106666666666667,0.146666666666667,0.206666666666667,-1,-1,-1,-1,-1,0.206666666666667,0.193333333333333,-1
-1,-1,-1,0.933333333333333,0.86,0.886666666666666,0.906666666666666,0.926666666666667,0.906666666666667,0.913333333333333,0.933333333333333,0.92,0.933333333333333,0.96,1,0.993333333333333,0.993333333333333,0.986666666666667,1,1,0.973333333333333,0.973333333333333,1,0.986666666666667,0.993333333333333,0.973333333333333,0.986666666666667,0.986666666666667,1,1,1,0.993333333333333,1,1,0.98,0.993333333333333,1,1,0.98,1,0.993333333333333,0.946666666666667,-1,0.913333333333333,0.96,0.946666666666667,0.96,0.92,0.96,0.946666666666667,0.88,0.906666666666667,0.9,0.906666666666667,0.866666666666666,0.906666666666667,0.88,0.873333333333333,0.633333333333333,0.573333333333334,0.633333333333333,0.526666666666667,-1,-1,0.446666666666667,0.5,-1,-1,-1,-1,0.433333333333333,0.44,0.46,0.16,0.153333333333333,0.12,0.166666666666667,0.146666666666667,-1,-1,-1,-1,-1,-1,0.12,0.113333333333333,0,0,0,0,0,0,0,0,0,0,0,0,0,-1,0,0,0,0,0,0,0,0,0,0,0,0,0,0,0,0,0,0,0,0,0,0,0,0,0,0,0,0,0,0,0,0,0,0,0,0,0,0,0,0,0,0,0,0,0,0,0,0,0,0,0,0,0,0,0,0,0,0,0,0,0,0,0,0,0,0,0,0,0,0,0,0,0,0,0,0,0,0,0,0.0933333333333333,0.113333333333333,0.1,0.1,0.113333333333333,0.126666666666667,0.0933333333333334,0.12,0.18,0.146666666666667,0.18,0.173333333333333,0.293333333333333,-1,-1,-1,-1,-1,0.326666666666667,0.16,-1
0.54,0.46,0.893333333333333,0.906666666666666,0.873333333333333,0.9,0.94,0.9,0.94,0.953333333333333,0.913333333333333,0.933333333333333,0.933333333333333,0.98,0.993333333333333,1,1,0.993333333333333,1,1,0.973333333333333,0.973333333333333,0.986666666666667,0.98,0.98,0.993333333333333,0.986666666666667,0.986666666666667,1,1,1,1,0.993333333333333,1,0.993333333333333,0.98,0.993333333333333,0.993333333333333,-1,0.966666666666667,0.953333333333333,0.96,0.96,0.986666666666667,0.96,0.933333333333333,1,0.993333333333333,0.953333333333333,0.953333333333334,0.953333333333333,0.9,0.886666666666667,0.886666666666666,0.86,0.853333333333333,0.893333333333334,0.86,0.62,0.7,0.593333333333334,0.586666666666667,-1,-1,0.52,0.48,-1,-1,-1,-1,0.466666666666667,0.453333333333333,0.413333333333333,0.18,0.126666666666667,0.146666666666667,0.14,-1,-1,-1,-1,-1,-1,-1,-1,-1,-1,0,0,0,0,-1,-1,-1,-1,-1,-1,0,0,0,-1,0,0,0,0,0,0,0,0,0,0,-1,0,0,-1,-1,0,0,0,0,0,0,0,0,0,0,0,0,0,0,0,0,0,0,0,0,0,0,0,0,0,0,0,0,0,0,0,0,0,0,0,0,0,0,0,0,0,0,0,0,0,0,0,0,0,0,0,0,0,0,0,0,0,0,0,0,0,0,0,0,0,0.0933333333333333,0.113333333333333,0.12,0.126666666666667,0.113333333333333,0.12,0.113333333333333,0.126666666666667,0.146666666666667,0.126666666666667,0.246666666666667,0.206666666666667,0.16,0.193333333333333,0.206666666666667,0.233333333333333,0.22,0.14,0.206666666666667
0.58,0.46,0.886666666666666,0.886666666666666,0.9,0.94,0.886666666666666,0.933333333333333,0.906666666666667,0.92,0.913333333333333,0.906666666666666,0.913333333333333,1,0.993333333333333,0.986666666666667,1,0.993333333333333,1,0.993333333333333,0.973333333333333,1,1,1,0.986666666666667,0.986666666666667,0.993333333333333,0.96,-1,-1,-1,-1,-1,-1,0.993333333333333,0.96,1,1,0.98,0.98,0.98,-1,-1,0.946666666666667,0.973333333333333,0.98,0.98,0.98,0.966666666666667,0.96,0.92,0.88,0.906666666666667,0.913333333333333,0.886666666666666,0.846666666666667,0.853333333333333,0.593333333333334,0.62,0.646666666666667,0.673333333333333,0.573333333333333,0.593333333333333,0.573333333333333,0.493333333333333,0.566666666666667,-1,-1,-1,-1,0.38,0.44,0.426666666666667,0.186666666666667,0.166666666666667,-1,0.133333333333333,-1,-1,-1,0.166666666666667,-1,-1,-1,-1,-1,-1,0,0,0,0,-1,-1,-1,-1,-1,-1,0,0,0,-1,-1,-1,-1,-1,-1,-1,-1,-1,-1,-1,0,0,0,0,0,-1,-1,-1,0,0,0,0,0,0,0,0,0,0,0,0,0,0,0,0,0,0,0,0,0,0,0,0,0,0,0,0,0,0,0,0,0,0,0,0,0,0,0,0,0,0,0,0,0,0,0,0,0,0,0,0,0,0,0,0,0,0,0,0,0,0,0,0,0,0.0933333333333333,0.173333333333333,0.0933333333333333,0.18,0.14,0.12,0.0933333333333333,0.273333333333333,0.22,0.2,0.233333333333333,0.253333333333333,0.213333333333333,0.24,0.133333333333333,0.186666666666667
0.593333333333333,0.613333333333333,0.88,0.933333333333333,0.893333333333333,0.86,0.9,0.893333333333333,0.913333333333333,0.913333333333333,0.953333333333333,0.906666666666666,0.92,0.993333333333333,0.993333333333333,0.993333333333333,0.986666666666667,0.993333333333333,0.986666666666667,0.993333333333333,0.94,0.94,-1,-1,-1,0.98,0.986666666666667,0.986666666666666,-1,-1,-1,-1,-1,-1,0.986666666666667,0.973333333333333,0.993333333333333,0.993333333333333,-1,0.98,-1,-1,-1,-1,-1,-1,-1,-1,-1,-1,-1,-1,-1,-1,0.873333333333333,0.853333333333333,0.873333333333333,0.56,0.666666666666667,0.58,0.64,0.62,0.613333333333334,0.6,0.54,0.426666666666667,0.606666666666667,0.426666666666666,0.466666666666666,0.393333333333333,0.466666666666667,0.406666666666667,0.486666666666667,0.18,0.166666666666667,-1,0.153333333333333,-1,-1,-1,0.08,0.08,0.16,0.12,0.106666666666667,0.153333333333333,0,-1,-1,0,0,0,0,0,0,0,0,0,0,0,0,0,0,0,0,0,0,0,0,0,0,0,0,0,0,0,-1,-1,-1,0,0,0,0,0,0,0,0,0,0,0,0,0,0,0,0,0,0,0,0,0,0,0,0,0,0,0,0,0,0,0,0,0,0,0,0,0,0,0,0,0,0,0,0,0,0,0,0,0,0,0,0,0,0,0,0,0,0,0,0,0,0,0,0,0,0,0,0,0,0.193333333333333,0.153333333333333,0.233333333333333,0.2,0.206666666666667,0.18,0.2,0.213333333333333,0.186666666666667,0.2,0.133333333333333,0.273333333333333
0.5,0.84,0.933333333333333,0.913333333333333,0.873333333333333,0.886666666666667,0.946666666666667,0.906666666666667,0.94,0.913333333333333,0.933333333333333,0.933333333333333,0.993333333333333,0.986666666666667,0.993333333333333,0.986666666666667,0.993333333333333,0.986666666666667,0.993333333333333,0.98,0.96,0.953333333333333,-1,-1,-1,-1,0.966666666666667,0.98,-1,0.98,-1,-1,-1,-1,0.973333333333333,0.966666666666667,0.986666666666667,0.993333333333333,0.993333333333333,0.993333333333333,0.973333333333333,-1,-1,-1,-1,-1,-1,-1,-1,-1,-1,-1,-1,-1,0.886666666666667,0.893333333333333,0.7,0.633333333333334,0.693333333333333,0.593333333333333,0.6,0.633333333333333,0.633333333333333,0.526666666666667,0.56,0.553333333333333,-1,-1,-1,0.533333333333333,0.46,0.44,0.153333333333333,0.206666666666667,0.146666666666667,-1,0.0866666666666667,-1,-1,-1,0.106666666666667,0.133333333333333,0.133333333333333,0.1,0.113333333333333,0.14,-1,-1,0,0,0,0,0,0,0,0,0,0,0,0,0,0,0,0,0,0,0,0,0,0,0,0,0,0,-1,0,-1,-1,-1,0,0,0,0,-1,-1,0,0,0,0,0,0,0,0,0,0,0,0,0,0,0,0,0,0,0,0,0,0,0,0,0,0,0,0,0,0,0,0,0,0,0,0,0,0,0,0,0,0,0,0,0,0,0,0,0,0,0,0,0,0,0,0,0,0,0,0,0,0,-1,0,0,0,-1,-1,-1,-1,-1,0.266666666666667,0.133333333333333,0.126666666666667,0.246666666666667
0.593333333333333,0.86,0.9,0.893333333333333,0.873333333333333,0.886666666666667,0.886666666666666,0.906666666666666,0.9,0.946666666666667,0.96,0.953333333333333,0.973333333333333,0.993333333333333,0.953333333333333,0.993333333333333,0.973333333333333,0.98,0.966666666666667,0.946666666666667,0.96,0.94,-1,-1,-1,-1,0.973333333333333,0.986666666666667,-1,0.98,-1,-1,-1,0.98,0.966666666666667,0.98,0.986666666666667,0.993333333333333,0.96,0.986666666666667,0.98,0.98,0.993333333333333,-1,-1,-1,-1,-1,-1,0.96,0.973333333333333,-1,-1,0.913333333333334,0.92,0.74,0.673333333333333,-1,-1,-1,-1,-1,-1,0.586666666666667,0.58,0.546666666666667,-1,-1,-1,0.46,0.52,0.44,0.2,0.126666666666667,0.18,-1,0.1,-1,-1,-1,0.14,0.16,0.16,0.113333333333333,0.113333333333333,0.133333333333333,-1,-1,0,0,0,0,0,0,0,0,0,0,0,-1,-1,-1,-1,-1,-1,-1,0,0,0,0,0,0,0,0,-1,-1,0,0,-1,0,0,0,0,-1,-1,0,0,0,0,0,0,0,0,0,0,0,0,0,0,0,0,0,0,0,0,0,-1,-1,0,0,0,0,0,0,0,0,0,0,0,0,0,0,0,0,0,0,0,0,0,0,0,0,0,0,0,0,0,0,0,0,0,0,0,0,0,0,0,0,0,0,0,-1,-1,-1,-1,-1,0,0,0,-1
0.546666666666667,0.786666666666667,0.853333333333334,0.806666666666667,0.806666666666667,0.86,0.906666666666667,0.886666666666666,0.9,-1,-1,-1,-1,-1,0.973333333333333,0.96,0.993333333333333,0.973333333333333,0.986666666666667,0.966666666666667,0.92,-1,-1,-1,-1,-1,0.946666666666667,0.966666666666667,-1,0.96,-1,-1,-1,0.96,0.98,0.993333333333333,0.993333333333333,0.986666666666667,0.973333333333333,0.973333333333333,0.953333333333333,-1,-1,0.993333333333333,1,1,0.986666666666667,0.986666666666667,0.953333333333333,0.953333333333334,-1,-1,-1,0.913333333333333,0.893333333333333,0.706666666666667,0.706666666666666,-1,-1,-1,-1,-1,-1,0.546666666666666,0.54,0.56,0.56,0.52,0.426666666666667,0.473333333333333,0.446666666666667,0.546666666666667,0.22,0.18,0.133333333333333,0.12,0.18,-1,-1,-1,0.106666666666667,0.126666666666667,0.12,0.1,0.126666666666667,0.0733333333333334,-1,-1,0,0,0,-1,-1,-1,-1,-1,0,0,0,-1,-1,-1,-1,-1,-1,-1,-1,-1,-1,-1,-1,0,0,0,-1,-1,-1,-1,0,0,0,0,0,-1,-1,0,0,0,0,0,0,0,0,0,0,0,0,0,0,0,0,0,0,0,0,0,0,0,0,0,0,0,0,0,0,0,0,0,0,0,0,0,0,0,0,0,0,0,0,0,0,0,0,0,0,0,0,0,0,0,0,0,0,0,0,0,0,0,0,0,0,0,0,0,0,0,0,0,0,-1
-1,-1,-1,-1,-1,0.873333333333333,0.866666666666666,0.9,0.886666666666667,-1,-1,-1,-1,-1,0.986666666666667,0.98,0.993333333333333,0.973333333333333,0.973333333333333,0.913333333333333,0.973333333333333,-1,-1,-1,-1,-1,0.993333333333333,0.966666666666667,-1,0.946666666666667,-1,-1,-1,0.953333333333333,0.96,0.946666666666667,0.986666666666667,0.993333333333333,0.953333333333333,0.993333333333333,0.986666666666667,-1,-1,1,1,0.993333333333333,0.993333333333333,-1,-1,-1,-1,-1,-1,0.9,0.74,0.706666666666667,0.726666666666666,0.626666666666667,0.64,0.613333333333334,0.62,-1,-1,0.56,0.513333333333334,0.486666666666667,0.54,0.493333333333333,0.513333333333334,0.473333333333333,0.413333333333333,0.5,0.133333333333333,0.146666666666667,0.133333333333333,0.18,0.166666666666667,0.18,-1,-1,-1,-1,-1,-1,-1,-1,-1,-1,0,0,0,-1,-1,-1,-1,-1,0,0,0,0,0,-1,-1,-1,-1,-1,-1,-1,-1,-1,-1,0,0,0,0,0,-1,-1,0,0,0,0,0,0,0,0,0,0,0,0,0,0,0,0,0,0,0,0,0,0,0,0,0,0,0,0,0,0,0,0,0,0,0,0,0,0,0,0,0,0,0,0,0,0,0,0,0,0,0,0,0,0,0,0,0,0,0,0,0,0,0,0,0,0,0,0,0,0,0,0,0,0,0,0,0,0,0,0,0,0
-1,-1,-1,-1,-1,0.84,0.9,0.886666666666666,0.859999999999999,-1,-1,-1,-1,-1,0.98,0.986666666666667,0.966666666666667,0.98,0.993333333333333,0.946666666666667,0.933333333333333,-1,-1,-1,-1,-1,0.96,0.933333333333333,-1,-1,-1,-1,-1,0.966666666666667,0.973333333333333,0.986666666666667,1,0.986666666666666,0.973333333333333,-1,-1,0.993333333333333,1,0.993333333333333,1,-1,0.986666666666667,-1,-1,-1,-1,-1,0.953333333333334,0.666666666666667,0.733333333333334,0.726666666666667,0.673333333333333,0.733333333333333,0.66,0.606666666666667,0.64,0.6,0.626666666666667,0.526666666666667,0.513333333333334,0.58,0.526666666666667,0.42,0.506666666666667,0.46,0.426666666666667,0.413333333333333,0.153333333333333,0.166666666666667,0.146666666666667,0.126666666666667,0.173333333333333,-1,-1,-1,-1,-1,-1,-1,-1,-1,-1,-1,0,0,0,0,0,-1,-1,-1,0,0,0,0,0,0,0,0,0,0,0,0,0,0,0,0,0,0,0,0,-1,-1,0,0,0,0,0,0,0,0,0,0,0,0,0,0,0,0,0,0,0,0,0,0,0,0,0,0,0,0,0,0,0,0,0,0,0,0,0,0,0,0,0,0,0,0,0,0,0,0,0,0,0,0,0,0,0,0,0,0,0,0,0,0,0,0,0,0,0,0,0,0,0,-1,0,-1,-1,0,0,0,0,0,0,0
-1,-1,-1,-1,-1,0.86,0.88,0.873333333333333,0.86,-1,-1,0.919999999999999,0.9,0.9,0.993333333333333,0.973333333333333,0.98,0.98,0.973333333333333,0.96,0.96,-1,-1,-1,-1,-1,0.96,0.946666666666667,-1,-1,-1,-1,-1,0.973333333333333,0.986666666666667,0.973333333333333,0.973333333333333,0.986666666666667,0.973333333333333,0.993333333333333,0.986666666666667,0.993333333333333,0.993333333333333,1,1,0.993333333333333,0.98,0.953333333333333,0.953333333333333,0.973333333333333,0.98,0.966666666666667,0.766666666666666,0.753333333333333,0.733333333333333,0.733333333333334,0.666666666666667,0.713333333333333,0.626666666666667,0.673333333333333,0.646666666666667,0.613333333333333,0.626666666666666,0.52,0.54,-1,-1,-1,0.486666666666667,0.48,0.453333333333333,0.153333333333333,-1,-1,0.18,0.146666666666667,0.126666666666667,-1,-1,-1,-1,-1,-1,-1,-1,-1,-1,-1,0,0,0,0,0,0,0,0,0,0,0,0,0,0,0,0,0,0,0,0,0,0,0,0,0,-1,-1,-1,0,0,0,0,0,0,0,0,0,0,0,0,0,0,0,0,0,0,0,0,0,0,0,0,0,0,0,0,0,0,0,0,0,0,0,0,0,0,0,0,0,0,0,0,0,0,0,0,0,0,0,0,0,0,0,0,0,0,0,0,0,0,0,0,0,0,0,0,0,0,0,0,0,-1,0,0,0,-1,-1,-1,0,0,0,0
