0,0,0,0,0,0,0,0,0,0,0,0,0,0,0,0,0,0,0,0,0,0,0,0,0,0,0,0,0,0,0,-1,-1,-1,-1,-1,-1,0,0,0,0,0,0,0,0,0,-1,-1,0,0,0,0,0,0,0,0,0,-1,-1,0,0,0,0,-1,-1,0,-1,-1,-1,-1,0,0,0,0,0,0,0,0,0,0,0,0,0,0,0,0,0,0,0,-1,-1,0,0,0,0,0,0,-1,-1,-1,0,0,0,0,0,0,0,0,0,0,0,0,0,0,0,0,0,0,-1,-1,-1,-1,0,0,-1,-1,0,-1,-1,-1,-1,0,-1,0,-1,-1,-1,0,-1,-1,-1,-1,-1,-1,-1,-1,-1,-1,0,-1,-1,-1,0,-1,-1,-1,-1,-1,-1,-1,0,0,0,0,0,0,0,0,0,0,0,0,0,0,0,0,0,0,0,0,0,0,0,0,0,0,-1,-1,-1,0,0,-1,0,0,-1,-1,-1,-1,-1,0
0,0,0,0,0,0,0,0,0,0,0,0,0,0,0,0,0,0,0,0,0,0,0,0,0,0,0,0,0,0,0,0,-1,-1,-1,0,0,0,0,0,0,0,0,0,-1,-1,0,0,0,0,0,0,0,0,0,0,0,0,-1,0,0,0,0,0,-1,-1,-1,-1,0,0,0,0,-1,-1,0,0,0,0,0,-1,0,0,0,0,0,0,0,0,0,0,-1,0,0,0,0,-1,0,-1,0,0,0,0,0,0,0,0,0,0,0,-1,0,0,-1,-1,-1,0,0,0,0,0,-1,0,0,-1,-1,0,-1,-1,-1,-1,-1,-1,-1,0,0,0,0,0,-1,-1,-1,-1,-1,-1,0,-1,-1,-1,0,-1,-1,-1,0,0,0,0,0,0,0,0,0,0,0,0,0,0,0,0,0,0,0,0,0,0,0,0,-1,-1,-1,-1,-1,-1,-1,-1,-1,-1,-1,-1,-1,0,0,-1,0,0,-1,-1,-1,-1,-1,0
0,0,0,0,0,0,0,0,0,0,0,0,0,0,0,0,0,0,0,0,0,0,0,0,0,0,0,0,0,0,0,0,0,0,0,0,0,0,0,0,0,0,0,0,0,0,0,0,0,0,0,0,0,0,0,0,0,0,0,-1,0,0,0,0,0,-1,0,0,0,-1,-1,0,0,0,0,0,0,0,-1,-1,0,0,0,0,0,0,0,0,0,0,0,0,0,-1,-1,-1,-1,0,0,0,0,0,0,0,0,0,0,0,-1,-1,0,0,0,0,-1,-1,-1,0,0,0,0,0,0,-1,-1,0,-1,-1,-1,-1,-1,-1,-1,-1,-1,0,0,-1,-1,-1,0,-1,-1,-1,0,-1,-1,-1,0,-1,-1,-1,0,0,-1,-1,-1,0,0,0,0,0,0,0,0,0,0,0,0,0,0,0,0,0,0,-1,-1,-1,-1,-1,-1,-1,-1,-1,-1,-1,-1,-1,-1,0,0,0,0,0,0,0,0,0,0,0
0,0,0,0,0,0,0,0,0,0,0,0,0,0,0,0,0,0,0,0,0,0,0,0,0,0,0,0,0,0,0,0,0,0,0,0,0,0,0,0,-1,-1,0,-1,0,0,0,0,0,0,0,0,0,0,0,0,0,0,0,0,0,0,0,0,0,0,0,0,0,0,0,0,0,0,0,0,0,0,0,-1,-1,0,0,0,0,0,0,0,0,0,0,-1,-1,-1,-1,0,0,0,0,0,0,0,0,0,0,0,0,-1,-1,0,0,0,0,0,0,-1,-1,-1,-1,0,0,0,0,-1,0,0,0,-1,-1,-1,-1,-1,-1,-1,-1,-1,0,-1,-1,0,0,-1,-1,0,0,-1,-1,-1,0,-1,-1,-1,0,-1,-1,-1,-1,0,0,0,0,0,0,0,0,0,0,0,0,0,0,0,0,0,0,-1,-1,-1,-1,-1,-1,-1,-1,-1,-1,-1,-1,-1,-1,-1,-1,0,0,0,0,0,0,0,0,0
0,0,0,0,0,0,0,0,0,0,0,0,0,0,0,0,0,0,0,0,0,0,0,0,0,0,0,0,0,0,0,0,0,0,0,0,0,0,0,-1,0,-1,-1,0,0,0,0,0,0,0,0,0,0,0,0,0,0,0,0,0,0,0,0,0,0,-1,0,0,0,0,0,0,0,0,0,0,0,0,0,-1,-1,-1,0,0,0,0,0,0,0,-1,-1,-1,-1,0,0,0,0,0,0,0,0,0,0,0,0,0,-1,-1,0,0,0,0,-1,-1,-1,0,-1,0,-1,-1,-1,0,0,0,0,0,0,0,0,0,0,0,-1,-1,-1,0,0,-1,-1,-1,-1,-1,-1,0,0,-1,-1,-1,0,-1,-1,-1,0,-1,-1,-1,-1,-1,-1,-1,-1,0,0,0,0,0,0,0,0,0,0,0,0,0,0,0,-1,-1,-1,-1,-1,-1,0,0,0,0,0,0,0,0,0,0,0,0,0,0,0,0,0,0
0,0,0,0,0,0,0,0,0,0,0,0,0,0,0,0,0,0,0,0,0,0,0,0,0,0,0,0,0,0,0,0,0,0,0,0,0,0,0,0,-1,0,0,0,0,0,0,0,0,0,0,0,-1,-1,-1,0,0,0,0,0,0,0,0,0,0,0,0,0,0,0,0,0,0,0,0,0,0,0,0,0,-1,-1,-1,0,0,0,0,-1,-1,-1,-1,0,0,0,0,0,0,0,-1,-1,0,0,0,0,0,-1,-1,0,0,0,0,-1,-1,-1,-1,0,0,0,0,0,0,-1,-1,0,-1,-1,0,0,0,0,0,0,0,0,0,0,-1,-1,-1,-1,-1,-1,0,0,0,-1,-1,-1,0,-1,-1,-1,0,-1,-1,-1,0,0,0,0,0,0,0,0,0,0,0,0,0,0,0,0,0,0,0,0,0,0,0,0,0,0,0,0,0,0,0,0,0,0,0,0,0,0,0,0,0,0,-1,-1
0,0,0,0,0,0,0,0,0,0,0,0,0,0,0,0,0,0,0,0,0,0,0,0,0,0,0,0,0,0,0,0,0,0,0,0,0,0,-1,0,0,-1,0,0,0,0,0,0,0,0,-1,-1,-1,0,0,0,0,0,0,-1,0,0,0,0,0,0,0,0,0,0,0,0,0,0,0,0,0,0,0,0,0,0,0,0,0,-1,-1,-1,-1,0,0,0,0,0,0,0,-1,-1,0,0,0,0,0,0,0,0,0,0,0,-1,-1,-1,-1,-1,0,0,-1,-1,-1,0,0,-1,0,-1,-1,-1,-1,-1,0,0,-1,-1,0,0,0,0,0,0,0,0,-1,-1,0,-1,0,0,0,0,0,-1,-1,-1,-1,-1,-1,-1,0,0,0,0,0,0,0,-1,-1,-1,-1,-1,0,0,0,0,0,0,0,0,0,0,0,0,0,0,0,0,0,0,0,0,0,0,0,0,-1,0,-1,-1,-1,-1,-1,-1
0,0,0,0,0,0,0,0,0,0,0,0,0,0,0,0,0,0,0,0,0,0,0,0,-1,-1,0,0,0,0,0,0,0,0,0,0,0,0,-1,-1,0,0,0,0,0,0,0,0,-1,-1,-1,0,0,0,0,0,0,0,0,0,0,0,0,0,0,0,0,-1,-1,0,-1,-1,0,0,0,0,0,0,0,0,-1,0,0,-1,-1,-1,-1,0,0,0,0,0,0,0,-1,-1,0,0,0,0,0,0,0,-1,-1,0,0,0,-1,-1,-1,-1,0,0,-1,-1,-1,0,0,0,0,0,0,0,0,0,0,-1,0,0,-1,-1,-1,-1,-1,-1,0,0,0,0,0,0,0,0,0,0,0,0,0,0,0,0,0,0,0,0,0,0,0,0,0,0,0,0,0,0,0,0,0,0,0,0,0,0,0,0,0,0,0,0,0,0,0,0,0,0,0,0,0,0,-1,-1,-1,0,-1,-1,-1,-1,-1,-1
0,0,0,0,0,0,0,0,0,0,0,0,0,0,0,0,0,0,0,0,0,0,-1,-1,0,0,0,0,0,0,0,0,0,0,0,0,0,0,0,0,0,0,0,0,-1,0,-1,-1,-1,0,0,0,0,0,0,-1,-1,-1,0,0,0,0,0,0,0,-1,-1,-1,-1,-1,-1,0,0,0,0,-1,-1,0,0,0,-1,-1,0,0,-1,0,0,0,0,0,0,0,0,0,0,0,0,0,0,0,0,0,0,0,0,0,-1,-1,-1,-1,0,0,0,0,-1,0,0,0,0,0,0,0,0,-1,-1,-1,0,0,0,0,-1,0,-1,-1,-1,-1,-1,-1,0,0,0,0,0,0,0,0,0,0,0,0,0,0,0,0,0,0,0,0,0,0,0,0,0,0,0,0,0,0,0,0,0,0,0,0,0,0,0,0,0,-1,-1,-1,-1,0,0,0,0,0,0,0,0,0,0,0,0,0,0,0,0,-1
0,0,0,0,0,0,0,0,0,0,0,0,0,0,0,0,0,0,0,0,-1,-1,0,0,0,0,0,0,0,0,0,0,0,0,0,0,0,0,0,0,0,0,0,0,0,0,0,0,0,0,0,0,0,0,0,-1,-1,-1,-1,0,0,0,0,-1,-1,-1,-1,-1,0,0,0,0,0,-1,-1,-1,0,0,0,0,0,-1,0,0,0,0,0,0,0,0,0,0,0,0,0,0,0,0,0,0,0,0,0,0,0,0,0,-1,-1,0,-1,0,0,0,0,0,-1,-1,-1,-1,-1,0,0,0,-1,-1,-1,0,0,0,-1,-1,-1,-1,-1,0,-1,-1,0,-1,0,0,0,0,0,0,0,0,0,0,0,0,0,0,0,0,0,0,0,0,0,-1,-1,-1,-1,0,-1,-1,-1,-1,-1,-1,0,-1,-1,-1,-1,0,0,-1,-1,-1,-1,-1,0,0,0,0,0,0,0,-1,-1,-1,-1,-1,-1,-1,-1,-1
0,0,0,0,0,0,0,0,0,0,0,0,0,0,0,0,0,0,0,0,0,0,0,0,0,0,0,0,0,0,0,0,0,0,0,0,0,0,0,0,0,0,0,0,0,0,-1,0,0,0,0,0,0,0,0,0,-1,-1,-1,0,0,0,-1,-1,-1,-1,0,0,0,0,0,0,-1,-1,0,0,0,0,0,0,0,0,-1,0,0,0,0,0,0,0,0,0,0,0,0,0,0,0,0,0,0,0,0,0,0,0,0,0,0,-1,-1,-1,-1,-1,-1,-1,-1,-1,-1,-1,-1,0,0,0,-1,-1,0,0,0,-1,-1,-1,-1,-1,-1,-1,-1,0,0,-1,-1,0,0,-1,-1,-1,-1,-1,-1,-1,0,0,-1,-1,-1,-1,-1,-1,-1,-1,-1,-1,-1,-1,-1,0,-1,-1,-1,-1,-1,-1,0,-1,-1,-1,-1,-1,0,-1,-1,-1,0,0,0,0,0,0,0,0,0,-1,-1,-1,-1,-1,-1,-1,-1,-1
0,0,0,0,0,0,0,0,0,0,0,0,0,0,0,0,0,0,0,0,0,0,0,0,0,0,0,0,0,0,0,0,0,0,0,0,0,0,0,0,0,0,0,0,0,0,0,0,0,0,0,0,0,0,0,0,0,-1,-1,-1,0,0,0,-1,0,0,0,0,0,0,-1,-1,0,0,0,0,0,0,0,0,0,0,-1,-1,0,0,0,0,0,0,0,0,0,0,0,0,0,0,0,-1,-1,-1,-1,0,0,0,0,0,0,0,0,-1,-1,-1,-1,-1,-1,-1,-1,-1,-1,-1,0,0,-1,-1,0,0,0,-1,-1,-1,-1,-1,-1,-1,0,0,0,-1,-1,0,0,-1,-1,-1,-1,-1,-1,-1,0,0,-1,-1,-1,-1,-1,-1,-1,-1,-1,-1,-1,-1,-1,0,-1,-1,-1,-1,-1,-1,0,0,0,0,0,0,0,-1,-1,-1,-1,-1,0,0,0,0,0,0,0,-1,-1,-1,-1,-1,-1,-1,-1,-1
0,0,0,0,0,0,0,0,0,0,0,0,0,0,0,0,0,0,0,0,0,0,0,0,0,0,0,-1,0,0,0,0,0,0,0,0,0,0,0,0,0,0,0,0,0,0,0,0,0,0,0,0,0,0,0,0,0,-1,-1,0,0,0,0,0,0,0,0,0,0,-1,0,0,0,0,0,0,0,0,0,0,0,0,0,-1,0,0,0,0,0,0,0,0,0,0,0,0,0,0,0,-1,0,0,0,0,0,0,0,0,0,-1,-1,-1,-1,-1,-1,-1,-1,0,0,0,0,0,0,-1,0,0,0,0,0,-1,-1,-1,-1,-1,-1,-1,0,0,-1,-1,-1,0,0,0,0,0,0,0,0,0,0,0,-1,-1,-1,-1,-1,-1,-1,-1,-1,-1,-1,-1,-1,0,0,0,0,0,0,-1,0,-1,-1,-1,-1,0,0,-1,-1,-1,-1,-1,0,-1,-1,-1,0,0,0,-1,-1,-1,-1,-1,-1,-1,-1,-1
0,0,0,0,0,0,0,0,0,0,0,0,0,0,0,0,0,0,0,0,0,0,0,0,0,-1,-1,-1,0,0,0,0,0,0,0,0,0,0,0,0,0,0,0,0,0,0,0,0,0,0,0,0,0,0,0,0,0,0,0,0,0,0,0,0,0,-1,-1,0,0,0,0,0,0,0,0,0,0,0,0,0,0,0,0,0,0,0,0,0,0,0,0,0,0,0,0,0,0,0,0,0,0,0,0,0,0,0,0,0,0,0,0,0,0,0,0,0,0,0,0,0,0,0,0,-1,0,0,0,0,-1,-1,-1,-1,-1,-1,-1,-1,0,0,-1,-1,0,0,0,0,0,0,0,0,0,0,-1,-1,-1,-1,-1,-1,-1,-1,-1,-1,-1,-1,-1,-1,-1,0,0,0,-1,-1,-1,-1,0,-1,-1,-1,-1,0,0,-1,-1,-1,-1,-1,0,-1,-1,-1,0,0,0,-1,-1,-1,-1,-1,-1,-1,-1,-1
0,0,0,0,0,0,0,0,0,0,0,0,0,0,0,0,0,0,0,0,0,0,0,0,0,-1,0,0,0,0,0,0,0,0,0,0,0,0,0,0,0,0,0,0,0,0,0,0,0,0,0,0,0,0,0,0,0,0,0,0,0,-1,-1,-1,-1,-1,-1,-1,-1,0,0,0,0,0,0,0,0,0,0,0,0,0,0,0,0,0,0,0,0,0,0,0,0,0,-1,-1,-1,0,0,0,0,0,0,0,0,-1,0,0,0,0,0,0,0,0,0,0,-1,-1,-1,-1,0,0,0,-1,-1,0,0,0,-1,-1,-1,-1,-1,-1,-1,0,0,0,-1,-1,0,0,0,0,0,0,0,0,0,0,-1,-1,-1,-1,-1,-1,-1,-1,-1,-1,-1,-1,-1,-1,-1,0,0,0,0,0,0,0,0,-1,-1,-1,-1,0,0,-1,-1,-1,-1,-1,0,0,-1,-1,-1,-1,-1,-1,-1,-1,-1,-1,-1,-1,-1,-1
0,0,0,0,0,0,0,0,0,0,0,0,0,0,0,0,0,0,0,0,0,-1,-1,0,0,0,0,0,0,0,0,0,0,0,0,0,0,0,0,0,0,0,0,0,0,0,0,0,0,0,0,0,0,0,0,0,0,0,0,-1,-1,-1,-1,-1,-1,-1,-1,-1,-1,0,0,0,-1,-1,-1,-1,-1,-1,-1,0,0,0,0,0,0,0,0,0,0,0,-1,-1,-1,0,-1,-1,-1,-1,0,0,0,0,0,0,0,-1,-1,-1,-1,-1,-1,-1,-1,-1,-1,-1,-1,-1,-1,-1,0,0,0,0,0,0,0,0,-1,-1,-1,-1,-1,-1,-1,0,0,0,-1,-1,0,0,0,-1,-1,-1,-1,-1,0,0,0,0,0,-1,-1,0,-1,0,0,0,-1,-1,-1,-1,-1,-1,-1,-1,-1,-1,-1,0,0,-1,-1,-1,-1,0,0,-1,-1,-1,-1,-1,0,0,-1,-1,-1,-1,-1,-1,-1,-1,-1,-1,-1,-1,-1,-1
0,0,0,0,0,0,0,0,0,0,0,0,0,0,0,0,0,0,0,0,-1,-1,0,0,0,0,0,0,0,0,0,0,0,0,0,0,0,0,0,0,0,0,0,0,0,0,0,0,0,0,0,0,0,0,0,0,0,0,0,0,-1,-1,-1,-1,-1,-1,-1,-1,-1,-1,0,0,-1,-1,-1,-1,-1,-1,-1,0,0,0,0,0,0,0,0,0,-1,-1,-1,-1,-1,-1,-1,-1,-1,-1,0,0,0,0,0,0,0,-1,-1,-1,-1,-1,-1,-1,-1,-1,-1,-1,-1,-1,-1,-1,0,0,0,0,-1,-1,-1,0,0,-1,0,-1,-1,-1,-1,0,0,0,0,0,0,0,0,-1,-1,-1,-1,-1,-1,-1,-1,-1,-1,-1,-1,0,-1,0,-1,-1,-1,-1,-1,-1,-1,-1,-1,-1,-1,-1,-1,0,0,-1,-1,0,0,0,0,-1,-1,-1,-1,-1,0,0,-1,-1,-1,-1,-1,-1,-1,-1,-1,-1,-1,-1,-1,-1
0,0,0,0,0,0,0,0,0,0,0,0,0,0,0,0,0,0,-1,-1,-1,0,0,0,0,0,0,0,0,0,0,0,0,0,0,0,0,0,0,0,0,0,0,0,0,0,0,0,0,0,-1,-1,-1,-1,-1,-1,-1,0,0,0,-1,-1,-1,-1,0,0,0,0,0,0,0,0,0,0,0,0,0,0,0,0,0,0,0,0,0,0,0,0,-1,-1,-1,-1,-1,0,0,0,0,-1,-1,0,0,0,-1,-1,0,-1,-1,-1,-1,-1,-1,-1,-1,-1,-1,-1,-1,-1,-1,-1,0,0,0,0,0,0,0,0,0,0,0,-1,-1,-1,0,-1,-1,-1,0,0,-1,-1,-1,-1,-1,-1,-1,-1,-1,-1,-1,-1,-1,-1,-1,-1,-1,-1,0,-1,-1,-1,-1,-1,-1,-1,-1,-1,-1,-1,-1,0,0,-1,-1,-1,-1,0,0,-1,-1,-1,-1,-1,0,0,-1,-1,-1,-1,-1,-1,-1,-1,-1,-1,-1,-1,-1,-1
0,0,0,0,0,0,0,0,0,0,0,0,0,0,0,0,-1,-1,-1,0,0,0,0,0,0,0,0,0,0,0,0,0,0,0,0,0,0,0,0,0,0,0,0,0,-1,-1,-1,0,0,0,-1,-1,-1,-1,-1,-1,-1,0,0,0,0,0,0,0,0,0,0,0,0,0,0,0,0,0,0,0,0,0,0,0,0,0,0,0,0,0,-1,0,-1,-1,-1,-1,0,0,-1,-1,-1,-1,-1,0,-1,-1,-1,-1,-1,-1,-1,0,-1,-1,-1,-1,-1,-1,-1,-1,-1,-1,-1,-1,-1,0,0,0,-1,-1,0,0,-1,-1,-1,-1,0,0,-1,0,-1,-1,0,-1,-1,0,-1,-1,-1,-1,-1,-1,-1,-1,-1,-1,-1,-1,-1,-1,0,0,0,-1,-1,-1,-1,-1,-1,-1,-1,-1,-1,-1,-1,0,0,0,-1,-1,-1,0,0,-1,-1,-1,-1,-1,0,0,-1,-1,-1,-1,-1,-1,-1,-1,-1,-1,-1,-1,-1,-1
0,0,0,0,0,0,0,0,0,0,0,0,0,0,-1,-1,0,0,0,0,0,0,0,0,0,0,0,0,0,0,0,0,0,0,0,0,0,-1,-1,-1,-1,-1,-1,-1,-1,-1,-1,0,0,0,0,0,0,0,0,0,0,0,0,0,0,0,0,0,0,0,0,0,0,0,0,0,0,0,0,0,0,0,0,0,0,0,0,0,-1,-1,-1,0,0,-1,0,-1,-1,-1,-1,-1,0,0,-1,-1,-1,-1,-1,-1,-1,0,-1,0,-1,-1,-1,-1,0,-1,-1,-1,-1,-1,-1,-1,-1,0,0,0,-1,-1,0,0,0,0,0,0,0,0,0,0,0,0,0,0,0,0,-1,-1,-1,-1,-1,-1,-1,-1,-1,-1,-1,-1,-1,-1,0,0,0,-1,-1,-1,-1,-1,-1,-1,-1,-1,-1,-1,-1,-1,0,-1,-1,-1,-1,0,0,-1,-1,-1,-1,-1,0,0,0,0,0,0,0,-1,-1,-1,-1,-1,-1,-1,-1,-1
0,0,0,0,0,0,0,0,0,0,0,0,0,0,-1,0,0,0,0,0,0,0,0,0,0,0,-1,-1,-1,-1,-1,-1,-1,-1,-1,0,0,-1,-1,0,0,0,0,0,0,0,0,0,0,0,0,0,0,0,0,0,0,0,0,0,0,0,0,0,0,0,0,0,0,0,0,0,0,0,0,0,0,0,0,0,0,0,0,-1,-1,-1,0,0,0,0,-1,-1,0,0,0,-1,-1,-1,-1,-1,0,0,-1,-1,-1,-1,-1,0,-1,-1,-1,-1,-1,-1,-1,-1,-1,-1,-1,-1,0,0,0,0,-1,-1,0,0,0,0,0,-1,-1,-1,-1,-1,-1,-1,-1,-1,0,0,-1,-1,-1,-1,0,-1,-1,-1,-1,-1,-1,-1,-1,-1,0,0,0,-1,-1,-1,-1,-1,-1,-1,-1,-1,-1,-1,-1,-1,0,-1,-1,-1,-1,0,0,-1,-1,-1,-1,-1,0,0,0,-1,-1,0,0,-1,-1,-1,-1,-1,-1,-1,-1,-1
0,0,0,0,0,0,0,0,0,0,0,0,0,0,0,0,0,0,0,0,0,0,0,0,-1,-1,-1,-1,-1,0,0,0,0,0,0,0,0,0,0,0,0,0,0,0,0,0,0,0,0,0,0,-1,-1,-1,-1,-1,-1,0,0,0,0,0,0,0,0,0,0,0,0,0,0,0,0,0,0,0,0,0,0,0,0,0,-1,-1,0,0,0,0,0,0,0,0,0,0,-1,-1,-1,-1,-1,-1,0,0,0,-1,0,0,-1,-1,-1,0,0,0,-1,-1,-1,-1,-1,-1,-1,-1,-1,0,0,0,0,-1,-1,-1,-1,-1,-1,-1,-1,-1,-1,-1,-1,-1,-1,-1,0,0,-1,-1,-1,-1,-1,-1,-1,-1,-1,-1,-1,-1,-1,-1,0,0,0,-1,-1,-1,-1,-1,-1,-1,-1,-1,-1,-1,-1,-1,0,-1,-1,-1,-1,0,0,-1,-1,-1,-1,-1,0,0,0,-1,-1,0,0,-1,-1,-1,-1,-1,-1,-1,-1,-1
0,0,0,0,0,0,0,0,0,0,0,0,0,0,0,0,0,0,0,0,0,0,0,0,0,0,0,0,0,0,0,0,0,0,0,0,0,0,0,0,0,0,0,0,0,0,0,0,0,0,0,-1,-1,-1,-1,-1,-1,0,0,0,0,0,0,0,0,0,0,0,0,0,0,0,0,0,-1,-1,0,0,0,0,0,0,0,0,0,0,0,0,0,0,0,0,0,0,-1,-1,-1,-1,-1,0,0,0,-1,-1,-1,0,-1,-1,-1,-1,-1,-1,-1,-1,-1,-1,-1,-1,-1,-1,-1,0,0,0,0,-1,-1,-1,-1,-1,-1,-1,-1,-1,-1,-1,-1,-1,-1,-1,0,0,-1,-1,-1,-1,-1,-1,-1,-1,-1,-1,-1,0,0,-1,0,0,0,-1,-1,-1,-1,-1,-1,-1,-1,-1,-1,-1,-1,-1,0,0,-1,-1,-1,-1,0,0,0,0,0,0,0,0,0,-1,-1,0,0,-1,-1,-1,-1,-1,-1,-1,-1,-1
0,0,0,0,0,0,0,0,0,0,0,0,0,0,0,0,0,0,0,0,0,0,0,0,0,0,0,0,0,0,0,0,0,0,0,0,0,0,0,0,0,0,0,0,0,0,0,0,0,0,0,0,0,0,0,0,0,0,0,0,0,0,0,0,0,0,0,0,0,0,0,0,0,-1,-1,0,0,0,0,0,0,0,0,0,0,0,0,-1,-1,-1,-1,0,0,0,0,0,0,0,0,0,0,0,-1,-1,-1,0,-1,-1,-1,-1,-1,-1,-1,-1,-1,-1,-1,-1,-1,-1,-1,0,0,0,0,-1,-1,-1,-1,-1,-1,-1,-1,-1,-1,-1,-1,-1,-1,-1,0,0,-1,0,0,-1,-1,-1,-1,-1,-1,-1,-1,-1,-1,-1,0,0,0,-1,-1,-1,-1,-1,-1,-1,-1,-1,-1,-1,-1,-1,0,0,0,-1,-1,-1,-1,-1,-1,-1,-1,-1,-1,0,0,-1,-1,0,0,-1,-1,-1,-1,-1,-1,-1,-1,-1
0,0,0,0,0,0,0,0,0,0,0,0,0,0,0,0,0,0,0,0,0,0,0,0,0,0,0,0,0,0,0,0,0,0,0,0,0,0,0,0,0,0,0,0,0,0,0,0,0,0,0,0,0,0,0,0,0,0,0,0,0,0,0,0,0,0,0,0,0,0,0,-1,-1,-1,0,0,0,0,0,0,0,0,0,0,0,0,-1,0,-1,-1,-1,0,0,0,0,0,0,0,0,0,0,0,-1,-1,-1,-1,0,-1,-1,-1,-1,-1,-1,-1,-1,-1,-1,-1,-1,-1,-1,0,0,0,0,-1,-1,-1,-1,-1,-1,-1,-1,-1,-1,-1,-1,-1,-1,-1,0,0,-1,-1,-1,-1,-1,-1,-1,-1,-1,-1,-1,-1,-1,-1,-1,0,0,-1,-1,-1,-1,-1,-1,-1,-1,-1,-1,-1,-1,-1,0,0,0,-1,-1,-1,-1,-1,-1,-1,-1,-1,-1,0,0,0,0,0,0,-1,-1,-1,-1,-1,-1,-1,-1,-1
0,0,0,0,0,0,0,0,0,0,0,0,0,0,0,0,0,0,0,0,0,0,0,0,0,0,0,0,0,0,0,0,0,0,0,0,0,0,0,0,0,0,0,0,0,0,0,0,0,0,0,-1,-1,-1,-1,-1,-1,-1,0,0,0,0,0,0,0,0,0,0,0,0,-1,-1,-1,0,0,0,0,0,0,0,0,0,0,0,0,0,0,-1,0,0,0,0,0,0,0,-1,-1,-1,-1,-1,-1,-1,-1,-1,-1,-1,0,-1,-1,-1,-1,-1,-1,-1,-1,-1,-1,-1,-1,-1,-1,-1,0,0,0,-1,-1,-1,-1,-1,-1,-1,-1,-1,-1,-1,-1,-1,-1,-1,0,0,-1,-1,-1,-1,-1,-1,-1,-1,-1,-1,-1,-1,-1,-1,-1,0,0,0,-1,-1,-1,-1,-1,-1,-1,-1,-1,-1,-1,-1,0,0,0,-1,-1,-1,-1,-1,-1,-1,-1,0,0,0,-1,-1,0,0,0,0,0,0,0,0,0,0,0,0
0,0,0,0,0,0,0,0,0,0,0,0,0,0,0,0,0,0,0,0,0,0,0,0,0,0,0,0,0,0,0,0,0,0,0,0,0,0,0,0,0,0,0,0,0,0,0,0,0,0,0,0,-1,-1,-1,-1,-1,-1,0,0,0,0,0,0,0,0,0,0,-1,-1,-1,0,0,0,0,0,0,0,0,0,0,0,0,-1,-1,-1,0,0,0,0,0,0,0,-1,-1,-1,-1,-1,-1,-1,-1,-1,-1,-1,-1,-1,0,-1,0,-1,-1,-1,-1,-1,-1,-1,-1,-1,-1,-1,-1,-1,0,0,0,-1,-1,-1,-1,-1,-1,-1,-1,-1,-1,-1,-1,-1,-1,-1,0,0,0,-1,-1,-1,-1,-1,-1,-1,-1,-1,-1,-1,-1,-1,-1,0,0,0,-1,-1,-1,-1,-1,-1,-1,-1,-1,0,0,-1,-1,0,-1,-1,-1,-1,-1,-1,-1,-1,-1,-1,-1,-1,-1,-1,-1,0,0,0,0,0,0,0,0,0,0,0
0,0,0,0,0,0,0,0,0,0,0,0,0,0,0,0,0,0,0,0,0,0,0,0,0,0,0,0,0,0,-1,-1,0,0,-1,0,0,0,0,0,0,0,0,0,0,0,0,0,0,0,0,0,0,0,0,0,0,0,0,0,0,0,0,0,0,0,0,-1,-1,-1,0,0,0,0,0,0,0,0,0,-1,-1,-1,-1,-1,-1,-1,0,0,0,0,0,0,0,-1,-1,-1,-1,-1,-1,-1,-1,-1,-1,-1,-1,-1,-1,0,-1,-1,-1,-1,-1,-1,-1,-1,-1,-1,-1,-1,-1,-1,0,0,0,-1,-1,-1,-1,-1,-1,-1,-1,-1,-1,-1,-1,-1,-1,-1,-1,0,0,-1,-1,-1,-1,-1,-1,-1,-1,-1,-1,-1,-1,-1,-1,0,0,0,0,-1,-1,-1,-1,-1,-1,-1,-1,-1,-1,-1,-1,0,-1,-1,-1,-1,-1,-1,-1,-1,-1,-1,-1,-1,-1,-1,-1,0,0,0,0,0,0,0,0,0,0,0
0,0,0,0,0,0,0,0,0,0,0,0,0,0,0,0,0,0,0,0,0,0,0,0,0,0,-1,-1,-1,-1,-1,-1,-1,-1,-1,0,0,0,0,0,0,0,0,0,-1,-1,0,0,0,0,0,0,0,0,0,0,0,0,0,0,0,0,0,0,0,0,0,0,0,0,0,0,0,0,-1,-1,-1,-1,-1,-1,-1,-1,-1,-1,-1,0,0,0,-1,0,0,0,0,0,-1,-1,-1,-1,-1,-1,-1,-1,-1,-1,-1,-1,-1,0,-1,-1,-1,-1,-1,-1,-1,-1,-1,-1,-1,-1,-1,-1,0,0,0,-1,-1,-1,-1,-1,-1,-1,-1,-1,-1,-1,-1,-1,-1,-1,-1,0,0,-1,-1,-1,-1,-1,-1,-1,-1,-1,-1,-1,-1,-1,-1,0,0,0,0,-1,-1,-1,-1,-1,-1,-1,-1,-1,-1,-1,-1,0,-1,-1,-1,-1,-1,-1,-1,-1,-1,-1,-1,-1,-1,-1,-1,-1,0,0,0,0,0,0,0,0,0,0
0,0,0,0,0,0,0,0,0,0,0,0,0,0,0,0,0,0,0,0,0,0,0,0,-1,-1,-1,-1,-1,-1,0,0,0,0,0,0,0,0,0,0,0,0,0,0,0,0,0,0,0,0,0,0,0,0,0,0,0,0,0,0,0,0,0,0,0,0,0,0,0,0,0,0,0,-1,-1,-1,-1,-1,-1,-1,-1,0,0,0,0,0,0,0,-1,-1,0,0,0,0,-1,-1,-1,-1,-1,-1,-1,-1,-1,-1,-1,-1,-1,0,-1,-1,-1,-1,-1,-1,-1,-1,-1,-1,-1,-1,-1,-1,0,0,0,0,-1,-1,-1,-1,-1,-1,-1,-1,-1,-1,-1,-1,0,0,0,0,0,-1,-1,-1,-1,-1,-1,-1,-1,-1,-1,-1,-1,-1,-1,0,0,0,0,-1,-1,0,0,0,-1,-1,-1,-1,-1,-1,-1,0,-1,-1,-1,-1,-1,-1,-1,-1,-1,-1,-1,-1,-1,-1,-1,-1,0,0,0,0,0,0,0,0,0,0
0,0,0,0,0,0,0,0,0,0,0,0,0,0,0,0,0,0,0,0,0,0,0,0,0,0,0,0,0,0,0,0,0,0,0,0,0,0,0,0,0,0,0,0,0,0,0,0,0,0,0,0,0,0,0,0,0,0,0,0,0,0,0,0,0,0,0,0,0,0,0,0,0,-1,-1,-1,-1,0,0,0,0,0,0,0,0,0,0,0,-1,0,0,0,0,0,-1,-1,-1,-1,-1,-1,-1,-1,-1,-1,-1,-1,-1,0,-1,-1,-1,-1,-1,-1,-1,-1,-1,-1,-1,-1,-1,-1,0,0,0,0,-1,-1,-1,-1,-1,-1,-1,-1,-1,-1,-1,-1,0,0,0,0,0,-1,-1,-1,-1,-1,-1,-1,-1,-1,-1,-1,-1,-1,-1,0,0,0,-1,-1,-1,-1,-1,-1,-1,-1,-1,-1,-1,-1,-1,0,-1,-1,-1,-1,-1,-1,-1,-1,-1,-1,-1,-1,-1,-1,-1,-1,0,0,0,0,0,0,0,0,0,0
0,0,0,0,0,0,0,0,0,0,0,0,0,0,0,0,0,0,0,0,0,0,0,0,0,0,0,0,0,0,0,0,0,0,0,0,0,0,0,0,0,0,0,0,0,0,0,0,0,0,0,0,0,0,0,0,0,0,0,0,0,0,0,-1,-1,-1,0,0,0,0,0,0,0,0,0,0,0,0,0,0,0,0,0,0,0,0,0,0,-1,-1,-1,-1,-1,0,-1,-1,-1,-1,-1,-1,-1,-1,-1,-1,-1,-1,-1,0,0,-1,-1,-1,-1,-1,-1,-1,-1,-1,-1,-1,-1,-1,0,0,0,0,-1,-1,-1,-1,-1,-1,-1,-1,-1,-1,-1,-1,-1,-1,-1,0,0,-1,-1,-1,-1,-1,-1,-1,-1,-1,-1,-1,-1,-1,-1,0,0,0,-1,-1,-1,-1,-1,-1,-1,-1,-1,-1,-1,-1,-1,0,0,0,-1,-1,-1,-1,-1,-1,-1,-1,-1,-1,-1,-1,-1,-1,0,-1,0,-1,-1,0,0,0,0,0
0,0,0,0,0,0,0,0,0,0,0,0,0,0,0,0,0,0,0,0,0,0,0,0,0,0,0,0,0,0,0,0,0,0,0,0,0,0,0,0,0,0,0,0,0,0,0,0,0,0,0,0,0,0,0,0,0,0,0,0,0,0,-1,0,0,-1,-1,-1,0,0,0,0,0,0,0,0,0,0,0,0,0,0,0,0,0,0,0,-1,-1,-1,-1,-1,-1,0,-1,-1,-1,-1,-1,-1,0,0,0,0,0,-1,-1,-1,0,-1,-1,-1,-1,-1,-1,-1,-1,-1,-1,-1,-1,-1,-1,0,0,0,-1,-1,-1,-1,-1,-1,-1,-1,-1,-1,-1,-1,-1,-1,-1,0,0,-1,-1,-1,-1,-1,-1,-1,-1,-1,-1,-1,-1,-1,-1,-1,0,0,0,-1,-1,-1,-1,-1,-1,-1,-1,-1,-1,-1,-1,0,0,0,-1,-1,-1,-1,-1,-1,-1,-1,-1,-1,-1,-1,-1,-1,0,0,0,0,0,0,0,0,0,0
0,0,0,0,0,0,0,0,0,0,0,0,0,0,0,0,0,0,0,0,0,0,0,0,0,0,0,0,0,0,0,0,0,0,0,0,0,0,0,0,0,0,0,0,0,0,0,0,0,0,0,0,0,0,0,0,0,0,0,0,0,0,0,-1,-1,0,0,0,0,0,0,-1,-1,0,0,0,0,0,0,0,0,0,-1,-1,-1,0,0,0,-1,-1,-1,-1,-1,0,0,0,0,0,-1,-1,-1,-1,-1,-1,-1,-1,-1,-1,0,0,-1,-1,-1,-1,-1,-1,-1,-1,-1,-1,-1,-1,-1,0,0,0,-1,-1,-1,-1,-1,-1,-1,-1,-1,-1,-1,-1,-1,-1,-1,0,0,0,-1,-1,-1,-1,-1,-1,-1,-1,-1,-1,-1,-1,-1,-1,0,0,0,-1,-1,-1,-1,-1,-1,-1,-1,-1,-1,-1,-1,0,0,0,-1,-1,-1,-1,-1,-1,-1,-1,-1,-1,-1,-1,-1,0.02,0.01,0.01,0,0.03,0.01,0,0.01,0.01,0.01,0.01
0,0,0,0,0,0,0,0,0,0,0,0,0,0,0,0,0,0,0,0,0,0,0,0,0,0,0,0,0,0,0,0,0,0,0,0,0,0,0,0,0,0,0,0,0,0,0,0,0,0,0,0,0,0,0,0,0,0,0,0,0,0,0,0,0,0,0,0,0,0,0,-1,-1,-1,0,0,0,-1,-1,-1,-1,-1,-1,-1,-1,-1,0,-1,-1,-1,-1,-1,-1,0,0,0,-1,-1,-1,-1,-1,-1,-1,-1,-1,-1,-1,-1,-1,0,-1,-1,-1,-1,-1,-1,-1,-1,-1,-1,-1,-1,-1,0,0,0,-1,-1,-1,-1,-1,-1,-1,-1,-1,-1,-1,-1,-1,-1,-1,-1,0,0,-1,-1,-1,-1,-1,-1,-1,-1,-1,-1,-1,-1,-1,-1,0,0,0,-1,-1,-1,-1,-1,-1,-1,-1,-1,-1,-1,-1,-1,-1,-1,-1,-1,-1,-1,-1,-1,-1,-1,-1,-1,-1,-1,-1,-1,-1,-1,-1,-1,-1,-1,-1,-1,-1,-1
0,0,0,0,0,0,0,0,0,0,0,0,0,0,0,0,0,0,0,0,0,0,0,0,0,0,0,0,0,0,0,0,0,0,0,0,0,0,0,0,0,0,0,0,0,0,0,0,0,0,0,0,0,0,0,0,0,0,0,0,0,0,0,0,0,0,0,0,0,0,0,0,-1,-1,0,0,-1,-1,-1,-1,-1,0,0,0,0,0,0,-1,-1,-1,-1,-1,-1,0,0,0,-1,-1,-1,-1,-1,-1,-1,-1,-1,-1,-1,-1,-1,0,-1,-1,-1,-1,-1,-1,-1,-1,-1,-1,-1,-1,-1,0,0,0,-1,-1,-1,-1,-1,-1,-1,-1,-1,-1,-1,-1,-1,-1,-1,-1,0,0,-1,-1,-1,-1,-1,-1,-1,-1,-1,-1,-1,-1,-1,-1,0,0,0,-1,-1,-1,-1,-1,-1,-1,-1,-1,-1,-1,-1,-1,-1,-1,-1,-1,-1,-1,-1,-1,-1,-1,-1,-1,-1,-1,-1,-1,-1,-1,-1,-1,-1,-1,-1,-1,-1,-1
0,0,0,0,0,0,0,0,0,0,0,0,0,0,0,0,0,0,0,0,0,0,0,0,0,0,0,0,0,0,0,0,0,0,0,0,0,0,0,0,0,0,0,0,0,0,0,0,0,0,0,0,0,0,0,0,0,0,0,0,0,0,0,0,0,0,0,0,0,0,0,0,0,-1,-1,0,-1,0,0,0,0,0,0,0,0,0,0,-1,-1,-1,-1,-1,-1,0,0,0,-1,-1,-1,-1,-1,-1,-1,-1,-1,-1,-1,-1,-1,0,-1,-1,-1,-1,-1,-1,-1,-1,-1,-1,-1,-1,-1,0,0,0,-1,-1,-1,-1,-1,-1,-1,-1,-1,-1,-1,-1,0,0,-1,0,0,0,-1,-1,-1,-1,-1,-1,-1,-1,-1,-1,-1,-1,-1,-1,0,0,0,-1,-1,-1,-1,-1,-1,-1,-1,-1,-1,-1,-1,-1,0,-1,-1,-1,-1,-1,-1,-1,-1,-1,-1,-1,-1,-1,0,-1,-1,-1,-1,-1,-1,-1,-1,-1,-1,-1
0,0,0,0,0,0,0,0,0,0,0,0,0,0,0,0,0,0,0,0,0,0,0,0,0,0,0,0,0,0,0,0,0,0,0,0,0,0,0,0,0,0,0,0,0,0,0,0,0,0,0,0,0,0,0,0,0,0,0,0,0,0,0,0,0,0,0,0,0,0,0,0,0,-1,-1,0,-1,0,0,0,0,0,0,0,0,0,0,-1,-1,-1,-1,-1,-1,-1,0,0,0,-1,-1,-1,-1,-1,-1,-1,-1,-1,-1,-1,-1,0,-1,-1,-1,-1,-1,-1,-1,-1,-1,-1,-1,-1,-1,0,0,0,0,0,0,-1,-1,-1,-1,-1,-1,-1,-1,-1,-1,-1,-1,-1,0,0,-1,-1,-1,-1,-1,-1,-1,-1,-1,-1,-1,-1,-1,-1,0,0,0,-1,-1,-1,-1,-1,-1,-1,-1,-1,-1,-1,-1,-1,0.01,-1,0.01,0,0.01,0,0,0.01,0.01,0,0,0,0,0,0,0.01,0.02,-1,-1,-1,-1,-1,-1,-1,-1,-1
0,0,0,0,0,0,0,0,0,0,0,0,0,0,0,0,0,0,0,0,0,0,0,0,0,0,0,0,0,0,0,0,0,0,0,0,0,0,0,0,0,0,0,0,0,0,0,0,0,0,0,0,0,0,0,0,0,0,0,0,0,0,0,0,0,0,0,0,0,0,0,0,0,0,0,-1,-1,0,0,0,0,0,0,0,0,0,0,-1,-1,-1,-1,0,0,0,0,0,0,-1,-1,-1,-1,-1,-1,-1,-1,-1,-1,-1,-1,0,-1,-1,-1,-1,-1,-1,-1,-1,-1,-1,-1,-1,-1,0,0,0,0,-1,-1,-1,-1,-1,-1,-1,-1,-1,-1,-1,-1,-1,-1,-1,0,0,-1,-1,-1,-1,-1,-1,-1,-1,-1,-1,-1,-1,-1,-1,0,0,0,-1,0,0,0,0,0,0,0,0,0,0.01,0.01,0.02,0,0.01,0.01,0.01,0.01,0.02,-1,-1,0.01,0,0,-1,-1,-1,-1,0.01,0.03,-1,-1,-1,-1,-1,-1,-1,-1,-1
-1,0,0,0,0,0,0,0,0,0,0,0,0,0,0,0,0,0,0,0,0,0,0,0,0,0,0,0,0,0,0,0,0,0,0,0,0,0,0,0,0,0,0,0,0,0,0,0,0,0,0,0,0,0,0,0,0,0,0,0,0,0,0,-1,-1,0,0,0,0,0,0,0,0,0,0,0,-1,0,0,0,0,0,0,0,0,0,0,-1,-1,0,0,0,0,0,0,0,0,-1,-1,-1,-1,-1,-1,-1,-1,-1,-1,-1,-1,-1,-1,-1,-1,-1,-1,-1,-1,-1,-1,-1,-1,-1,-1,-1,0,0,0,-1,-1,-1,-1,-1,-1,-1,-1,-1,-1,-1,-1,-1,-1,0,0,0,-1,-1,-1,-1,-1,-1,-1,-1,-1,-1,-1,-1,-1,-1,-1,0,0,0,0,0,0,0,0,0,0,0,0,0,0,-1,0,0.01,0.02,0.01,-1,-1,-1,-1,-1,-1,-1,-1,-1,-1,-1,0.04,-1,-1,-1,-1,-1,-1,-1,-1,-1,-1
-1,-1,-1,0,0,0,0,0,0,0,0,0,0,0,0,0,0,0,0,0,0,0,0,0,0,0,0,0,0,0,0,0,0,0,0,0,0,0,0,0,0,0,0,0,0,0,0,0,0,0,0,0,0,0,0,0,0,0,0,0,-1,-1,-1,-1,-1,-1,0,0,0,0,0,0,0,0,0,0,-1,0,0,0,0,-1,-1,-1,-1,-1,0,0,-1,-1,-1,-1,-1,-1,0,0,0,-1,-1,-1,-1,-1,-1,-1,-1,-1,-1,-1,-1,-1,0,-1,-1,-1,0,0,0,0,0,0,0,0,0,0,0,0,0,-1,-1,-1,-1,0,0,0,-1,-1,-1,-1,-1,-1,-1,-1,0,0,0,-1,-1,-1,-1,-1,-1,-1,-1,-1,-1,-1,-1,-1,-1,0,0,0,0,0,0,-1,-1,-1,-1,-1,-1,-1,-1,-1,0.01,0,-1,-1,-1,-1,-1,-1,-1,-1,-1,-1,-1,-1,-1,0.01,0.01,0.03,0,0.02,0,0.01,0.03,0,0,0.01
-1,-1,-1,-1,-1,0,0,0,0,0,0,0,0,0,0,0,0,0,0,0,0,0,0,0,0,0,0,0,0,0,0,0,0,0,0,0,0,0,0,0,0,0,0,0,0,0,0,0,0,0,0,0,0,0,0,0,0,0,-1,-1,-1,-1,-1,-1,0,0,0,0,0,0,0,0,0,0,0,0,-1,-1,-1,-1,-1,-1,-1,-1,-1,-1,0,0,-1,-1,-1,-1,-1,0,0,0,0,-1,-1,-1,-1,-1,-1,-1,-1,-1,-1,-1,-1,-1,0,-1,-1,-1,0,0,0,0,0,0,0,0,0,-1,0,0,0,-1,-1,-1,-1,-1,-1,-1,-1,-1,-1,-1,-1,-1,-1,-1,0,0,0,-1,-1,-1,-1,-1,-1,-1,-1,0,0,0,0,0,0,0,0,0,0,0,0,0,-1,-1,-1,-1,-1,-1,-1,-1,0,0.01,-1,0,-1,-1,0.01,0.01,0,0,0.02,0.01,0.01,0.01,0,0.03,0.03,0.01,0,0,0,0.01,0,0.01,0.02,0.03
-1,-1,-1,-1,-1,-1,-1,0,0,0,0,0,0,0,0,0,0,0,0,0,0,0,0,0,0,0,0,0,0,0,0,0,0,0,0,0,0,0,0,0,0,0,0,0,0,0,0,0,0,0,0,0,0,0,0,0,-1,-1,-1,-1,-1,-1,0,0,0,0,0,0,0,0,0,0,0,0,0,0,-1,-1,0,-1,-1,0,0,0,0,0,0,0,-1,0,-1,-1,-1,-1,0,0,0,-1,-1,-1,-1,-1,-1,-1,0,0,-1,-1,-1,-1,0,-1,-1,-1,0,0,0,0,0,0,-1,-1,-1,-1,0,0,0,-1,-1,-1,-1,-1,-1,-1,-1,-1,-1,-1,-1,-1,-1,-1,-1,0,0,0,0,0,0,-1,-1,-1,-1,-1,-1,-1,-1,-1,0,0,0,0,-1,-1,-1,0.01,-1,0.01,0,-1,-1,0,0.01,0,0.01,0,0.02,0.02,0.01,0,0.01,0,0.01,0,0.03,0,0,0,0,0.02,0.03,0.02,0.01,0,0,0.03,0.01,0.02,0.02,0
-1,-1,-1,-1,-1,-1,-1,-1,-1,-1,-1,0,0,0,0,0,0,0,0,0,0,0,0,0,0,0,0,0,0,0,0,0,0,0,0,0,0,0,0,0,0,0,0,0,0,0,0,0,0,0,-1,-1,-1,0,0,0,-1,-1,-1,0,0,0,0,0,-1,-1,-1,0,0,0,0,0,0,0,0,0,0,-1,0,0,0,0,0,0,0,0,0,0,-1,-1,-1,-1,-1,-1,-1,0,0,0,0,-1,-1,-1,-1,-1,-1,-1,-1,-1,-1,0,0,-1,-1,-1,-1,-1,-1,-1,-1,-1,-1,-1,-1,-1,0,0,0,-1,-1,-1,-1,-1,-1,-1,-1,-1,-1,-1,-1,-1,-1,-1,-1,0,0,0,-1,-1,-1,-1,-1,-1,-1,-1,-1,-1,-1,-1,0,0,0,0,0,0,0,0,0,0,0,0,0.02,0,0,0.01,0,0,0.01,0,0.01,0,0,0.01,0.01,0.03,0.01,0.03,0.01,0,0,0,0.01,0.03,0.02,0.03,0.01,0.03,0.01,0.02,0.04,0.02
-1,-1,-1,-1,-1,-1,-1,-1,-1,-1,-1,0,0,0,0,0,0,0,0,0,0,0,0,0,0,0,0,0,0,0,0,0,0,0,0,0,0,0,0,0,0,0,0,0,0,0,0,-1,-1,-1,-1,-1,-1,-1,0,0,0,0,0,0,-1,-1,-1,-1,-1,-1,-1,-1,0,0,0,0,0,0,0,0,0,-1,-1,0,0,0,0,0,0,0,0,-1,0,0,-1,-1,-1,0,0,0,0,-1,-1,-1,-1,-1,-1,-1,-1,0,0,-1,-1,-1,0,-1,-1,-1,-1,-1,-1,-1,-1,-1,-1,-1,-1,-1,0,0,0,0,-1,-1,-1,-1,-1,-1,-1,-1,-1,-1,-1,-1,-1,-1,-1,0,0,0,-1,-1,0,0,0,0,0,0,0,0,0,0,0,0,0,0,0,0.01,0,0,0,0.01,0,0,0,0.01,0,0,0.01,0,0,0.01,0.02,0,0,0,0,0.02,0.01,0.01,0.01,0,0,0.02,0.02,0,0,0.04,0.03,0.01,0.02,0.02,0.01,0.02
-1,-1,-1,-1,-1,-1,-1,-1,-1,-1,-1,0,0,0,0,0,0,0,0,0,0,0,0,0,0,0,0,0,0,0,0,0,0,0,0,0,0,0,0,0,0,0,0,0,-1,-1,-1,-1,-1,-1,-1,-1,0,0,0,0,0,0,0,0,-1,-1,-1,-1,-1,0,0,0,0,0,0,0,0,0,0,0,0,-1,-1,0,0,0,0,0,0,0,0,0,-1,-1,0,0,0,0,0,0,0,0,0,0,-1,-1,-1,-1,-1,-1,-1,-1,-1,-1,0,-1,-1,-1,-1,-1,-1,-1,-1,-1,-1,-1,-1,-1,0,0,0,0,-1,-1,-1,-1,-1,-1,0,0,0,0,0,0,0,0,0,0,0,0,0,0,0,0,0,0,0,0,0,0,0,0,0,0,0,0,0,0.01,0.01,0,0,0.01,0.01,0.01,0,0,0.01,0.01,0,0.03,0,0.01,0.01,0,0.01,0.02,0.02,0.01,0.01,0.03,0.02,0,0,0.01,-1,-1,-1,-1,0.01,0.04,0,0.01,0.02,-1
0,0,0,0,0,0,0,0,0,0,0.02,0,0.01,0,0,0,0,0,0,0,0.01,0,0,0,0,0,0,0,0,0,0,0,0,0,0,0,0,0,0,0,0,0,0,0,-1,-1,-1,-1,-1,0,0,0,0,0,0,0,0,-1,-1,-1,-1,0,0,0,0,0,0,0,0,0,0,0,0,0,0,0,0,0,-1,0,0,0,0,0,0,0,0,0,-1,-1,0,-1,-1,-1,-1,0,0,0,0,0,-1,-1,-1,-1,-1,-1,-1,-1,-1,-1,-1,-1,-1,-1,-1,-1,-1,-1,-1,-1,-1,-1,-1,-1,-1,0,0,0,0,0,0,0,0,0,0,0,0,0,0,0,0,0,0,0,0,0,0,0,0,0,0,0,0,0,0,0,0,0,0,0,0,0,0.01,0,0,0.02,0,0,0,0,0.01,0.02,0,0,0.01,0.01,0.02,0.01,0,0.01,0.01,0.02,0.02,0.01,0.02,-1,-1,0,0,0,0,0,0,0.02,0.01,0.02,0.01,0.01,-1,-1
0,0,0,0,0.01,0,0.01,0,0,0.02,0,0.01,0,0,0,0.01,0,0,0,-1,-1,0.01,0,0,0,0,0,0,0,0,0,0,0,0,0,0,0,0,0,0,0,0,0,0,-1,-1,0,0,0,0,0,0,0,0,0,0,0,-1,-1,-1,0,0,0,0,0,0,0,0,0,0,0,0,0,0,0,0,0,0,-1,-1,0,0,0,0,0,-1,-1,0,-1,-1,-1,-1,-1,-1,-1,0,0,0,-1,0,-1,-1,-1,-1,-1,-1,0,0,0,0,-1,0,-1,-1,-1,0,0,0,0,0,0,0,0,0,0,0,0,0,0,0,0,0,0,0,0,0,0,0,0,0,0,0,0,0,0,0,0,0,0,0,0,0,0,0,0,0,0,0,0,0,0,0,0.02,0,0,0,0.01,0,0.02,0,-1,0,0,-1,-1,-1,-1,-1,-1,-1,-1,-1,0,0.01,-1,-1,-1,0,0,0,0,0,0,0.02,-1,-1,-1,0.01,0.01,-1
0,0,0.01,0,0,0,0,0,0.01,0,0,0.01,0,0,0.02,0,0,0,0,-1,-1,0.01,0,0,0,0,0,0,0,0,0,0,0,0,0,0,0,0,0,0,0,0,0,0,0,0,0,0,0,0,0,0,0,0,0,0,0,0,0,0,0,0,0,0,0,0,0,0,-1,-1,0,0,0,0,0,0,0,0,-1,-1,0,0,-1,-1,-1,0,0,0,-1,-1,-1,-1,-1,-1,-1,0,0,0,-1,0,0,0,0,0,0,0,0,0,0,0,-1,0,0,0,0,0,0,0,0,0,0,0,0,0,0,0,0,0,0,0,0,0,0,0,0,0,0,0,0,0,0,0,0,0,0,0,0,0,0,0,0,0,0,0,0,0,0,0,0,0,0.01,0.01,0,0.01,0.01,-1,-1,-1,-1,-1,-1,-1,0.01,-1,-1,-1,-1,0,0,0.02,0.05,0,0.02,0.04,0.06,-1,-1,0.02,0,0,0,0,0,0.01,0,-1,-1,0.01,0,-1
-1,-1,-1,-1,-1,-1,-1,-1,-1,-1,0,0,-1,-1,-1,-1,0,0,0.01,-1,0,0,0,0,0,0,0,0,0,0,0,0.01,0,0.01,0,0,0,0,0,0,0,0,0,0,0,0,0,0,0,0,0,0,0,0,0,0,0,0,0,0,0,0,0,0,-1,-1,-1,-1,-1,-1,-1,0,0,0,0,0,0,0,0,-1,0,-1,-1,-1,0,0,0,-1,-1,-1,-1,-1,-1,0,0,0,0,0,-1,0,0,0,0,0,0,0,0,0,0,0,-1,0,0,0,0,0,0,0,0,0,0,0,0,0,0,0,0,0,0,0,0,0,0,0,0,0,0,0,0,0,0,0,0,0,0,0,0,0,0,0,0,0,0,0,0,0,-1,-1,-1,-1,-1,-1,0,0.02,0,0,0,0.01,0.01,0,0.02,0.01,0,0.02,0,0,0.01,0.01,0.03,-1,-1,-1,0,0.01,-1,-1,-1,0.02,0,0,0,0,0,0,0,0,0,0,0,-1
-1,-1,-1,-1,-1,-1,-1,-1,-1,-1,0.01,0,-1,-1,-1,0,0,0,0,0,0,0,0,0,0,0,0,0,0,0,0.01,0,0.01,0,0,0.01,0,0,0,0,0,0,0,-1,-1,-1,-1,-1,-1,-1,-1,-1,-1,-1,-1,-1,0,0,0,0,0,0,0,-1,-1,-1,-1,-1,-1,0,0,0,0,0,0,0,0,0,0,0,0,0,-1,0,-1,-1,-1,-1,-1,-1,-1,0,0,0,0,0,0,0,0,0,0,0,-1,0,0,0,0,0,0,0,0,0,0,0,0,0,0,0,0,0,0,0,0,0,0,0,0,0,0,0,0,0,0,0,0,0,0,0,0,0,0,0,0,0,0,0,0,0,-1,0,0,-1,0,0,0,0,-1,-1,-1,-1,0,0,0,0,0,0.01,0,-1,-1,-1,0,0.03,0.01,-1,-1,-1,-1,-1,0.03,0.01,0.03,0,0,0.01,-1,-1,-1,0.04,0.01,0,0,0,0,0,0,0,0,0,0,-1
-1,-1,-1,-1,-1,-1,-1,-1,-1,-1,-1,0.01,0.01,0,0,0.03,0,0,0,0.02,0,0,0,0,0,0,0,0,0,0,0,0,0,0,0.01,0,0,0,0,0,0,-1,-1,-1,-1,-1,-1,-1,-1,-1,-1,-1,-1,-1,-1,-1,0,0,0,0,-1,-1,-1,-1,-1,0,0,0,0,0,0,0,0,0,0,0,0,0,0,0,0,-1,-1,-1,0,0,0,0,0,-1,-1,0,0,-1,-1,0,-1,0,0,0,0,0,0,0,0,0,0,0,0,0,0,0,0,0,0,0,0,0,0,0,0,0,0,0,0,0,0,0,0,0,0,-1,-1,-1,0,0,0,0,0,-1,-1,-1,-1,-1,-1,0,0,0,0,0,-1,-1,0,0,0,0,0,0,0,0,0,0,0,0.02,0.01,0,0,-1,-1,-1,0.02,0.01,-1,-1,-1,0,0.01,0.01,0.01,-1,-1,-1,0,0.04,-1,-1,-1,-1,0.02,0,0,0,0,0,0,0,0,0,0,0.02
0,0,0.02,0,0,0.01,0,0,0,0,0,0.01,0.03,0,0,0,0,0,0,0,0.02,0,0,0,0,0,0,0,0,0.01,0,0,0,0,0,0,0,0,0.01,0.01,0,0,-1,-1,-1,-1,-1,0,0,0,0,0,0,0,0,0,0,0,0,0,-1,-1,-1,0,0,0,0,0,0,0,0,0,0,0,0,0,0,0,0,0,0,0,0,0,0,0,0,0,0,0,0,0,0,0,0,0,0,0,0,0,0,0,0,0,0,0,0,0,0,0,0,0,0,0,-1,-1,-1,0,0,0,0,0,0,0,0,0,0,0,0,0,0,-1,0,0,0,0,0,0,-1,-1,-1,-1,-1,-1,-1,0,0,0,0,0,0,0,0,0,0,0,0,0,0,0,0,0,0.01,0,0,0,0,0,0.01,0,0.01,0.01,-1,-1,-1,0,0,0,0,0.01,0.02,0.02,0,0.01,0.02,0.02,0.04,0.01,0.04,0.01,0,0,0,0,0,0,0,0,0,0
0,0,0.01,0,0,0,0,0,0.01,0.01,0.01,0.01,0,0.01,0.01,0,0,0,0.01,0,0,0,0,0,0,0,0,0,0,0,0.01,0,0,0,0,0,0,0,0.01,0,0,0,0,0,0,0,0,0,0,0,0,0,0,0,0,0,0,0,0,0,0,0,0,0,0,0,0,0,0,0,0,0,-1,0,0,0,0,0,0,0,0,0,0,0,0,0,0,0,0,0,0,0,0,0,0,0,0,0,0,0,0,-1,-1,0,0,0,-1,-1,-1,-1,-1,-1,0,0,-1,-1,-1,0,0,0,0,0,0,0,0,0,0,0,0,-1,0,0,0,0,0,0,0,0,0,0,0,0,0,0,0,0,0,0,0,0,0,0,0,0,0,0,0.01,0.01,0,0,0,0.02,0,0.01,0.03,0,0,0.01,0.01,0.01,0,-1,-1,-1,0.02,0,0,0,0,0,0,0,0,0,0,0,0,0,0,0,0,0,0,0,0,0,0,0,0,0
0.02,0.01,0.03,0,0.03,0.01,0,0.01,0,0,0,0.01,0,0.01,0.02,0,0,0,0,-1,0.01,0,0,0,0,0,0,0,0.01,0.01,0.01,0,0,0,0,0,0,0,0,0.01,0,0,0,0,0,0,0,0,0,0,0,0,0,0,0,0,0,0,0,0,0,0,0,0,0,0,0,0,0,0,-1,-1,-1,0,0,0,0,0,0,0,0,0,0,0,0,0,0,0,0,0,0,0,0,-1,-1,-1,-1,-1,-1,-1,-1,-1,-1,0,0,-1,-1,-1,-1,-1,-1,0,0,0,0,0,0,0,0,0,0,0,0,0,0,0,0,0,0,-1,0,0,0,0,0,0,0,0,0,0,0,0,0,0,0,0,0,0,0,0,0,0,0,0,0.01,0,0,0.01,0.01,0,0,0.01,0,0,0,0,0,0,0,0.01,-1,-1,-1,-1,0.03,0,0,0,0,0.01,0,0,0,0,0,0,0.01,0,0,0,0,0.01,0.01,0,0.01,0,0.01,0.01,0,0
0,-1,-1,-1,-1,-1,-1,-1,-1,-1,-1,0.01,-1,-1,-1,-1,0,0,0,-1,0,0,0,0,0,0,0,0,0,0.01,0,0,0,0,0.01,0,0.01,0,0,0.01,0,0,0,0,0,0,0,0,0,0,0,0,0,0,0,0,0,0,0,0,0,0,0,0,0,0,-1,-1,-1,-1,-1,-1,-1,-1,0,0,0,0,0,0,0,0,0,0,0,0,0,0,0,0,0,0,0,-1,-1,-1,-1,-1,-1,-1,-1,0,0,0,0,0,0,0,0,0,-1,-1,0,0,0,0,0,0,0,0,0,0,0,0,0,0,0,0,0,-1,0,0.01,0.01,0,0,0,0,0,0,0.02,0,0,0,0,0,0,0,0,0,0,0,0,0,0,0,0.01,0,0,0.01,0,0,0,0.01,0.01,0,0,0,0.01,0.02,0.02,-1,-1,-1,0.02,0,0,0,0.01,0.01,0,0,0,0,0,0,0,0,0,0,0,0.02,0.01,0.01,0,0.02,0.01,0.01,0.01,0.03,0.01
0,-1,-1,-1,-1,-1,-1,-1,-1,-1,-1,0.02,0.01,0.01,0.01,0,0.01,0,0,0.01,0,0,0,0,0,0,0,0,0,0.01,0.02,0,0,0,0,0.01,0,0,0.01,0.02,0,0.01,0,-1,-1,-1,-1,-1,-1,-1,-1,-1,-1,-1,-1,0,0,0,0,0,0,0,0,0,0,-1,-1,-1,-1,-1,-1,0,0,0,0,0,0,0,0,0,0,0,0,0,0,0,0,0,0,0,0,0,-1,-1,0,0,0,0,0,0,0,0,0,0,0,0,0,0,0,0,0,-1,0,0,0,0,0,0,0,0,0,0,0,0,0,0,0,0,0,0,0,0.01,0,0,0,0,0.01,0,0,0,0,0,0.01,0.01,0,0.01,0.02,0.02,-1,0,0,0,0,-1,-1,-1,-1,-1,-1,-1,-1,-1,-1,-1,-1,-1,0,0,0,0,0,-1,0,0,0,0.01,0,0,0,0.04,0,0.01,0.01,0,0,0,0.01,0,0.01,0,0.02,0.02,0,0,0,0,0.01,0.01,0.01,0.04
0.02,-1,-1,-1,-1,-1,-1,-1,-1,-1,-1,0.01,-1,-1,-1,-1,0,0,0,-1,0,0,0,0,0,0,0,0.01,0,0,0,0,0,0,0,0.01,0,0.01,0,0,-1,-1,-1,-1,-1,-1,-1,-1,-1,-1,-1,-1,-1,-1,-1,0,0,0,0,0,0,0,0,-1,-1,-1,-1,0,0,0,0,0,0,0,0,0,0,0,0,0,0,0,0,0,-1,-1,0,0,0,0,0,-1,-1,-1,-1,0,0,-1,0,0,0,0,0,0,0,0,-1,-1,-1,-1,-1,-1,-1,0,0,0,0,0,0,0,0,0,0,0,0,0,0,0,0,0,0,0,0,0,-1,-1,-1,-1,-1,-1,-1,-1,-1,-1,-1,-1,-1,-1,-1,0,0,-1,-1,-1,-1,-1,-1,-1,-1,-1,-1,-1,-1,-1,-1,-1,0,0,0,0,0,0,0,0,0,0,0,0,0,0.01,0.02,0.02,0,0,0,0,0.01,0,0.01,0.01,0,0,0,0.01,0.01,0,0.01,0.01,0.01,0.02
-1,0,0.01,0,0.03,0.01,0,0.02,0.01,0.01,0.01,0,-1,-1,-1,-1,0,0,-1,0.01,0,0,0,0,0,0,0,0.01,0.01,0.03,0,0,0,0.01,0,0,0.01,0,0,0,-1,-1,-1,-1,-1,0,0,0,0,0,0,0,0,0,0,0,0,0,0,0,0,0,0,-1,-1,0,0,0,0,0,0,0,0,0,0,0,0,0,0,0,0,0,0,0,0,-1,-1,0,0,0,0,0,0,-1,-1,-1,-1,0,0,0,0,0,0,0,0,0,-1,-1,-1,-1,-1,-1,-1,0,0,0,0,0.01,0,0,0,0,0,0,0,0,0,0,0,0,0,0.01,0.02,-1,-1,-1,-1,-1,-1,-1,-1,-1,-1,-1,-1,-1,-1,-1,-1,0.01,0,-1,-1,-1,-1,-1,-1,-1,-1,-1,-1,-1,-1,-1,-1,0.01,0,0,0,0,0,0,0,0,0,0,0.01,0,0,0,0,0.02,0,0,0,0,0.01,0,0.01,0.01,0,0.04,0.03,0,0.03,0,0.03,0,0.01,-1
-1,0,0,0,0,0,0,0,0,0,0,0.03,0,0,0.01,0,0,0,0.01,0,0,0,0,0,0,0,0,0,0,0,0,0,0.01,0.01,0,0,0,0.01,0,0,0.01,0,0,0,0.01,0,0.01,0,0.01,0,0,0,0,0,0,0,0,0,0,0,0,0,0,0,0,0,0,0,0,0,0,0,0,0,-1,-1,-1,-1,0,0,0,0,0,0,0,0,0,-1,0,0,0,0,0,0,-1,-1,-1,-1,-1,0,-1,0,0,0,0,0,0,0,0,-1,-1,-1,-1,0,0.01,0,0,0,0,0,0,0,0,0,0,0,0,0,0,0,0,0,0,-1,-1,-1,-1,-1,-1,0,0,0,0,-1,-1,-1,0.01,0.01,0,0,0,0.01,0.02,0.01,0.03,0.02,0,0.01,0,0,0.02,0.01,0,0,0.03,0,0,0,0,0,0,0,0,0,0,0,0,0,0,0,0.01,0.01,0.05,0.06,0,0.01,0.01,0.01,0,0.04,0.02,0.03,0.03,0.01,0.03,0.01,0.03,0.01,0.02,-1
0,0,0,0,0,0,0,0,0,0,0,0,0,0,0,0,0,0,0,0,0,0,0,0,0,0,0,0,0,0,0,0,0,0.01,0,0,0,0,0.01,0.01,0.01,0,0,0,0,0,0,0,0,0,0,0,0,0,0,0,0,0,0,0,0,0,0,0,0,0,0,0,0,0,0,-1,-1,-1,-1,-1,-1,-1,0,0,0,0,0,0,0,0,0,0,0,0,0,0,0,0,0,0,-1,-1,-1,-1,0,0,-1,0,-1,0,0,-1,0,-1,-1,-1,-1,0,0,0.01,0,0,0.01,0,0,0,0,0,0,0,0,0,0,0,0,0,0,-1,-1,0,0.02,0,0.01,0.01,0,0,0,0,0,0,0.01,0,0,0,0,0,0.02,0,0,0.03,0.01,0.01,0,0,0,0,0,0,0,0,0,0,0,0,0,0,0,0,0,0,0,0,0,0,0,0,0,0.05,0.06,0,0.01,0.03,0.02,0.01,0.05,0.04,0.02,0.04,0.03,0.04,0.03,0.02,0.03,-1
0,0,0,0,0,0,0,0,0,0,0,0,0,0,0,0,0,0,0.01,0,0,0,0,0,0,0,0,0.02,0.01,0,0.01,0.02,0,0.01,0.01,0,0,0,0,0,0.01,0,0.02,0,0.01,0.01,0,0,0,0,0,0,0,0,0,0,0,0,0,0,0,0,0,0,0,0,0,0,0,0,-1,-1,-1,-1,-1,-1,0,0,0,0,0,0,0,0,0,0,0,0,0,0,0,0,0,0,0,0,0,0,-1,-1,-1,-1,0,-1,0,0,-1,-1,-1,0,0,0,0,0,0,0,0.01,0,0,0,0,0,0,0,0,0,0,0,0,0,0,0,0,-1,-1,0.01,0,0,0,0,0,0,0,0,0,0,0.01,0.01,0,0,0,0,0.01,0.02,0.01,0.01,0.02,0,0,0,0,0,0,0,0,0,0,0,0,0,0,0,0,0,0,0,0,0,0,0,0.01,0,0,0.01,0.04,0.11,0.02,0,0.03,0.01,0.04,0.06,0.1,0.05,0.06,0.03,0.07,0.03,0.07,-1
0,0,0,0,0,0,0,0,0,0,0,0,0,0,0,0,0,0,0,0,0,0,0,0,0.02,0.01,0.01,0.02,0.03,0,0.03,0.03,0.01,0,0,0.01,0,0,0,0.02,0.01,0.01,0,0,-1,-1,-1,-1,-1,0,0,0,0,-1,0,-1,-1,-1,-1,-1,-1,-1,-1,-1,-1,0,0,-1,-1,-1,-1,-1,0,0,0,0,0,0,0,0,0,0,0,0,0,0,0,0,0,0,0,0,0,0,0,0,0,0,0,-1,-1,-1,-1,-1,-1,-1,-1,-1,-1,-1,-1,-1,0,0.03,0,0,0,0,0,0,0,0,0,0,0,0,0,0,0,0,0,0,0,-1,-1,-1,0,0,0.01,0.01,0,0,0,0,0,0,0,0,0,0,0,0,0.02,0.02,0,0.02,0.01,0.01,0.01,0,0.02,0,0,0,0,0,0,0,0,0,0,0,0,0,0,0,0,0,0.01,0,0,0,0,0.02,0.07,0.07,0.12,0.09,0.05,0.07,0.1,0.09,0.06,0.12,0.09,0.04,0.06,0.07,0.03,-1
0,0,0,0,0,0,0,0,0,0,0,0,0,0,0,0,0,0,0,0,0,0,0,0,0.02,0.01,0,0.02,0,0,0.01,0.01,0.02,0,0,0.02,0,0,0,-1,-1,-1,-1,-1,-1,-1,-1,-1,-1,-1,-1,-1,-1,-1,0,-1,-1,-1,-1,-1,-1,-1,-1,-1,-1,0,0,0,-1,-1,0,0,0,0,0,0,0,0,0,0,0,0,0,0,0,0,0,0,0,0,0,0,0,0,0,0,0,0,0,0,-1,-1,-1,-1,-1,-1,-1,-1,-1,-1,-1,-1,-1,0,0.01,0,0,0.01,0,0,0,0,0,0,0,0,0,0,0,0,0,0,0.02,-1,-1,-1,0.01,0.01,0,0.01,0.01,0,0.02,0,0.01,0,0,0,0,0,0,0.01,0,0.03,0.01,-1,-1,0.01,0.01,0.01,0.01,0.01,0,0,0,0,0,0,0,0,0,0,0.01,0,0,0,0,0.01,0,0,0.02,0.01,0.01,0.01,0,0.04,0.09,-1,0.07,0.06,0.14,0.16,0.12,0.1,0.08,0.08,0.14,0.07,0.08,0.02
0,0,0,0,0,0,0,0,0,0,0,0,0,0,0,0,0,0.01,0,0,0,0,0,0,0.03,0,0.01,0.01,0.01,0.03,0.01,0,0.02,0,0,0.01,0.01,0,0,-1,-1,-1,-1,-1,-1,-1,-1,0,0,-1,-1,-1,-1,-1,0,-1,-1,-1,-1,-1,-1,-1,0,0,0,0,0,0,0,0,0,0,0,0,0,0,0,0,0,0,0,0,0,0,0,0,0,0,0,0,0,0,0,0,0,0,0,0,0,0,0,-1,-1,-1,-1,-1,-1,-1,-1,-1,-1,-1,-1,-1,0,0,0.01,0.01,0,0,0.01,0,0,0,0,0,0,0,0,0,0,0,0.02,-1,-1,-1,0,0.01,0.01,0.01,0,0,0.01,0,0,0,0,0.01,0.01,0.01,0.01,0.02,0.01,0.04,0.01,-1,-1,0.02,0.03,0,0,0.01,0.02,0.01,0,0,0,0,0,0,0,0,0,0,0.01,0,0,0,0.01,0,0.01,0,0.05,0.04,0.02,0.03,0.07,0.08,0.03,0.13,0.15,0.17,0.18,0.24,0.23,0.22,0.14,0.12,0.09,0.04
0,0,0,0,0,0,0,0,0,0,0,0,0,0,0,0,0,0,0,0,0,0,0,0.02,0.02,0.02,0.02,0.01,0.02,0,0,0,0.01,0,0.02,0.01,0,0,0.02,-1,0.01,0,0,0.01,0,0,0,0,0,0,0,0,0,0,0,0,0,0,0,0,0,0,0,0,0,0,0,0,0,0,0,0,0,0,0,0,0,0,0,0,0,0,0,0,0,0,0,0,0,0,0,0,0,0,0,0,0,0,0,0,0,0,0,-1,-1,-1,-1,-1,-1,-1,-1,-1,-1,-1,-1,-1,0,0.01,0,0,0,0,0,0,0,0,0,0,0,0,0,0,0.01,-1,-1,-1,0.01,0.01,0,0,0.02,0,0,0,0,0.01,0,0,0,0,0.01,0.03,0.02,0.03,0.02,0.04,0.02,0.02,0.01,0,0,0,0.02,0.02,0.01,0,0,0,0,0,0,0,0,0,0,0,0,0,0,0,0,0.01,0,0.01,0.04,0.08,0.1,0.06,0.17,0.19,0.18,0.29,0.42,0.39,0.31,0.3,0.24,0.15,0.09,0.15
0,0,0,0,0,0,0,0,0,0,0,0,0,0.01,0,0.01,0,0,0,0,0,0,0.06,0.01,0.01,0.01,0.01,0.03,0.02,0,0.02,0.01,0,0.02,0.01,0.01,0.01,0,0,0,0.01,0,0,0,0,0.01,0,0.01,0,0,0,0,0,0,0,0,0,0,0,0,0,0,0,0,0,0,0,0,0,0,0,0,0,0,0,0,0,0,0,0,0,0,0,0,0,0,0,0,0,0,0,0,0,0,0,0,0,0,0,0,0,0,0.01,0,-1,-1,-1,0.01,-1,0,0,0,-1,-1,-1,-1,0.01,0.01,0,0.01,0,0,0,0,0,0,0,0,0,0,0,0,0,-1,-1,-1,0.03,0,0,0.01,0.01,0.01,0,0.01,0,0.01,0.01,0.01,0.01,0.02,0,0.05,0.04,0.02,0.01,0.01,0,0.01,0.03,0.01,0.04,0.02,0.04,0.02,0,0.02,0.01,0.01,0.01,0,0,0,0,0,0.01,0,0,0,0.01,0,0.01,0,0.04,0.04,0.04,0.05,0.05,0.09,0.15,0.13,0.36,0.42,0.58,0.59,0.53,0.47,0.29,0.23,0.26,0.13
0,0,0,0,0,0,0,0.01,0.01,0,0,0,0,0,0,0,0,0,0,0,0,0,0.01,0.01,0.02,0.01,0,0.01,0.07,0.02,0.02,0,0,0.02,0,0,0.01,0.01,0.01,0,0,0,0,0,0.02,0.01,0,0,0.02,0,0,0,0,0.01,0,0,0,0,0,0,0,0,0,0,0,0,0,0,0,0,0,0,0,0,0,0,0,0,0,0,0,0,0,0,0,0,0,0,0,0,0,0,0,0,0,0,0,0,0,0,0,0,0,0,0,0,-1,-1,0,0.01,0,0.01,-1,-1,-1,0.03,0,0.01,0.03,0,0,0.01,0,0,0,0,0,0,0,0,0,0,0.01,-1,-1,-1,-1,-1,-1,-1,-1,-1,-1,-1,-1,-1,-1,-1,-1,0,0,0.03,0.02,0.01,0.01,0.02,0.03,0.02,0.03,0.01,-1,-1,-1,0.02,0.01,-1,-1,-1,-1,0,0,0,0,0,0.01,0,0,0,0,0.01,0.01,0,0.04,0.03,0.02,0.13,0.1,0.12,0.19,0.25,0.45,0.51,0.75,0.81,0.76,0.58,0.38,0.29,0.17,0.13
0,0,0,0,0.01,0.01,0,0,0,0,0,0,0,0,0,0,0,0.01,0,0,0,0.03,0.02,0.04,0.01,0.01,0.03,0.01,0.01,0.01,0,0,0.01,0,0.03,0,0.01,0,0,0,0,0,0.01,0,0.01,0,0.01,0,0.01,0,0,0.01,0,0,0,0,0,0,0,0,0,0,0,0,0,0,0,0,0,0,0,0,0,0,0,0,0,-1,-1,-1,0,0,-1,-1,-1,-1,-1,0,0,0,-1,0,0,0,0,0,0,0,0,0,0,0,0,0,0,0,0.01,0,0,0,0,-1,-1,-1,0.03,0,0.01,0.01,0,0.02,0,0.01,0.01,0,0,0,0,0,0,0,0,0,0.02,-1,-1,-1,-1,-1,-1,-1,-1,-1,-1,-1,-1,-1,-1,-1,-1,0,0.01,0.02,0.03,0.02,0.01,0.03,0.01,0.01,0.01,-1,-1,-1,-1,-1,-1,-1,-1,-1,-1,0,0,0,0,0,0,0.01,0,0.01,0,0,0,0,0,0.01,0.02,0.08,0.08,0.14,0.24,0.33,0.4,0.68,0.93,1,0.94,0.63,0.47,0.28,0.26,0.17
0,0,0,0,0,0,0,0,0,0.01,0,0,0,0,0.01,0,0,0,0,0,0,0.02,0.01,0.03,0.01,0.03,0,0.02,0.02,0.02,0.01,0,0.01,0,0.02,0,0,0,0,0,0.01,0,0,0,0,0,0,0,0,0,0,0,0,0,0,0,0,-1,-1,-1,-1,-1,0,0,0,0,-1,0,0,0,0,-1,-1,-1,-1,-1,-1,-1,-1,-1,0,0,-1,-1,-1,-1,-1,-1,-1,-1,-1,0,0,0,0,0,0,0,0,0,0,0,0,0,0,0,0,0,0,0.02,-1,-1,-1,0,0.01,0.01,0.01,0.01,0,0.01,0,0,0,0,0,0,0,0,0,0,0,0,0.02,-1,-1,-1,-1,-1,-1,-1,0,0.01,0.03,-1,-1,-1,-1,0,0.03,0,0.01,0.02,0.01,0.02,0.01,0.08,0.03,0,0.02,-1,-1,-1,-1,-1,-1,-1,0.01,0.04,0.02,0,0,0,0,0,0,0,0,0,0,0.01,0,0.01,0,0.03,0.04,0.02,0.07,0.12,0.14,0.28,0.42,0.58,0.81,0.85,0.86,0.65,0.4,0.23,0.17,0.15
0,0,0,0,0,0,0,0,0,0,0,0,0,0,0.01,0,0,0,0,0,0.02,-1,-1,0.03,0.01,0,0.01,0.02,0.02,0.02,0.01,0,0.03,0,0.01,0,0,0,0,-1,-1,-1,-1,-1,-1,-1,0,0,0.01,-1,-1,-1,-1,-1,-1,-1,0,-1,-1,-1,-1,-1,-1,-1,-1,-1,-1,0,0,0,0,-1,-1,-1,-1,-1,-1,-1,-1,-1,0,0,0,0,0,0,0,0,0,0,0,0,0,0,0,0,0,0,0,0,0,0,0,0,0,0,0,0,0,0,0.01,0.03,0,0.01,0,0,-1,0.02,0,0,0,-1,0.01,-1,0,0,0,0,0,0,0,0,0.02,-1,-1,-1,0,0.01,0.03,0,0.02,0.02,0.02,0,0.02,0,0.01,0.01,0,0,0.01,0.01,0.01,0.04,0.03,0,0.03,0.04,0.04,0.01,0,0.03,0.02,0.04,0.01,0.02,0,0.01,0,0,0,0.01,0,0,0,0,0,0,0,0,0,0,0,0.01,0.02,0.02,0.05,0.09,0.15,0.22,0.37,0.34,0.49,0.65,0.56,0.4,0.25,0.21,0.18,0.18
0,0,0,0,0,0,0,0,0,0,0,0,0,0,0.01,0,0,0,0,0,0.01,-1,-1,0.02,0.02,0.01,0.04,0.02,0.01,0.02,0,0.01,0,0,0,0,0,0,-1,-1,-1,-1,-1,-1,-1,-1,0.01,0,0,-1,-1,-1,-1,-1,-1,-1,0,0,0,0,0,0,0,0,0,0,0,0,0,0,0,0,0,0,0,0,0,0,0,0,0,0,0,0,0,0,0,0,0,0,0,0,0,0,0,0,0,0,0,0,0,0,0,0,0,0,0,0,0,0,0,0,0,0,0,-1,-1,-1,0.02,-1,-1,0,0,-1,0,0,0,0,0,0,0,0,0.02,-1,-1,-1,0,0.01,0,0,0,0,0,0.03,0.01,0.03,0.02,0.03,0,0,0,0.01,0.01,0,0.04,0.02,0,0.01,0,0.02,0,0,0.01,0.01,0.02,0.02,0.01,0.02,0.01,0,0,0,0,0,0,0.05,0.02,0.04,0.03,0.02,0.02,0.05,0.08,0.07,0.09,0.14,0.06,0.11,0.09,0.14,0.18,0.28,0.26,0.42,0.4,0.33,0.25,0.2,0.1,-1
0,0.01,0,0,0,0,0,0.01,0,0.01,0,0,0.01,0.01,0,0.01,0,0,0.01,0.01,-1,-1,-1,0.03,0.03,0.03,0,0.01,0.04,0,0.02,0.04,0,0,0,0,0,0,0,0,0.01,0.01,0.01,0,0.01,0,0,0,0,0,0,0.01,0,0.02,0,0,0,0,0,0,0,0,0,0,0,0,0,0,0,0,0,0,0,0,0,0,0,0,0,0,0,0,0,0,0,0,0,0,0,0,0,0,0,0,0,0,0,0,0,0,0,0,0,0,0,0,0,0,0,0,0,0,0.01,-1,-1,-1,-1,0,0.01,0,0,0.01,0,-1,0,0,0,0,0,0,0,0,0,-1,-1,-1,0.01,0.02,0.01,0.01,0.01,0,0.01,0.02,0,0.02,0.01,0,0,0.01,0,0.03,0.01,0.02,0.03,0.03,0.01,0.02,0.01,0.02,0.01,0,0.02,0.01,0.03,0.01,0.01,0.02,0,0,0.03,0,0.02,0.02,0.02,0,-1,-1,-1,-1,-1,-1,-1,-1,-1,-1,0.04,0.04,0.07,0.06,0.17,0.17,0.27,0.2,0.29,0.17,0.2,0.14,0.08,-1
0,0,0.01,0,0,0,0,0,0.02,0.03,0.02,0.02,0.02,0,0.01,0,0.01,0,0.03,0.01,0.06,-1,-1,0.03,0.06,0.04,0.08,0.02,0.03,0.02,0,0,0,0,0,0,0,0,0,0,0,0,0,0,0.01,0,0,0,0.01,0.01,0,0.01,0,0,0,0,0,0,0,0,0,0,0,0,0,0,0,0,0,0,0,0,0,0,0,0,0,0,0,0,0,0,0,0,0,0,0,0,0,0,0,0,0,0,0,0,0,0,0,0,0,0,0,0.01,0.01,0,0,0,0,0,0,0,0.01,0,0.01,-1,0.02,0,0,0,0,0,0.01,0.01,0,0,0,0,0,0,0,0,0.03,-1,-1,-1,0,0.02,0.03,0,0.01,-1,-1,0,0.01,0.01,0,0.01,0.02,0.02,0,0.02,0,0.02,0.02,0,0.04,0,0.02,0,0,0,0,0.01,0.02,0.01,0.03,0.01,0.03,0.01,0.04,0.02,0.04,0.01,0.03,0.03,-1,-1,-1,-1,-1,-1,-1,-1,-1,-1,0.03,0.06,0.06,0.07,0.06,0.08,0.09,0.17,0.12,0.13,0.11,0.06,0.09,-1
0,0,0,0,0,0,0,0.02,0.01,0.02,0.04,0.02,0,0.01,0.02,0.02,0.03,0,0,0.01,0,-1,-1,0.02,0.01,0.04,0.02,0.02,0.03,0,0,0,0,0,0,0,0,0,0,0,0,0.01,0,0.01,0.02,-1,0.01,0,0,0,0,0.01,0,0.01,0,0,0,0,0,0,0,0,0,0,0,0,0,0,0,0,0,-1,-1,-1,-1,-1,-1,-1,-1,-1,0,0,-1,-1,-1,-1,-1,-1,-1,-1,-1,-1,0,-1,0,0,0,-1,-1,-1,-1,-1,-1,-1,-1,-1,0,0,0,0,0,0,0,0,0,0,0,0,0,0,0,0,0.02,0.01,0,0,0,0,0,0,0,0,0,0,-1,-1,0.03,0.03,0.01,0.01,0,0.01,0.03,0.03,0.02,0.02,0.02,0.02,0,0.01,0,0,0.03,0,0.01,0.02,0.01,0,0.01,0,0.01,0.02,0.02,0.03,0.02,0,0.05,0.01,0,0.05,0.03,0.01,0.01,0.01,0.02,0.01,0.01,0.04,0.06,-1,-1,-1,-1,0.05,0.07,0.13,0.01,0.05,0.03,0.04,0.06,0.06,0.05,0.05,0.1,0.06,-1,-1,-1,-1
0,0,0,0,0,0.01,0.01,0.02,0.01,0.01,0.02,0.03,0.01,0.04,0,0,0.01,0.03,0.03,0.02,0.02,0.06,-1,-1,0.03,0.05,0.03,0.01,0,0,0,0,0,0,0,0,0,0.05,0,0.02,0,0.01,0,0.01,0,0,0.02,0.01,0.01,0,0,0.01,-1,-1,-1,-1,-1,-1,-1,-1,-1,-1,-1,-1,-1,-1,-1,-1,0,0,0,-1,-1,-1,-1,-1,-1,-1,-1,-1,-1,0,-1,-1,-1,-1,-1,-1,-1,-1,-1,-1,0,-1,0,0,0,-1,-1,-1,-1,-1,-1,-1,-1,-1,0,0,0,0,0,0,0,0,0,0,0,0,0,0,0,0,0,0,0.01,0,0,0,0,0,0,0,0,0.01,-1,-1,0.01,0.03,0.02,0.02,0,0.03,0,0.02,0.01,0.04,0,0,0.02,0.02,0.03,0,0.01,0.03,0.05,0.01,0,0.04,0.02,0.02,0.03,0.03,0.02,0,0.02,0.02,0.05,0.01,0.08,0.01,0.03,0.07,0.02,0,0.01,0.01,0,0.03,0.02,0.02,0.01,0.01,0.03,0.07,0.05,0,0,0.02,0.01,0.02,0.02,0.02,0.07,0.07,0.07,0.06,0.08,-1,-1,-1
0,0,0.01,0.01,0,0.01,0,0.01,0.02,0.04,0.03,0.03,0.02,0.06,0.14,0.06,0.01,0.02,0.06,0.02,0.01,0.05,0.04,-1,-1,0.03,0,0,0,0,0.01,0,0,0,0,0,0.03,-1,-1,-1,-1,-1,-1,-1,-1,-1,-1,0.01,0,-1,-1,-1,-1,-1,-1,-1,-1,-1,-1,-1,-1,-1,-1,-1,-1,-1,-1,-1,0,0,0,0,0,0,0,0,0,0,0,0,0,0,-1,-1,-1,-1,-1,-1,-1,-1,0,0,0,0,0,0,0,0,0.01,0,0.01,0,0,0,0,0.01,0,0,0,0,0,0,0,0,0,0,0,0,0,0,0,0,0,0.04,-1,0.02,0,0,0,0,0,0,0,0.01,-1,-1,0.01,0.02,0.05,0.04,0.03,0.04,0.03,0.03,0.01,0.01,0.01,0.02,0,0,0.02,0.02,0.01,0.04,0.04,0,0.03,0.04,0.03,0.05,0.03,0.02,0.01,0.02,0.03,0.01,0.01,-1,0.02,0.05,0.02,0.05,0.05,0.02,0.01,0,0.01,0.01,0.03,0.01,0.02,0.05,0.02,0,0.01,0.01,0,0.01,0,0.01,0,0,0.02,0.01,0.03,0.01,0.12,-1,-1,0.09
0,0,0.01,0.01,0.02,0,0,0.02,0.03,0.03,0.02,0.12,0.08,0.1,0.07,0.1,0.05,0.09,0.16,0.1,0.1,0.12,0.1,0.01,0,0.01,0,0.01,0,0,0.01,0,0,0,0,0,0,-1,-1,-1,-1,-1,-1,-1,-1,-1,-1,0,0,0,0.01,0,0,0.01,0,0,0,0,0,0,0,0,0,0,0,0,0,0,0,0,0,0,0,0,0,0,0,0,0,0,0,0,0,0,0,0,0,0,0,0,0,0,0,0,0,0,0,0.01,0,0,0,0,0,0.01,0.01,0,0,0,0,0,0,0,0,0,0,0,0,0,0,0,0,0,0,0,0,0,0,0,0,0,0.01,0,0,0.01,-1,-1,0.04,0.03,0.02,0.01,0.03,0.03,0,0.02,0.01,0.02,0,-1,-1,-1,-1,-1,-1,0.01,0.01,0.03,0.03,0.02,0.04,0.01,0.03,0.02,0.01,0.03,0.05,0.02,0.04,-1,-1,0.02,0.03,0.05,0.04,0.01,0.02,0,0.02,0.04,0.04,0.03,0.03,0.01,0,0.01,0.01,0,0.01,0.02,0.02,0.01,0.08,0.05,0.05,0.03,0.06,0.03,0.09,0.11,0.04,0.06
0,0.01,0,0.01,0.01,0.01,0.01,0.01,0,0.04,0.05,0.08,0.08,0.12,0.14,0.21,0.15,0.15,0.15,-1,0.07,0.15,0.02,0.01,0.02,0.01,0,0,0,0,0,0,0,0,0,0,0,0,0.01,0.03,0.01,0,0.01,0.01,0,0.01,0,0.01,0,0,0,0,0,0.01,0,0,0,0,0,0,0,0,0,0,0,0,0,0,0,0,0,0,0,0,0,0,0,0,0,0,0,0,0,0,0,0,0,0,0,0,0,0,0,0,0,0,0,0,0,0,0,0.02,0.01,0.02,0,0,0,0,0,0,0.01,0,0,0,0,0,0,0,0,0,0,0,0,0,0,0,0,0,0.01,0.01,0,0.01,0,0,-1,-1,0.03,-1,-1,-1,-1,-1,-1,-1,-1,-1,-1,-1,-1,-1,-1,-1,-1,0.03,0.02,0.01,0,0.02,0.01,0.01,0.03,0.02,0.02,0,0.02,0.03,0,0.02,0.01,0.03,0.05,0.02,0.04,0.15,0.01,0.04,0.03,0.04,0.02,0.07,0.01,0.04,0.08,0.01,0.03,0.04,0.08,0.06,0.05,0.05,0.02,-1,-1,-1,-1,-1,-1,-1,-1,0.06
0,0.01,0,0,0,0.01,0,0.02,0.04,0.05,0.0800000000000001,0.15,0.12,0.2,0.29,0.28,0.28,0.28,0.2,-1,0.14,0.07,0.08,0.02,0,0,0,0,0.08,0.03,0,0.03,0.03,0.01,0.01,0.01,0.01,0,0,0,0.03,0,0,0.03,0.01,0.03,0,0.01,0.01,0,0,0,0.01,0,0.01,0.01,0,0.02,0,0,0,0,0,0,0,0,0,0,0,0,0,0,0,0,0,0,0,0,0,0,0,0,0,0,0,0,0,0,0,0,0,0,0,0,0,0,0,0,0,0.01,0.01,0.02,0,0,0,0.01,0,0,0.01,0.02,0,0.01,0.02,0,0,0.01,0,0,0,0,0.01,0,0.01,0,0,0,0,0.01,0,0.01,0,0,0,0.04,-1,-1,0.02,-1,-1,-1,-1,-1,-1,-1,-1,-1,-1,-1,-1,-1,-1,-1,-1,0.03,0.01,0.03,0,0.05,0.04,0.02,0.03,0,0.03,0.02,0.02,0.02,0.01,0.02,0.06,0.05,0.07,0.09,0.15,0.13,0.1,0.02,0.03,0.04,0.04,0.01,0.01,0.03,0.01,0.02,0.04,0.07,0.01,0.08,-1,-1,-1,-1,-1,0.08,0.02,0.1,0.05,0.07,0.01,0.04
0,0,0,0,0,0.01,0.02,0.02,0.04,0.04,0.09,0.16,0.26,0.35,0.48,0.45,0.48,0.33,0.3,0.21,0.18,0.13,0.08,0.1,0.03,0.06,0.01,0.03,0.02,0.04,0.02,0.02,0.01,0.01,0.06,0.01,0.04,0,0.02,0,0.02,0,0.01,0.02,0.01,0.03,0,0,0,0,0.03,0,0,0,0.02,-1,0,-1,0,0,0.01,0,0,0,0,0,0,0,0,0,0,0,-1,-1,-1,-1,-1,-1,-1,-1,-1,-1,0,0,0,0,0,0,0,0,0,0,0,0.01,0,0,0,0,0,0,0,0,-1,-1,0,0.02,0.02,0,0,0.01,0,0.01,0.01,0,0.01,0,0,0,0,0,0,0,0,0,0,0,0,0,0.01,0.01,0.01,0,0,0.01,-1,-1,-1,0.07,0.03,-1,-1,-1,-1,-1,0.05,0.02,0.01,0,0.02,0.02,0.01,0,0.02,0.02,0.02,0.01,0.01,-1,-1,-1,-1,-1,0,0.05,0.03,0.07,0.09,0.09,0.08,0.06,0.12,0.12,0.06,0.11,0.03,0.02,0.05,0.02,0,0.01,0.02,0.06,0.03,0.05,0.02,0.02,0.01,0.06,-1,0.06,0.13,0.07,0.13,0.12,0.09,0.07,0.03,-1,-1,0.04
0,0,0,0,0.01,0.02,0.02,0.07,0.06,0.05,0.11,0.21,0.29,0.34,-1,-1,-1,-1,0.37,-1,-1,-1,-1,0.07,0.09,0.08,0.05,0.06,0.03,0.01,0,0.04,0.07,0.06,0.05,0.03,0,0.03,0.01,0.05,0.04,-1,-1,-1,-1,-1,-1,-1,-1,-1,0.01,0,0.03,0,0,0,0,0.02,0.01,0,0,0,0,0.01,0,0,0,-1,0,0,0,0,-1,-1,-1,-1,-1,-1,-1,-1,-1,-1,0,0,-1,0,0,0,0,0,0,0,0,0,0,0,0,0,0.01,-1,-1,-1,-1,-1,0,0,0,0,0.02,0.02,0.01,0,0,0,0.03,0.01,0,0,0,0,0,0,0,0,0,0.01,0.01,0,0,0.01,0,0,0.01,0.07,-1,-1,-1,0.06,0.01,0.07,0.05,0.04,0.03,0.04,0.03,0.02,0.01,0.04,0.02,0,0.02,0.01,0,0,0.03,0.03,0.02,-1,-1,-1,-1,-1,0.09,0.07,0.1,0.05,0.09,0.14,0.09,0.09,0.07,0.05,0.12,0.1,0.09,0.02,0.01,0.02,0,0.01,0,0,0.07,0.04,0.04,0.06,0.07,0.03,-1,0.0900000000000001,0.08,0.06,0.05,0.1,0.05,0.11,-1,-1,0.04,-1
0,0,0,0.01,0,0,0.01,0.03,0.05,0.04,0.08,0.24,0.28,0.49,0.66,0.88,0.76,0.44,0.36,-1,-1,-1,-1,0.06,0.09,0.04,0.02,0.02,0.05,0.07,0.08,0.02,0.05,0.01,0.03,0.03,0,0,0.02,0,0.04,-1,-1,-1,-1,-1,-1,-1,-1,-1,-1,0.03,0.01,0,0,0,0,0.02,0,0.01,0,0,0.01,-1,-1,-1,-1,-1,0,0,0,0,0,0,0,0,0,0,0,0,0,0,0,-1,-1,-1,-1,0,0,0,0,0,0,0,0.01,0,0,0,0.01,-1,0,0.02,0,0.01,0,0,0.01,-1,-1,-1,-1,-1,-1,-1,-1,-1,-1,0,0,0,0.01,0,0,0,0,0.01,0,0,0,0.03,0.01,0.01,0.01,0.05,-1,-1,-1,0.03,0.05,0.03,0.08,0.02,0.01,0.05,0.01,0,0.01,0.03,0.03,0.01,0.03,0,0,0.01,0,0.03,0.05,0.04,0.04,0.02,0.08,0.09,0.13,0.12,0.09,0.08,0.07,0.06,0.11,0.04,0.09,0.09,0.18,0.07,0.12,0.03,0.01,0,0.01,0,0.01,0.02,-1,-1,-1,0.04,0.06,0.04,-1,-1,0.08,0.06,0.06,0.08,0.12,0.13,-1,0.04,0.07,0.09
0.04,-1,-1,-1,-1,0.03,0.01,0.02,0.01,0.02,0.1,0.12,0.28,-1,-1,0.7,0.56,0.38,0.26,0.26,0.12,0.1,0.12,0.06,0.07,0.07,0.08,0.07,0.06,0.05,0.04,0.01,0.02,0.02,0.04,0.01,0.01,0,0.03,0.03,0,0.02,0.03,0.02,0.02,0,0,0,0,0.03,0,0.01,0.06,0,0,0.01,0,0.01,0,0,-1,-1,-1,-1,-1,-1,-1,0,0.01,0,0,0,0,0,0,0,0,0,0,0,0,0,0,0,-1,-1,-1,-1,-1,-1,0,0,0,0.01,0,0,0,0,0,0,0,0,0,0.01,0,0,0.01,-1,-1,-1,-1,-1,-1,-1,-1,-1,-1,0,0,0,0,0,0.01,0,0,0,0.01,0.01,0.01,0.03,0.01,0.02,0.01,0.05,-1,-1,-1,0.05,0.06,0.09,0.08,0.09,0.07,0.02,0.02,0.04,0.01,0,0.01,0.02,0.01,0.01,0,0.01,0,0.02,0.04,0.03,0.08,0.05,0.04,0.05,0.1,0.06,0.07,0.02,0.08,0.08,0.09,0.08,0.11,0.14,0.1,0.05,0.05,0.11,-1,-1,-1,-1,-1,-1,-1,-1,-1,0.05,0.07,0.07,-1,-1,0.08,0.03,0.05,0.09,0.08,-1,-1,0.05,-1,-1
-1,-1,-1,-1,-1,0.06,0.05,-1,-1,0.09,0.12,0.17,0.3,-1,-1,0.32,0.24,0.25,0.19,0.12,0.06,0.06,0.04,0,0.04,0.04,0.05,0.04,0.02,0.03,0.04,0,0.01,0.03,0.02,0.01,0,0.02,0,0.03,0.03,-1,-1,-1,-1,-1,-1,-1,-1,-1,0.01,0.01,0,0,0.01,0,-1,-1,-1,-1,-1,-1,-1,-1,0,0,0,0,0,0,0,0,0,0,0,0,0,0,0,0,0,0,0,0,0,0,0,-1,-1,-1,-1,-1,-1,0,0,0,0,0,0,0,0.01,0,0,0,0,0,0,0,0,0,0,0,0,0,0,0,0,0,0,0,0,0,0.01,0.01,0.01,0,0.01,0.01,0,0,0.01,0.01,0.03,0.09,-1,-1,-1,0.1,0.14,0.05,0.09,0.07,0.04,0.07,0.02,0.05,0.02,0.01,0.02,0.03,0.04,0,0.03,0,0.01,0.03,0.16,0.06,0.06,0.08,0.06,0.09,-1,-1,-1,-1,-1,0.07,0.04,0.09,0.08,0.11,0.07,0.14,0.12,0.13,-1,-1,0.05,0.02,0.05,0.06,0.05,0.07,-1,0.02,0.03,0.05,0.03,0.05,0.06,0.06,0.07,0.13,-1,-1,-1,-1,-1,0.05
-1,-1,-1,-1,-1,-1,-1,-1,-1,-1,0.13,0.19,0.19,-1,-1,0.15,0.16,0.1,0.16,0.09,0.08,0.07,0.02,0.07,0.09,0.07,0.04,0.02,0.02,0.01,0.03,0,0.02,0,0,0,0.01,0.01,0.01,0.02,0.01,0,0.02,0.04,0.01,0.01,0,0,0.02,0.03,0.02,0.01,0,0.01,-1,-1,-1,-1,-1,-1,0,0,0,0,0,0,0,0,0,0,0,0,0,0,0,0,0,0,0,0,0,0,0,0,0,0,0,0,0,0,-1,-1,-1,0,0,0,0.02,0,0,0,0,0,0,0,0,0,0.01,0.02,0,0,0,0,0,0,0,0,0,0,0,0,0,0,0,0.01,0,0.03,0.03,0,0.03,0.03,0.05,0.05,0.05,0.2,-1,-1,-1,0.17,0.07,0.1,0.1,0.02,0.09,0.04,0.06,0.04,0.05,0.01,0,0.01,0.01,-1,-1,-1,-1,-1,-1,-1,-1,-1,-1,-1,-1,-1,-1,-1,-1,0.06,0.06,0.13,0.03,0.06,0.11,0.08,0.12,0.11,-1,-1,0.03,0.02,0.04,0.06,0.01,0.02,-1,0.07,0.07,0.05,0.05,-1,-1,-1,-1,0.06,0.02,0.05,0.07,0.07,0.05,-1
-1,-1,-1,-1,-1,-1,-1,-1,-1,-1,0.12,0.16,-1,-1,0.12,0.0800000000000001,0.06,0.08,0.03,0.05,0.02,0.07,0.1,0.03,-1,-1,0.14,0.06,0.02,0.03,0.01,0.02,0,0,0,0,0.01,0,0,0,0.01,0,0,0,0.02,0.01,0.01,0,0.01,0.01,0.02,0.01,0.03,0.01,-1,-1,-1,0.02,0,0,0.01,0,0,0,0,0,0,0,0,0,0,0,0,0.01,0,0,0,0,0,0,0,0,0,0,0,0,0,0,0,0,0,0,0,0,0,0,0,0,0,0,0,0,0.01,0,0,0,0.01,0,0,0,0,0.02,0,0,0,0,0,0,0,0,0,0,0,0,0,0.01,0,0,0.03,0.02,0.05,0.06,0.14,0.19,0.15,-1,-1,0.14,-1,-1,0.06,0.06,-1,-1,-1,0.02,0.01,0.02,0.01,0.02,0,-1,-1,-1,-1,-1,-1,-1,-1,-1,-1,-1,-1,-1,-1,0.09,0.08,0.12,0.05,0.03,0.08,0.09,0.07,0.12,0.13,0.13,0.02,-1,0,0.07,0.01,0.06,-1,-1,-1,-1,0.04,0.04,0.07,0.02,0.06,0.04,-1,0.02,0.04,0.12,0.05,0.06,0.08,0.05
-1,-1,-1,-1,-1,-1,-1,-1,-1,-1,0.06,0.02,-1,-1,0.07,0.04,0.03,0.03,0.06,-1,-1,-1,-1,0.04,0.1,-1,0.08,0.08,0,0.03,0,0.01,0.02,0,0.01,0.01,0.02,0,0,0.01,0.02,0,0.01,0.02,0.03,0.01,0.01,0,0,0.01,0,0.01,0,0,0.02,0.01,0.03,0.01,0.01,0,0,0,0,0,0,0,0,0,0,0,0,0,0,0,0,0,0,0,0,0,0,0,0,0,0,0,0,0,0,0,0,0,0,0,0,-1,-1,0,0,0,0.01,0,0.01,0,0,0.01,0,0.01,0.01,0.01,0.01,0,0.01,0.01,0.03,0.01,0.01,0.02,0.03,0.01,0,0.01,0.01,0,0.01,0,0.02,0,0.08,0.06,0.16,0.11,0.2,0.2,0.31,-1,-1,-1,-1,-1,-1,-1,-1,-1,-1,0.04,0.03,0.04,0,0.02,0.01,0.02,0.03,0.03,-1,-1,-1,-1,0.06,0.07,0.1,0.1,0.08,0.15,0.09,0.1,0.08,0.02,0.03,0.02,0.08,0.08,0.05,0.1,0.09,0.08,0.13,-1,-1,-1,-1,0.07,-1,0.04,0.06,0.08,0.06,0.05,0.05,0.05,0.1,0.04,0.05,0.05,0.08,0.06,0.06,0.04,0.07,0.08
-1,-1,-1,-1,-1,-1,-1,-1,-1,-1,0.07,0.11,0.09,0.07,0.11,-1,-1,-1,0.11,0.05,-1,0.09,0.11,0.12,0.1,0.05,0.09,0.04,0.07,0.05,0.02,0.02,0,0.05,0.01,0.01,0.01,0.01,0.03,0,0.01,0.02,0.02,0,0.01,0,0,-1,-1,-1,-1,-1,-1,-1,0.01,0,0.01,0,0,0,0,0,0,0,0,0,0,0,0.01,0.01,-1,-1,-1,-1,-1,0,0,0,0,0,0,0,0,0,0,0,0,0,0,0,0,0,0,0,0.01,-1,-1,-1,-1,0,0,0,-1,-1,-1,-1,-1,-1,-1,-1,-1,0.03,0.01,-1,-1,-1,-1,-1,-1,-1,0,0,0,0,0.01,0.01,0.01,0.05,0.03,0.02,0.2,0.33,0.44,0.49,0.43,-1,-1,-1,-1,-1,-1,-1,-1,-1,0.07,0.04,0.01,0.03,0.02,0.02,0.01,0,0.02,0.01,0.01,0,0,0.01,0.02,0.07,0.05,0.03,0.07,0.07,0.1,0.05,0.04,0.08,0.02,0.06,0.04,0.07,0.07,0.04,0.12,0.08,0.09,0,0.03,0.1,0.02,0.03,0.02,0.03,0.07,0.03,0.04,0.04,0.03,0.03,0.03,0.04,0.08,0.06,0.03,0.02,0.07,0.08,0.04,0.1
-1,-1,-1,-1,-1,-1,-1,-1,-1,-1,0.06,0.04,0.04,0.03,0.05,0.12,0.08,-1,0.11,0.03,0.12,0.09,0.1,0.13,0.05,0.1,0.03,0.04,0.03,0.05,0.03,0.01,0.02,0.03,0,0,0.01,0.01,0.01,0.01,0.02,0,0.02,0.01,0,0,0.02,-1,-1,-1,-1,-1,-1,-1,0,0.01,0.01,0,0,0.01,0,0,0,0,0,0,0,0,0,0,-1,-1,-1,-1,-1,0,0,0,0,0,0,0,0,0,0,0,0,0,0,0,0,0,0,0,0,0,-1,-1,-1,-1,0,0,-1,-1,-1,-1,-1,-1,-1,-1,-1,-1,0,-1,-1,-1,-1,-1,-1,-1,0.01,0,0,0,0.01,0.03,0.01,0.05,0.05,0.12,0.26,0.34,0.57,0.77,0.72,0.46,0.39,0.34,0.22,0.15,0.12,0.12,0.04,0.03,0.01,0,0,0,0,0.01,0,0.01,0.02,0,0.01,0,0.01,0.01,0,0.05,0.08,0.08,0.04,0.1,0.07,0.11,0.05,0.04,0.08,0.08,0.08,0.08,0.09,0.09,0.11,0.13,0.07,0.02,-1,-1,0.02,0.02,0.05,0.02,0.06,0.04,0.04,0.04,0.06,0.05,0.02,0.05,0.05,0.04,0.07,0.02,0.09,0.07,0.04,0.05
-1,-1,-1,-1,-1,-1,-1,-1,-1,0.04,0.02,0.05,0.06,0.1,0,0.08,-1,0.1,0.16,0.03,0.02,0.06,0.06,0.09,0.05,0.05,0.02,0,0.01,0.04,0.03,0.03,0.03,0.04,0.02,0.04,0.01,0.01,0.01,0.01,0.01,0.01,0,0.01,0,0.01,0,0.01,0,0,0.01,0.01,0,0,0.02,0.01,0,0,0.01,0,0,0,0,0,0,0,0,0.02,0,0,0,0,0,0,0,0,0,0,0,0,0,0,0,0,0,0,0,0,0,0,0,0,0.01,0,0,0,0,0,-1,0,0.01,0,0,0,0.02,0,0,0.01,0.01,0,0,0.01,0.02,0.01,0.01,0.01,0,0,0.04,0.02,0,0,0,0,0.01,0.02,0.01,0.04,0.07,0.16,0.2,0.4,0.67,0.98,0.99,0.72,0.37,0.32,0.17,0.07,0.01,0.04,0.01,0.02,0.01,0,0,0,0.01,0.01,0.02,0,0,0.01,0,0,0,0.01,0,0.01,-1,-1,0.05,0.05,0.1,0.03,0.08,0.08,0.12,0.1,0.08,0.05,0.12,0.1,0.1,0.1,0.09,0.05,0.05,-1,0.03,0.03,0.08,0.06,0.04,0.04,0.06,0.02,0.04,0.07,0.06,0.06,0.05,0.03,0.08,0.11,0.04,0.05,0.07,0.05
-1,0.01,0.02,0.02,0.04,0.01,0.02,0.02,0.04,0.03,0.04,0.01,0.05,0,-1,-1,-1,0.07,0.07,0.03,0.01,0.07,0.07,0.04,0.03,0.03,0.03,0.02,0.04,0,0.01,0.05,0.03,0.02,0.03,0.04,0,0.02,0,0,0,0,0.01,0,0.02,0.01,0,0.01,0.01,0.01,0.01,0,0.01,0,0,0.01,0.02,0,0.01,0,0,0,0,0,0,0,0.01,0,0,0,0,0.01,0,0,0.01,0,0,0,0,0,0,0,0,0,0,0,0,0,0,0,0,0,0,0,0,0,0,0,0,0,0,0,0,0,0,0,0,0,0,0,0,0,0,0,0,0,0,0,0,0,0,0,0,0,0,0,0.06,0.05,0.04,0.03,0.2,0.29,0.56,0.82,0.71,0.63,0.29,0.26,0.18,0.18,0.12,0.1,0.04,0.05,0.05,0.04,0.04,0.01,0.02,0,0.01,0.05,-1,-1,-1,-1,-1,-1,-1,-1,-1,-1,-1,-1,0.05,0.04,0.12,0.09,0.08,0.14,0.09,0.06,0.13,0.12,0.08,0.1,0.19,0.04,0.03,0.04,0.06,0.03,0.03,0.06,0.05,0.05,0.03,0.05,0.03,0.02,0.03,0.03,0.08,0.03,0.03,0.02,0.02,0.09,0.06,0.07
0,0.01,0.01,0.01,0.01,0.02,0.03,0.02,0.05,0.01,0.03,0.03,0.03,0,0.03,-1,0.07,0.11,0.07,0.01,0,0.03,0.03,0.02,0.04,0.02,0.09,0.01,0.02,0,0.02,0,0,0.03,0.04,0.03,0.03,0.04,0.01,0.02,0.04,0.02,0.03,0.02,0.01,0.03,0.01,0.02,0.02,0.03,0.02,0,0,0,0,0.01,0.01,0.01,0,0,0,0,0,0,0,0.01,0,0,0,0,0,0.01,0,0,0,0,0,0,0,0,0,0,0,0,0,0,0,0,0,0,0,0,0,0,0,0,0,0,0,0,0,0,0,0,0,0,0,0,0,0,0,0,0,0,0,0,0,0,0,0,0,0,0,0.03,0,0,0.07,0.02,0.06,0.05,0.17,0.16,0.31,0.48,0.48,0.34,0.27,0.19,0.2,-1,-1,-1,-1,-1,-1,-1,0.05,0.09,0.02,0.05,0.05,0.03,-1,-1,-1,-1,-1,-1,-1,-1,-1,-1,-1,-1,-1,0.08,0.08,0.15,0.09,0.1,0.14,0.06,0.09,0.08,0.09,0.13,0.12,0.05,0.03,0.05,0,0.05,0.01,0.03,0.04,0.07,0.04,0.05,0.02,0.06,0.06,0.02,0.04,0.02,0.05,0.07,0.07,0.04,0.02,0.03
0,0.01,0.01,0.03,0.02,0.02,0.03,0.04,0.03,0.02,0,0.01,0.01,0.03,0.08,0.05,0.05,0.09,0.03,0.03,0.01,0,0,0.03,0.05,0.09,0.03,0.02,0.05,0,0.04,0,0.03,0.01,0,0,0.02,0.04,0.01,0.01,0.02,0,0.03,0,0.01,0.01,0.01,0.01,0,0.02,0.01,0.02,0.02,0.01,0.01,0.02,0,0,0,0,0,0,0,0,0,-1,-1,-1,-1,-1,-1,-1,-1,-1,0,0,-1,-1,-1,-1,-1,-1,-1,-1,-1,-1,0,0,0,0,0,0,0,0,0,0,0,0,0,0,0,0,0,0,0,0,0,0,0,0,0,0,0,0,0,0,0,0,0,0,0,0,0.01,0.03,0,0.01,0.02,0.02,0.02,0.04,0.07,0.17,0.26,0.22,0.23,0.25,0.2,0.0900000000000001,0.14,0.16,-1,-1,-1,-1,-1,-1,0.07,0.11,0.07,0.04,0.02,0.07,-1,-1,-1,-1,-1,-1,-1,-1,-1,-1,-1,0.06,0.07,0.1,0.09,0.09,0.08,0.12,0.07,0.1,0.11,0.06,0.1,0.06,0.11,0.03,0.02,0.05,0.04,0,0.07,0.08,0.02,0.06,0.06,0.05,0.03,0.06,0.03,0.05,0.07,0.01,0.06,0.05,0.04,0.03,0.01,0.09
0,0,0.02,0,0.02,0.01,0.04,0.02,0.02,0.01,0.01,0.03,0,0.03,0.06,0.06,0.06,0.02,0.03,0.06,0.01,-1,-1,-1,-1,0.03,0.02,0.04,0.03,0.03,0.03,0.02,0,0,0.01,0.01,0.01,0.05,0.02,0.01,0.01,0.04,0.05,0.02,0,0.02,0,0.02,0,0.01,0.01,0.01,0.01,-1,-1,-1,-1,0.01,0,0,0,0,0,0,0,-1,-1,-1,-1,-1,-1,-1,-1,-1,0,0,0,0,0,0,-1,-1,-1,-1,-1,-1,0,0,0,0,0,0,0,0,0,0,0,0.01,0,0,0,0.01,0,0,-1,-1,-1,-1,-1,-1,-1,-1,-1,0,0,0,0,0,0.01,0,0.01,0.01,0,0,0.01,0.02,0,0,0.04,0.05,0.04,0.1,0.13,0.11,0.14,0.11,0.04,0.07,0.06,0.01,-1,-1,-1,-1,-1,-1,0.06,0.05,0.06,0.11,0.02,0.04,-1,-1,-1,-1,-1,-1,-1,-1,-1,0,0.04,0.02,0.05,0.11,0.1,0.07,0.11,0.08,0.08,0.1,0.16,0.1,0.1,0.11,0.04,0.03,0.09,0.06,0.06,0.03,0.01,0.04,0.05,0.02,0.04,0.05,0.03,0.07,0.04,0.04,0.07,0.05,0.06,0.02,0.04,0.09,0.02,0.02
0,0,0,0.03,0.02,0.03,0.02,0.03,0.01,0.03,0.03,0.01,0,0.01,0.01,0.01,0.05,0.04,-1,-1,-1,-1,-1,-1,-1,0.07,0.01,0.03,0.02,0.05,0.01,0.02,0.02,0,0.01,0,0.01,0.01,0,0,0.05,0.01,0.02,0.03,0,0.03,0.01,0.03,0,0,0,0,-1,-1,-1,-1,-1,0.01,0,0,0,0,0,0,0,0.01,0.01,0,0,0,0,0,0,0.02,0,0.01,0,0,0,0,0.01,0,0,0,0,0,0,0,0,0,0,0,0,0,0,0,0,0,0,0,0,0,0,0,-1,-1,-1,-1,-1,-1,-1,-1,-1,0.01,0.03,-1,-1,-1,-1,-1,-1,-1,0.04,0,0,0,0.02,0.01,0.01,0.02,0.03,0.02,0.06,0.06,0.04,0.03,0.02,0.04,0.05,0.02,0.03,0.04,0.02,0.06,0.09,0.05,0.04,0.07,0.08,0.02,0.05,0.04,0.04,0.04,0.05,0.02,0.02,0.01,0.03,0.02,0.01,0.01,0.01,0.03,0.01,0.09,0.09,0.09,0.1,0.06,0.12,0.08,0.09,0.13,0.1,0.09,0.08,0.03,0.04,0.05,0.04,0.04,0.04,0.08,0.06,0.08,0.03,0.02,0.07,0.07,0.05,0.04,0.06,0.02,0.05,0.05,0.02,0.06,0.03,0.02
0,0,0,0.01,0.01,0,0.01,0.01,0.02,0.02,0.04,0,0,0.01,0.05,0.02,-1,-1,-1,-1,-1,-1,-1,-1,-1,-1,0.04,0.01,0.05,0.02,0,0,0.01,0.02,0.01,0.02,0.02,0,0.02,0,0.02,-1,-1,-1,0.02,0.06,0.01,0.01,0,0,0,0.01,0.02,0.03,0.01,0,0.01,0,0,0,0,0,0,0.01,0.01,0,0,0.01,0,0.01,0,0.01,0,0,0,0,0,0,0,0,0.01,0,0,0,0,0,0,0,0,0,0,0,0,0,0,-1,0.01,0,0.01,0,0,0.01,0,0,0,0,0,0.01,0.01,0,0,0.01,0.01,0.01,0,-1,-1,-1,-1,-1,-1,-1,0.01,0,0,0,0.01,0,0.01,0.01,0.01,0.03,0.05,0.02,0.03,0.01,0.03,0.01,0.01,0.03,0,0.03,0.1,0.06,0.09,0.07,0.08,0.02,0.03,0.04,0.02,0.04,0.06,0.01,0.06,0.01,0.02,0.02,0.02,0,0.04,0,0,0.03,0.01,0,0.02,0.16,0.07,0.09,0.07,0.11,0.14,0.13,0.06,0.1,0.04,0.01,0.02,0.02,0.06,0.06,0.04,0.02,0.05,0.03,0.01,0.01,0.05,-1,-1,-1,0.04,0.08,0.03,0.05,0.04,0.06,0.03,0.04
0,0.01,0,0.02,0.01,0.01,0.02,0.01,0.01,0.02,0.03,0,0.01,0.01,0.03,0.01,-1,-1,-1,-1,-1,-1,-1,-1,-1,-1,0.03,0.02,0.05,0.01,0.03,0.03,0.01,0,0.01,0,0.01,0.03,-1,-1,-1,-1,-1,-1,0.01,0.01,0.01,0,0.02,0.03,0.03,0,0.03,0.02,0.01,0.03,0,0,0,0,0,0,0.01,0.01,0.02,0.01,0.01,0,0,0,0.01,0,0,0,0,0.01,0,0,0,0,0,0,0,0,0,0,0,0,0,0,-1,-1,-1,-1,-1,-1,0,0,0,0,0,0.01,0,0,0.01,0,0,0.02,0,0.02,0,0,0.01,0.02,0.02,0,0.03,0.01,0.01,0,0.04,0.02,0.03,0,0,0,0,0.01,0,0.01,0.02,0.02,0.01,0.03,0,0.03,0.01,0.01,0.03,0.02,0,0,0,0.08,0.06,0.07,0.03,0.05,0.06,0.06,0.05,0.02,0.08,0.01,0.03,0.04,0.03,0.02,0,0.02,0.02,0.03,0.03,0.04,0.02,0.03,0.02,0.08,0.08,0.08,0.07,0.14,0.13,0.15,0.09,0.07,0.01,0.04,0.03,0.02,-1,-1,-1,-1,-1,-1,-1,-1,-1,-1,-1,-1,0.06,0.04,0.06,0.02,0.04,0.05,0.08,0.06
0,0.01,0,0.01,0,0,0.02,0.02,0.01,0.01,0,0.01,0.02,0.01,0.01,0.03,0.05,0.01,-1,-1,-1,-1,-1,-1,-1,-1,0.02,0.03,0.02,0,0.04,0.02,0.02,0.03,0.03,0.03,-1,-1,-1,-1,-1,-1,0.01,0.02,0.01,0.04,0.01,0.05,0.01,0.01,0.02,0.02,0.01,0,0.01,0,0,0,0,0,0,0,0,0.01,0.01,0,0.01,0,0,0,0,0,0,0,0,0.01,0.01,0.01,0,0.01,0,0,0,0,-1,-1,-1,-1,-1,-1,-1,-1,-1,-1,-1,-1,0.01,0,0,0.01,0,0.01,0.01,0,0,0,0,0.02,0,0,0.01,0.01,0.01,0,0,0.03,0.01,0,0.05,0,0,0.01,0,0,0.01,0,0,0,0,0.01,0,0,0,0.02,0.01,0.01,0.01,0,0,0.01,0.02,0,0.01,0.01,0.01,0.09,0.05,0.04,0.02,0.08,0.01,0.06,0.03,0.02,0.02,0.01,0.03,0.02,0.01,0.03,0.05,0.04,0.03,0.02,0.04,0.03,0.06,0.03,0.01,0.01,0.08,-1,-1,-1,-1,-1,0.03,0.05,0.12,0.03,-1,-1,-1,-1,-1,-1,-1,-1,-1,-1,-1,-1,0.06,0.04,0.01,0.05,0.03,0.04,0.03,0.04
0,0,0,0,0,0.01,0,0,0.01,0.03,0,0,0.01,0.01,0,0.03,0.04,0.03,0.04,-1,-1,-1,-1,-1,0.01,0.07,0.01,0.02,0.01,0.01,0.02,0.01,-1,0.05,0,0.03,-1,-1,-1,0.01,0.03,0.05,0.01,0.03,0.02,0.05,0.02,0.03,0.04,0.03,0.03,0.02,0,0,0.03,0,0,0,0,0,0.01,-1,-1,-1,-1,-1,-1,-1,-1,-1,0,0,-1,-1,-1,-1,0,0,0,0.01,-1,-1,-1,0.01,-1,-1,-1,-1,-1,-1,0,0,0,0,0,0.01,0,-1,0,0,0,0,0,0,0,0,0.01,0,0,0.01,0.01,0,0.01,0.02,0.02,0.01,0.02,0.01,0,0,0,0,0,0,0.01,0,0,0,0,0,0,0,0,0.01,0,0.01,0.01,0,0,0.01,0.01,0,0.03,0.01,0,0,0.04,0.04,0.03,0.05,0.01,0.03,0.04,0.03,0.01,0.04,0.04,0.02,0.03,0.06,0.02,0.02,0.01,0.03,-1,-1,-1,-1,-1,-1,-1,-1,-1,-1,-1,-1,-1,0.04,0.06,0.14,-1,-1,-1,-1,-1,-1,-1,-1,-1,-1,-1,-1,-1,0.02,0.02,0.05,0.05,0.05,0.02,0.01
0,0.01,0,0.01,0,0.01,0.03,0,0.04,0.04,0,0,0.01,0,0,0,0.02,0.03,0.03,-1,0.03,0.04,0.05,0.02,0.02,0,0.02,0.02,-1,-1,-1,-1,-1,0.04,0.01,0.01,0.03,0.03,0.04,0.05,0.03,0.02,0.01,0.02,0.02,0.04,0.01,0.02,0.02,0.04,0.05,0.01,0.02,0.01,0.01,0,0,0,0,0,-1,-1,-1,-1,-1,-1,-1,-1,-1,-1,0,0,-1,-1,-1,-1,-1,-1,-1,-1,-1,-1,-1,0,0.01,0.01,0,0,0,0,0,0,0,0,0,0.01,0,0,0,0,0,0,0,0,0,0,0,0,0,0.02,0,0,0.01,0.01,0.02,0,0,0,0,0,0,0,0,0,0,0,0.01,0.01,0,0,0,0,0.01,0,0,0.03,0,0,0,0,0,0.01,0.03,0.01,0.01,0.02,0.01,0.01,0.03,0.06,0.03,0.01,0.02,0.01,0.03,0.04,0,0.05,0.01,0.04,0.03,0.04,0.02,0.05,-1,-1,-1,-1,-1,-1,-1,-1,-1,-1,-1,-1,-1,0.03,0.03,0.07,-1,-1,-1,-1,-1,0.04,0.07,0.04,0.04,0.06,0.06,0.06,0.06,0.06,0.03,0.06,0.11,0.04,0.03,0.05
0,0,0.02,0,0.02,0.01,0,0,0.01,0.01,0.02,0,0,0,0.01,0,0.02,0.01,0,0.04,0.02,0.02,0,0.01,0.02,0.03,-1,-1,-1,-1,-1,-1,-1,-1,0.02,0,0,0,0.01,0.01,0.02,0,0.02,0.03,0.05,0.02,0.01,0,0.01,0.06,0.03,0,0.03,0,0.01,0,0,0,0,0,0.02,0,0.02,0,0,0,0,0,0,0,0,0,0.01,0,0,0,-1,-1,-1,-1,-1,-1,-1,0,0,0.01,0.01,0,0,0,0,0,0,0,0,0,0.01,0,0,0,0,0,0,0,0,0,0,-1,-1,-1,-1,-1,-1,-1,0.01,0.01,-1,-1,-1,-1,-1,-1,-1,0,0,0.01,0,0.01,0,0,0,0,0,0,0,0,0,0,0,0,0,0.03,0.02,0.02,0.01,0.02,0.02,0.02,0.01,0.04,0.05,0.01,0.01,-1,-1,-1,-1,-1,-1,0.05,0.01,0.01,0.03,0.03,-1,-1,-1,-1,-1,-1,-1,-1,-1,-1,-1,0.02,0.09,0.05,0.03,0.09,0.06,0.09,0.07,0.05,0.04,0.07,0.09,0.07,0.06,0.05,0.04,0.03,0.06,0.16,0.09,0.05,0.06,0.06,0.07,0.06
0,0,0,0,0,0,0.01,0,0.03,0,0.01,0,0.02,0,0.01,0.03,0,0.01,0.01,0.01,0.03,0.01,0.01,0,0.01,-1,0.01,-1,-1,-1,-1,-1,-1,-1,0.04,0,0.01,0,0.01,0,0.05,0.04,0.07,0.04,0.03,-1,-1,-1,0.09,0.07,0.06,0.04,0.02,0.02,0.02,0,0,0,0,0,0,0,0,0,0,0.01,0.02,0,0.01,0,0,0,0,0,0,0,0,0,0,0.01,0,0,0,0.01,0,0,0,0,0,0,0,0,0,0,0,0.01,0,0,-1,-1,-1,-1,0,0.01,0,0,0,-1,-1,-1,-1,-1,-1,-1,0,0,-1,-1,-1,-1,-1,-1,-1,0,0,0,0,0,0,0,0,0,0,0.01,0,0,0,0.02,0.01,0.03,0.05,0.07,0.03,0.02,-1,-1,-1,-1,-1,-1,-1,-1,-1,-1,-1,-1,-1,-1,-1,0.02,0.1,0.04,0.04,0.05,-1,-1,0.03,0.04,0.04,0.02,0.03,0.04,0.05,0.05,0.06,0.02,0.03,0.02,0.01,0.09,0.01,0.11,0.08,0.15,0.09,0.08,0.08,0.06,0.05,0.06,0.07,0.05,0.07,0.03,0.06,0.06,0.03,0.03,0.07,0.02
0,0,0,0.01,0.01,0,0,0,0,0,0,0,0,0.01,0.01,0.02,0.03,0.03,0.02,0.01,0.02,0.01,0,0.01,0.02,-1,0.03,-1,-1,-1,-1,-1,-1,-1,-1,0.01,0.02,0,0.01,0.02,0.04,0.02,0.11,-1,-1,-1,0.09,-1,-1,0.05,0.03,0.02,0.04,0.01,0,0.02,0,0,0.01,0,0,0,0,0,0,0,0,0,0,0,0,0,0,0.01,0,0,0,0,0,0.01,0,0,0,0,0,0,0,0,0,0,0,0,0,0,0,0,0,-1,-1,-1,-1,-1,0.01,0,0,0,0,0,0.01,0.01,0.01,0,0.02,0,0.04,0,0,0,0,0,0.03,0.02,0.01,0,0,0,0,0,0,0,0,0,0,0,0,0.01,0,-1,-1,-1,-1,-1,-1,-1,-1,-1,-1,-1,-1,-1,-1,-1,-1,-1,-1,-1,-1,-1,-1,-1,0.02,0.03,0.02,0.02,0.03,0.05,0.04,0.05,0.03,0.06,0,0.05,0.09,0.04,0.07,0.05,0.05,0.06,0.03,0.03,0.01,0.03,0.06,0.12,0.12,0.09,0.07,0.06,0.06,0.07,0.06,0.05,0.0900000000000001,0.05,0.02,0.08,0.09,0.09,0.05,0.03
0,0.01,0,0,0,0.01,0,0.01,0,0.01,0,0,0,0,0,0,0,0.03,0.05,0.02,0.01,0,0.03,0.01,0,-1,-1,-1,-1,-1,-1,-1,-1,-1,-1,0,0.04,0.03,0.07,0.01,0.08,0.11,0.06,0.09,0.09,0.11,0.12,-1,-1,0.01,0.06,0.06,0.04,0,0,0,0.01,0.01,0.01,0.01,0.01,0,0.02,0,0.02,0,0,0,0.01,0.01,0,0.01,0,0.01,0,0,0.01,0,0.01,0,0,0,0,0,0,0,0,0,0,0,0,0,0,0,0,0,0,0,0,0,0,0,0,0.01,0,0.01,0,0.01,0,0.02,0,0,0,0.01,0,0,0.01,0.01,0,0,0,0.03,0,0,0,0,0,0,0,0,0,0,0,0,0,0,0,-1,-1,-1,-1,-1,-1,-1,-1,-1,-1,-1,-1,-1,-1,-1,0.04,0.03,0.04,0.03,0.02,0.05,0.01,0.02,0.02,0.04,0.05,0.03,0.02,0.03,0.06,0.05,0.05,0.06,0.03,0.05,0.07,0.04,0.03,0.05,0.03,0.04,0.05,0.06,0.01,0.05,0.03,0.08,0.08,0.05,0.04,0.05,0.05,0.04,0.04,0.04,0.08,0.09,0.01,0.04,0.01,0.03,0.02,0.04
0,0,0.01,0,0.01,0,0.02,0.01,0,0,0,0,0,0.01,0,0.01,0.02,0.01,0.03,0.01,0.01,0.01,0,0.02,0,0.03,-1,0.01,-1,-1,-1,-1,-1,-1,-1,0.04,0.04,0.06,0.06,0.07,0.01,0.02,0.09,0.11,0.12,0.13,-1,-1,-1,0.06,0.06,0.03,0.01,0.01,0.01,0,0.01,0.01,0.01,0,0,0.01,-1,-1,-1,-1,-1,-1,-1,-1,-1,-1,0,0.01,0,0,0.01,0,0,0.01,0,0,0,0.01,0,0,0,-1,-1,-1,-1,0,0,0,0,0,0,0,0,0,0,0.01,0,0,0,0,0.01,0,0,0,0,0,0,0.01,0.01,0,0,0,0,0,0.01,0,0,0,0,0,0,0,0,0,0,0,0,-1,-1,0.04,0,-1,-1,-1,-1,-1,-1,0.02,0.02,0.03,0.07,0.05,0,0.07,0.05,0.04,0.04,0.04,0.02,0.02,0.03,0.05,0.04,0.02,0.06,0.03,0.03,0.03,0.05,0.05,0.02,0.03,0.05,0.03,0.07,0.1,0.08,0.02,0.04,0.07,0.03,0.1,0.03,0.05,0.01,0.03,0.07,0.06,0.04,0.1,0.02,0.05,0.05,0.02,0.02,0.03,0.08,0.06,0.01,0.04,0.06,0.01,0,0
0,0,0,0.01,0,0,0.01,0,0,0,0.01,0,0.01,0.01,0,0,0.02,0.02,0.01,0.01,0,0.04,0.01,0,0.01,0,-1,-1,-1,-1,-1,-1,0.05,0.06,0.05,0.09,0,0.04,0,0.04,0.03,0.08,0.1,0.07,-1,-1,0.17,0.09,0.1,0.03,0.08,0.04,0.06,0.02,0.01,0.02,0.02,0.01,0.03,0,0,0.02,-1,-1,-1,-1,-1,-1,-1,-1,-1,-1,0.01,0,0.02,0,0,0,0,0,0,0,0,0,0,0,0,-1,-1,-1,-1,0,0,0,0,0,0,0.01,0,0,0,0,0.01,0,0,0,0,0,0.01,0,0,0,0.03,0,0,0.01,0.01,0,0.02,0.01,0.01,0.02,0.01,0.01,0,0,0,0,0,0,0,0,0,-1,-1,0,0,0.02,0,0.03,0.02,0,0.03,0.02,0.01,0.04,0.02,0.02,0.02,0.02,0.04,0.03,0.03,0.01,0.03,0.07,0.04,0.02,0.03,0.02,0.02,0.06,0.01,0.05,0.05,0.07,0.03,0.04,0.04,0.07,0.09,0.12,0.05,0.02,0.07,0.09,0.1,0.07,0.08,0.08,0.01,0.06,0.04,0.09,0.04,0.06,0.04,0.05,0.05,0.09,0.02,0.06,0.04,0,0.04,0.03,0.01,0,0.02,0.01
0.02,0,0,0,0,0,0,0,0,0.01,0,0,0,0,0.03,0,0,0.01,0.02,0.02,0.01,0.01,0.02,0.03,0.03,0.02,0.01,-1,0.07,0.02,0.05,0.05,0.02,0.04,0.07,0.12,0.07,0.06,0.03,0.1,0.04,0.08,0.07,0.18,0.14,0.15,0.05,0.09,-1,-1,0.15,0.11,0.02,0.02,0.03,0.03,0.02,0.01,0.03,0.05,0,0.05,0.04,0.06,0.02,0.06,0,0.04,0.01,0.02,0,0.01,0.03,0.01,0,0.01,0.01,0.01,0,0,0,0,0,0,0,0,0,-1,-1,-1,-1,0,0,0,0,0,0,0,-1,-1,-1,-1,0.01,0,0.01,0,0.01,0,0,0,-1,-1,-1,-1,-1,0,0,-1,-1,-1,-1,-1,-1,-1,0,0,0,0,0,0,0,0,0,0.01,0.02,0.03,0,0.02,0.02,0.01,0.01,0.03,0,0.04,0.02,0.01,0.01,0.03,0.01,0.04,0.04,0.03,0,0.02,0.06,0.03,0.04,0.06,0.03,0.03,0.03,0,0.05,0.03,0.03,0.04,0.07,0.1,0.04,0.07,0.08,0.05,0.04,0.04,0.1,0.08,0.08,0.11,0.08,0.03,0.05,0.11,0.13,0.11,0.09,0.09,0.06,0.03,0.02,0.06,0.07,0.04,-1,-1,-1,-1,0.02,0.02,0,0.01
0,0,0,0,0,0.01,0,0,0,0,0,0,0,0,0.01,0.01,0.01,0.01,0.01,0.01,0.02,0.02,0.02,0.01,0.03,0.01,0.02,-1,0.05,0.1,0.05,0.06,0.1,0.09,0.03,0.09,0.11,0.09,0.13,0.07,0.06,0.08,0.1,0.18,0.13,-1,-1,-1,-1,-1,0.06,0.07,0,0.02,0.03,0,0.04,0.01,0.05,0.04,0.03,0,0.01,0.02,0.01,0.01,0.02,0.03,0,0.01,0.01,0.01,0.01,0.02,0.03,0,0.01,0,0,0,0,0,0,0.01,0.01,0,0,-1,-1,-1,-1,0,0,0,0,0,0,-1,-1,-1,-1,-1,-1,0.01,0,0,0,-1,-1,-1,-1,-1,-1,-1,-1,0,0,-1,-1,-1,-1,-1,-1,-1,0,0,0,0,0,0,0.01,0,0,0.01,0,0,0,0.03,0.02,0.05,0.03,0,0.02,0.01,0.01,0.03,0.03,0.03,0.01,0.01,0.02,0.03,0.02,0,0.04,0.05,0.02,0.03,0.01,0.04,0.04,0.03,0.01,0.05,0.04,0.04,0.06,0.06,0.04,0.1,0.13,0.07,0.09,0.07,0.06,0.1,0.07,0.12,0.1,0.12,0.03,0.19,0.18,0.08,-1,-1,-1,-1,-1,-1,-1,-1,-1,-1,-1,-1,0.02,0.01,0.01,0
0,0,0,0,0,0.04,0.02,0,0,0.02,0,0,0.01,0,0,0,0.02,0.01,0.02,0.01,0,0.01,0.01,0.02,0.02,0.04,0.06,0.05,0.06,0.02,0.06,0.09,0.02,0.06,0.07,0.14,-1,-1,0.11,-1,0.12,0.08,0.07,0.03,0.13,0.11,0.13,-1,-1,-1,0.13,0.06,0.07,0.04,0.01,0,0.07,0.07,0.04,0.04,0.06,0.02,0.02,0.02,0,0.04,0.02,0.03,0.02,0,0,0.01,0.02,0,-1,-1,-1,-1,-1,0,0.01,0,0,0,0.01,0,0,0,0,0,0,0,0,0,0,0,0,-1,0,0.01,0,0,0,0,0,0,0.01,-1,-1,-1,-1,0,0.01,0,0,0,0,0.02,0,0,0.01,0,0.01,0,0,0,0,0,0,0,0,0,0,0,0,0,0,0,0.02,0,0.01,0.01,0.01,0.02,0,0.03,0,0.01,0.06,0.02,0.02,0.05,0.02,0.03,0.04,0.02,0.02,0.03,0.04,0.06,0.01,0.04,0.05,0.04,0.08,0.07,0.06,0.04,0.08,0.04,0.03,0.1,0.06,0.04,0.08,0.08,0.1,-1,-1,-1,0.18,-1,-1,-1,-1,-1,-1,-1,-1,-1,-1,-1,-1,-1,-1,-1,0,0.03,0.02,0.01
0.01,0.01,0,0.01,0,0,0,0.01,0,0,0,0.01,0,0.01,0,0,0,0,0.02,0.02,0,0,0.02,0.01,0.04,0.04,0.11,0.07,0.03,-1,-1,0.03,0.02,-1,-1,-1,0.11,-1,0.13,-1,0.18,0.1,0.07,0.02,0.21,-1,-1,-1,-1,-1,0.14,0.1,0.05,0.05,0.09,0.05,0.1,0.05,0.04,0.06,0.08,0.08,0.04,0.04,0.02,0.03,0.02,0.02,0,0,-1,-1,-1,-1,-1,-1,-1,-1,-1,0,0.01,0,0,0.01,0,0,0,0,0,0,0,0,0,0,0,0,0,0,0,0,0,0,0,0,0,0.01,0,0,0,0,0,0,0,0,0.01,0.01,0,0,-1,-1,-1,-1,-1,-1,0,0,0,0,0,0,0,0,0,0,0,0,0,0,0.02,0.02,0.03,0.03,0.03,0.01,0.04,0.05,0.01,0.02,0.01,0.01,0.04,0.02,0.02,0.04,0,0.01,0.02,0.04,0,0.02,0.03,0.03,0.1,0.01,0.03,0.04,0.04,0.05,0.1,0.08,-1,-1,-1,-1,-1,-1,-1,-1,-1,-1,0.29,-1,-1,-1,-1,-1,-1,-1,0.07,0.09,0.02,0.03,0,0,0,0,0,0,0,0
0.01,0,0,0,0.03,0.06,0,0.01,0,0.01,0.04,0.02,0.07,0,0,0,0,0,0,0.01,0.03,-1,-1,-1,0.01,0.02,-1,-1,0.04,0.06,-1,-1,-1,-1,-1,0.13,0.11,-1,0.04,-1,0.13,0.07,0.07,0.06,0.17,0.27,0.24,0.21,0.21,0.2,0.17,0.13,0.14,0.1,0.14,0.12,0.03,0.06,0.04,0.02,0.04,0.05,0,0.01,0.01,0.02,0,0.02,0.01,0,-1,-1,-1,-1,0.01,0,-1,-1,0.03,0,0,0,0,0,0,0,0,0,0,0,0,0,0,0,0,0,0,0,0,0,0,0,0,0,0,0,0,0,0,0,0,0,0,0,0,0,0,0,-1,-1,-1,-1,-1,-1,0,0,0,0,0,0,0,0,0,-1,0.01,0,0,0,0.01,0.03,0.04,0.01,0.03,0.02,0.01,0.02,0.02,0.01,0.01,0.04,0.04,0.02,0.03,0.02,0.01,0,0.01,0.01,-1,-1,-1,0.08,0.02,0.04,0.04,0.1,-1,-1,-1,-1,-1,-1,-1,-1,-1,-1,-1,-1,-1,-1,0.35,0.32,0.32,0.31,0.24,0.12,0.17,0.1,0.13,0.04,0.01,0.03,0.01,0.01,0,0.01,0,0,0,0
0.01,0.01,0.02,0.01,0.01,0.03,0.01,0,0.01,0.03,0.01,0,0.01,0.01,0.02,0,0.02,0.01,0.02,0,0,-1,-1,-1,0.07,-1,-1,-1,-1,-1,-1,-1,-1,-1,-1,0.03,0.08,-1,0.05,-1,0.06,0.07,0.12,0.15,0.18,0.2,0.28,0.31,0.31,0.24,0.19,0.09,-1,-1,-1,-1,-1,-1,-1,-1,-1,-1,0.03,0,0,0.04,0.02,0.01,0.01,0.01,0.03,0.01,0.01,0,0,0.01,0,0.01,0.02,0,0,0,0.01,0.01,0,0,0,0.01,0,0,0,0,0,0,0,0,0,0,0,0,0,0,0,0,0,0,0,0,0,0.01,0,0,0,0,0.01,0,0,0,0,0,0,0.01,0,0.02,0,0,0,0,0,0,0,0,0,-1,0.01,0.01,0,0,0.01,0,0.03,0.01,0.01,0.02,0.01,0.01,0.02,0.01,-1,-1,-1,-1,-1,-1,-1,-1,-1,-1,-1,-1,-1,-1,0.06,0.02,0.08,0.05,-1,-1,-1,-1,-1,-1,-1,-1,0.13,0.13,0.16,0.29,0.51,0.6,0.67,0.66,0.42,0.38,0.18,0.12,0.08,0.06,0.05,0.01,0.01,0.02,0,0,0,0,0,0,0,0
0,0,0,0.01,0.01,0.01,0,0,0.02,0.01,0.01,0.01,0.02,0,0.03,0.03,0.01,0.02,0.03,0,0.02,0.05,-1,-1,-1,-1,-1,-1,-1,-1,-1,-1,-1,-1,-1,0.02,0.01,0.03,0.02,0.04,0.04,0.09,0.11,0.23,0.22,0.41,0.64,0.72,0.67,0.52,0.34,0.23,-1,-1,-1,-1,-1,-1,-1,-1,-1,-1,0.01,0.01,0.05,0.01,0.02,0.01,0.02,0,0.01,0.01,0,0.02,0.01,0.02,0.02,0.01,0,0.01,0,0,0.01,0,0,0,0,0,0,0,0,0,0,0,0,0,-1,-1,-1,-1,-1,-1,0,0,0,0,0,0,0,0.01,-1,-1,0.01,0,-1,-1,-1,-1,-1,-1,-1,-1,-1,-1,0,0,0,0,0,0,0,0,0,-1,0.01,-1,-1,-1,-1,-1,-1,-1,-1,-1,-1,0.02,0.01,0.02,-1,-1,-1,-1,-1,-1,-1,-1,-1,-1,-1,-1,-1,-1,0,0,0,0.02,0.01,0,0,0.01,0,0.02,0.06,0.08,0.06,0.12,0.2,0.37,0.61,0.84,0.96,0.85,0.44,0.37,0.26,0.05,0.06,0.02,0.04,0.02,0.01,0.02,0,0,0.01,0,0,0,0,0
0,0,0,0.01,0,0.01,0,0.03,0.02,0.02,0.01,0.02,0.01,0,0.04,0.01,0.03,0.01,0.09,0.16,0.14,0.11,0.03,-1,-1,-1,-1,-1,-1,0.03,-1,-1,0.07,0.11,0.02,0.03,0.01,0,0.05,0.03,0.08,0.08,0.15,0.2,0.33,0.48,0.88,1,0.89,0.51,0.33,0.27,0.19,0.19,0.12,0.12,0.1,0.09,0.04,0.09,0.06,0.03,0.04,0.01,0.01,0.02,0,0.01,0,0.01,0,0.01,0,0,0,0,0,0,0,0,0.01,0,0,0,0,0,0,0,0,0,0,0,0,0,0,0,0,0,-1,0,0,0,0,0,0,0,0.01,-1,-1,-1,-1,-1,0,0,-1,-1,-1,-1,-1,-1,-1,-1,-1,-1,0,0,0,0,0,0,0,0,0,-1,0,-1,-1,-1,-1,-1,-1,-1,-1,-1,-1,0.01,0,0.02,-1,-1,-1,-1,-1,-1,-1,-1,-1,0.03,0.03,0.03,0.07,0.05,0.01,0.02,0,0.02,0,0.01,0.01,0.02,0.01,0.01,0.03,0.01,0.02,0.12,0.17,0.35,0.57,0.84,0.93,0.820000000000001,0.55,0.37,0.24,0.17,0.11,0.04,0.02,0.06,0.05,0,0.01,0,0,0.01,0,0,0,0
0.02,0,0.02,0.01,0.01,0.02,0.02,0,0.01,0.02,0,0.02,0.02,0.04,0.01,0.01,0.03,0.07,0.06,0.08,0.11,0.14,0.12,0.07,-1,0.02,0.03,0.06,0.04,0.04,0.04,0.06,0.01,0.01,0,0.01,0.02,0,0.04,0.05,0.03,0.04,0.12,0.26,0.29,0.52,0.7,0.84,0.85,0.47,0.34,0.12,0.16,0.07,0.04,0.03,0.01,0.02,0.02,-1,0.07,0.03,0.03,-1,-1,-1,-1,0.02,0.01,0.03,0.03,0.02,0.02,0.02,0.01,0.01,0,0,0,0.01,0,-1,-1,-1,-1,-1,0,0,0,0,0,0,0,0,0,0,0,0,0,0,0,0,0,0,0,0,0,-1,-1,-1,-1,-1,-1,0,-1,-1,0,0,0,0,0,0,0,0,0,0,0,0,0,0,0,0,0.02,-1,0,0,-1,-1,-1,-1,-1,-1,-1,-1,-1,0,0.02,0.01,0.01,0.01,0.03,0.06,0.01,0.08,0.01,0.01,0,0.03,0,0.02,0,0.03,0.03,0.02,0.04,0,0.01,0,0,0,0,0,0.06,0.05,0.08,0.1,0.14,0.24,0.4,0.58,0.68,0.51,0.39,0.31,0.16,0.12,0.1,0.06,0.05,0.04,0.02,0,0.02,0,0,0,0,0.01,0,0
0,0,0,0.01,0,0.02,0,0.02,0,0.01,0.02,0.01,0.01,0.01,0.01,0.01,0.07,0.11,0.09,0.06,0.1,0.07,0.07,0.07,0.1,0.05,0.02,0.04,0,0.01,0.01,0,0.02,0,0,0,0.02,0.03,0.07,0.06,0.14,0.13,-1,-1,-1,-1,0.39,0.6,0.41,0.38,0.19,0.18,0.09,0.1,0.04,0.01,0.05,0.03,0.02,0.05,0.02,0.09,0.03,-1,-1,-1,-1,0.02,0.03,0.01,0.02,0,0.01,0.01,0.01,0,0.01,-1,-1,-1,-1,-1,-1,-1,-1,-1,0,0,0,0,0,0,0,0,0,0,0,0,0,0,0,0,0,0,0,0,0,0,0,0,0.01,0.01,0,0,0,0.01,0,0,0,0.02,0,0,0.01,0,0,0,0,0,0,0,0,0,-1,-1,0,0,0,0,0,0.01,0.03,0.02,0.01,0.01,0.03,0.02,0,0.02,0.01,0.04,0.02,0,0,0.01,0.03,0.08,0.04,0.02,0,0.04,0.05,0,0,0,0,0,0,0.01,0,0.01,0,0.01,0.02,0.06,0.03,0.12,0.11,0.18,0.24,0.39,0.46,0.39,0.28,0.22,0.15,0.12,0.12,0.02,0.03,0.1,0.07,0.07,0.03,0.07,0.04,0.02,-1,-1,-1,0.01
0,0,0,0,0,0,0,0,0.02,0,0,0.02,0,0.01,0,0,0.03,0.07,0.11,0.06,0.12,0.06,0.11,0.02,0.02,0.03,0.02,0.03,0,0.01,0.03,0.02,0.03,0.03,0.01,0.07,0.05,-1,-1,-1,-1,-1,-1,-1,-1,-1,0.3,0.24,0.21,0.24,0.24,0.21,0.12,0.12,0.05,0.12,0.07,0.04,0.03,0.08,0.04,0.02,0,0.05,0.01,0.02,0.04,0.03,0.01,0,0.03,0,0.03,0.01,0.01,0.01,0.01,-1,-1,-1,-1,0,0.02,0,0,0.01,0,0,0,0,0,0,0,0,0,0,0,0,0,0,0,0,0,0,0,0,0.01,0,0,0,0,0,0,0,0,0,0.01,0,0,0.01,0,0,0.01,0,0,0,0,0,0,0,0,0,-1,-1,-1,-1,-1,0,0.01,0,0,0,0,0.01,0.02,0.02,0,0.02,0,0.03,0.02,0.03,0.03,0.05,0.02,-1,-1,-1,-1,-1,-1,0,0,0,0,0,0,0,0.01,0.01,0.01,0,0.01,0.01,0.01,0.1,0.11,0.12,0.12,0.17,0.17,0.19,0.24,0.11,0.16,0.05,0.08,0.12,0.12,-1,-1,-1,-1,-1,-1,-1,-1,-1,-1,0.04
0,0,0,0,0,0.01,0.01,0,0,0,0,0,0,0,0,0.01,0.01,0.02,0,0.01,0,0.01,0.03,0.02,0.02,0.05,0.05,0.03,0.07,-1,-1,-1,-1,0.03,0.05,0.02,0.03,-1,-1,-1,-1,-1,-1,-1,-1,0.2,0.22,0.14,0.12,0.11,0.17,-1,-1,-1,-1,-1,-1,-1,-1,-1,-1,0.03,0.05,0.01,0.02,0,0.01,0,0,0,0.01,0.02,0.02,0.02,0.01,0,0.01,0,0.01,0.01,0,0,0.01,0,0.01,0,0,0,0,0,0,0,0,0,0,0,0,0,0,0,0,0,0,0,0,0,0,0,0,0,0,0,0,0,0,0,0,0,0,0,0,0,0,0,0,0,0,0,0,0,0,0.01,0,-1,-1,0,0,0,0,0.02,0.02,0.01,0.02,0.01,0.03,-1,-1,-1,0,0.02,0,0.03,-1,-1,-1,-1,0.04,0.02,0.02,0.02,0.01,0,0,0,0,0.01,0.01,0,0,0.01,0.03,0.01,0.04,0.02,0.01,0.07,0.01,0.07,0.11,0.09,0.07,0.09,0.13,-1,0.12,0.08,-1,-1,-1,-1,-1,-1,-1,-1,-1,-1,-1,-1,-1,0.01
0,0,0.01,0,0,0,0,0,0.01,0,0,0,0.02,0,0,0.01,0.01,0.02,0.01,0.02,0.02,0.02,-1,-1,-1,-1,-1,-1,-1,-1,-1,-1,-1,0.04,0.05,0.01,0.05,-1,-1,0.09,0.1,0.09,0.1,0.12,0.14,0.17,0.06,0.14,0.13,0.13,0.15,-1,-1,-1,-1,-1,-1,-1,-1,-1,-1,0.01,0.02,0.01,0,0.02,0,0.03,0.06,-1,-1,-1,-1,0.03,0.01,0.01,0.02,0,0,0,0,0,0.01,0.01,0,0.02,0,-1,-1,-1,-1,-1,0,0,0,0,0,0,0,0,0,0,0,0,0,0,0,0,0,0,0,0,0,-1,-1,-1,-1,-1,-1,-1,-1,-1,-1,-1,0,0,0,0,0,0,0,0,0,0,0,0,0,0,0,0,0,0,0.01,0.01,-1,-1,-1,-1,0,0.01,0.03,0.03,0.02,-1,-1,-1,-1,-1,-1,-1,-1,-1,0,0,0,0,0,0,0,0,0,0.03,0.08,0.06,0.06,0.12,0.12,-1,-1,-1,-1,-1,-1,-1,0.04,0.1,-1,-1,-1,-1,-1,-1,0.04,0.07,0.04,0.02,0.02,0.01,0.03,0.03
0,0,0,0.01,0,0.01,0,0.02,0,0,0.03,0.01,0.02,0.04,0.01,0.02,0.01,0.05,0.01,0.06,0.05,-1,-1,-1,-1,-1,-1,-1,-1,-1,-1,0.08,0.02,0.05,0.02,0.02,0.03,0.04,0.03,0.07,0.08,0.09,0.02,0.1,0.08,0.15,0.09,0.11,0.07,0.15,-1,-1,-1,-1,-1,-1,0.05,0.05,0.05,0.05,0.06,0.03,0.06,0.04,0.02,0.02,-1,-1,-1,-1,-1,-1,-1,0.01,0.01,0,0,0.02,0,0.03,0,0,0.02,-1,-1,-1,-1,-1,-1,-1,-1,-1,0,0,0,0,0,0,0,0,0,0,0,0,0,-1,-1,-1,-1,-1,-1,0,0.01,-1,-1,-1,-1,-1,-1,-1,-1,-1,-1,-1,0,0,0,0,0,0,0,0,0,0.01,0,0,0,0.01,0,0,-1,-1,0.01,-1,-1,-1,-1,-1,0,0.02,0.01,0.02,0,0.03,0.01,0.03,0.02,0.03,0,0.02,0.01,0.01,0,0,0,0,0,0,0,0.01,0.02,-1,-1,-1,-1,-1,-1,-1,-1,-1,-1,-1,-1,-1,0.1,0.07,0.07,0.07,0.04,0.06,0.04,0.04,0,0.01,0.03,0.01,0,0.04,0.03,0.03
0,0.01,0,0,0,0,0,0,0.03,0.01,0,0,0.01,0.01,0.04,0.02,0.04,0.02,0.03,0.03,0.05,-1,-1,-1,0.06,0.02,0.03,0.04,0.04,0.03,0.03,0.04,0.03,0,0.07,0.03,0.06,0.01,0.03,0.07,0.07,0.05,0.09,0.02,-1,-1,-1,0.13,0.03,0.09,-1,-1,-1,-1,-1,-1,-1,-1,0.05,0.05,0.03,0.07,0.04,0.02,0.04,0.03,-1,-1,-1,0.01,0.01,0.01,0.03,0.03,0.02,0,0.03,0.02,0.03,0,0,0,0,-1,-1,-1,-1,0,-1,-1,0,0,0,0,0,0,0,0,0,0,0,0,0,0,0,-1,-1,-1,-1,-1,-1,0,0,-1,-1,-1,0,0,0,0,0.01,0,0,0,0,0,0,0,0,0,0,0,0,0,0,0,0,0,0.01,0.01,-1,-1,0.03,0,-1,-1,-1,-1,0.02,0.01,0.01,0.01,0,0.02,0.02,0.04,0,0.01,0,0,0,0,0,0,0,0,0,0,0.02,0.02,0.03,-1,-1,-1,-1,-1,-1,-1,-1,-1,-1,-1,0.1,0.06,0.1,0.04,0.05,0.03,0.06,0.08,0.07,0.04,0.08,0.04,0.02,0.04,0.04,0.01,0.04,0.04
0,0,0,0,0,0,0,0.01,0,0,0,0.02,-1,-1,0.02,-1,0.01,0.02,0.04,0.03,0.06,0.03,0.03,0.03,0.04,0.07,0.02,0.05,0.07,0.06,0.03,0.03,0.05,0.04,0.03,0.01,0.01,0.05,-1,-1,-1,-1,-1,-1,-1,-1,-1,0.05,0.03,0.1,-1,-1,-1,-1,-1,-1,-1,-1,-1,-1,-1,-1,0.03,0.03,0.03,0.03,0.04,0.02,0.02,0.04,0,0.01,0,0,0.02,0.01,0.01,0,0.01,0,0,0.01,0.01,-1,0,0.01,0.03,0.01,0,0,0,0,0,0,0,0,0,0,0,0,0,0,0,0,0,0,0,0,0,0,0,0,0,0,0,0,0,0,0,0,0,0,0,0,0,0,0,0,0,0,0,0,0,0,0,0,0,0,0,0,0,0.02,0.01,0.01,-1,-1,-1,0,0.02,0.01,0.01,0,0,0.03,0,0.01,0,0,0,0,0,0,0,0,0,0,0.02,0,0.02,0.01,0.04,0.05,-1,-1,-1,0.05,0.02,0.05,0.06,0.07,0.06,0.05,0.1,0.09,0.08,0.06,0.05,0.05,0.04,0.01,0.01,0.06,0.01,0.02,0.03,0.02,0.01,0.04,0.02,0.01
0,0,0,0,0,0,0.01,0.01,0.01,0.02,0.01,0.01,0.05,-1,-1,-1,-1,0.05,0.04,0.03,0.04,0.02,0.01,0.03,0.06,0.04,0.02,0.04,0.05,0.09,0.06,0.08,0.01,0.09,0.05,0.04,0.03,0.03,-1,-1,-1,-1,-1,-1,-1,-1,-1,0.07,0.01,0.06,-1,-1,-1,-1,-1,-1,-1,-1,-1,-1,-1,-1,0.03,0.05,0.04,0.02,0.01,0.01,0.03,0.01,0.01,0.01,0,0,0,0.02,0.02,0.02,0.02,0,0,0.01,0,0,0.01,0.01,0.01,0,0,0,0,0,0,0,0,0,0,0,0,0,0,0,0,0,0,0,0,0,0,0,0,0,0,0,0,0,0,0,0,0.01,0,0,0,0,0,0,0,0,0,0,0,0,0,0,0,0,0,0,0.01,0,0.02,0.01,-1,0,0,-1,-1,-1,0.01,0.01,0,0,-1,-1,-1,-1,-1,-1,-1,-1,-1,-1,-1,0.03,0,0.04,0.06,0,0.03,0.02,0.03,0.03,0.06,0,0.03,0.05,0.04,0.04,0.06,0.1,0.06,0.02,0.06,0.03,0.1,0.08,0.02,0.06,0.07,0.07,0.03,0.02,0.03,0.02,0.04,0.04,0.02,0.02,0.05,0.01
-1,0.01,0,0,-1,-1,-1,-1,-1,-1,0.01,0.02,-1,-1,-1,-1,-1,0.01,0,0.04,0.07,0.06,0.05,0.04,0.02,0.03,0.07,-1,-1,-1,-1,-1,-1,-1,0.06,0.08,0.07,0.07,-1,-1,-1,-1,-1,0.07,0.07,0.05,0.05,0.05,0,0.01,0.04,0.05,0.06,0.05,0.06,0.02,0.03,0.07,0.05,0.04,0.03,0.01,0.04,0.01,0.03,0.01,0.01,0.01,0.02,0.03,0.03,0,0.02,0.02,0,0.02,0,0.01,0.01,0.01,0,0.01,0,0,0,0,0,0.01,0,0,0,0,0,0,0,0,0,0,0,0,0,0,0,0,0,0,0,0,0,0,0,0,0,0,0,0,0,0,0,0,0,0,0,0,0,0,0,0,0,0,0,-1,-1,-1,-1,-1,-1,-1,-1,-1,-1,0.01,-1,0,0.01,0.02,0,-1,-1,0,0,0,-1,-1,-1,-1,-1,-1,-1,-1,-1,-1,-1,0.01,0,0,0.01,0.02,0,0.02,0.02,0.03,0,0.02,0.04,0.02,0.02,0.04,0.03,0.06,0.04,0.04,0.07,0.04,0.07,0.05,0.02,0.05,0.05,0.04,0.1,0.03,0.02,0.02,0.01,0.04,0.03,0.02,0.02,0.01
-1,-1,0,0.01,-1,-1,-1,-1,-1,-1,-1,-1,-1,-1,-1,-1,-1,0.03,0.02,0.02,0.02,0.02,-1,-1,-1,-1,-1,-1,-1,-1,-1,-1,-1,-1,-1,0.05,0.04,0.02,0.01,0.04,0.06,0.04,0.11,0.07,0.08,0.03,0.1,0.03,0.02,0.01,0.12,0.09,0.09,0.07,0.04,-1,-1,-1,-1,-1,0.03,0.01,0.02,0.03,0.06,0.04,0.02,0.02,0,0,0.01,0.02,0.01,0.03,0.03,-1,-1,0.03,-1,-1,0.02,0,0,0.01,0.02,0,0,0,0,0,-1,-1,-1,-1,-1,-1,-1,0,0,0,0,0,0,0,0,0,0,0,0,0,0,0,0,0,0,0,0,0,0,0,0,0,0,0,0,0,0,0,0,0,0,-1,-1,-1,-1,-1,-1,-1,-1,-1,0,0.01,-1,-1,-1,-1,-1,0,-1,0,0.01,0,0,0,0.01,0,0.01,0,0.02,0,0,0,0.02,0,0.01,0.01,0.01,0,0.01,0.04,0.02,0.02,0.04,0.02,0.04,0.06,0.05,0.09,0.05,0.04,0.08,0.02,0.08,0.02,0.05,0.04,0.07,0.03,0.03,0.04,0,0.04,0.01,0.01,0.02,0.04,0.04,0.02,0.01,0.04
-1,-1,-1,-1,-1,-1,-1,-1,-1,-1,-1,-1,-1,-1,-1,-1,-1,0.03,0.03,0,0.02,0.06,-1,-1,-1,-1,-1,-1,-1,0,0.01,0.02,0.02,0.02,0.08,0.02,0.03,0.04,0.02,0.03,0.02,0.04,0.05,0.02,0.06,0.03,0.11,0.04,0,0.04,-1,-1,-1,-1,-1,-1,-1,-1,-1,-1,0.05,0.05,0.03,0.06,0.01,0.02,0.03,0.05,0.04,-1,-1,0.02,-1,-1,0.04,-1,-1,-1,-1,-1,0,0.01,0.01,0,0,0,0,0,0,-1,-1,-1,-1,-1,-1,-1,-1,0,0,0,0,0,-1,-1,-1,-1,-1,-1,-1,-1,-1,-1,0,-1,-1,-1,-1,-1,-1,-1,-1,-1,-1,-1,0,0,0,0,0,0,0,-1,-1,0,0,0,0,0,0,0,0,-1,-1,-1,-1,-1,-1,0,-1,0,0,0,0.01,0,0,0,0,0,0,0.02,0.02,0,0,0.02,0.02,0.02,0.02,0.02,0.02,0.01,0.03,0.02,0.03,0.03,0.03,0.04,0.01,0,0.04,0.02,0.05,0.03,0.05,0.01,0.07,0.03,0.04,0.02,0.03,0.05,0.03,0.01,0.02,0.03,0.02,-1,-1,-1,0,0
-1,-1,-1,-1,-1,-1,0,0,0,0,0,0,0.01,0.01,0.01,0,0.03,0.03,0,0,0.01,0.02,0,0.02,0,0.01,0,0.01,0.02,0.01,0.01,0.01,0.04,0.03,0.05,0.01,0.02,0.03,0.03,0.01,0.01,0.03,0.05,0.08,0.06,0.14,0.03,0.03,0.07,0,0.06,-1,-1,-1,-1,-1,-1,-1,-1,0,0.01,0.02,0.04,0.04,0.02,0.01,0.04,0.02,0.01,-1,-1,-1,-1,-1,0.01,0,-1,-1,-1,0.01,0,0.01,0.01,0,0.01,0,0,0,0,-1,-1,-1,0,0,0,0,0,0,0,0,0,0,-1,-1,-1,-1,-1,-1,-1,-1,-1,-1,0,-1,-1,-1,-1,-1,-1,-1,-1,-1,-1,-1,0,0,0,0,0,0,0,-1,-1,0,0,0,0,0,0,0,0,-1,-1,0,0,0,0,0,0,0,0,0.01,0,0,0,0.01,0.02,0,0.02,0.02,0.02,0,0,0,0.02,0.02,0.01,0.02,0.01,0.02,0,0.02,0.01,0.02,0.01,0.03,0.02,0,0.02,0.04,0.01,0.03,0.01,0.02,0.05,0.03,0.01,0.03,-1,-1,-1,-1,-1,-1,-1,-1,-1,-1,-1,0.02
-1,-1,0,0,0,0.01,0.01,0,0,0,0.02,0.01,0.02,0.01,0.04,0,0.02,0.02,0.01,0.02,0.01,0.01,0.03,0,0.03,0.02,0,0.01,0.07,0.03,0.03,0.03,0.04,0.02,0.06,0.02,0.01,0.03,0.06,0.02,0.04,-1,-1,0.04,0.05,0.06,0.08,0.04,0.05,0.01,0.08,-1,-1,-1,-1,-1,-1,-1,-1,0.03,0.07,0.04,0.02,0.04,0.03,0.04,0.01,0.03,0.01,0.03,-1,-1,-1,0.01,0.01,0,-1,-1,-1,0.03,0.01,0,0,0.01,0,0,0.01,0,0,0,0,0,0,0,0,0,0,0,0,0,0,0,0,0,0,0,0,0,0,0,0,0,0,0,0,0,0,0,0,0,0,0,0,0,0,0,0,0,0,0,0,-1,-1,0,0,0,0,0,0,0,0,0,0,0,0,0,0,0,0,0,0,0.01,0,0.01,0.02,0,0.01,0.02,0.01,0,0.02,0.01,0,0,0,0,0,0,0.02,0.02,0.01,0.03,0.02,0,0.03,0.01,0.04,0.02,0.01,0.02,-1,0.01,0.03,0.03,0.03,0.04,-1,-1,-1,-1,-1,-1,-1,-1,-1,-1,0.02,0,0.05,0.01
0,0.01,0,0,0,0,0,0,0,0.01,0.03,0.01,0,0.01,0,0,0,0.03,0,0,0.05,0.01,0.02,0.02,0.01,0.04,0.01,0.04,0.01,0.03,0.02,0.04,0,0.02,0.03,0.02,0.03,0.02,0.02,0.03,0,0.07,0.04,0.07,0.08,0.04,0.07,0.08,0.05,0,0.13,0.15,0.06,0.08,0.07,0.05,0.03,0.09,0.05,0.03,0.04,0.03,0.06,-1,-1,0.02,0,0.01,0.02,0.06,-1,-1,-1,0.02,0,0.04,-1,-1,0.02,0.01,0,-1,0,0,0,0,0,0,0,0,0,0,0,0,0,0,0,0,0,0,0,0,0,0,0,0,0,0,0,0,0,0,0,0,0,0,0,0,0,0,0,0,0,0,0,0,0,0,0,0,-1,-1,-1,0,0,0,0,0,0,0,0,0,0.01,0.01,0,0,0,0,0,0,0,0.01,0.03,0.01,0,0,0,0,0,0,0,0,-1,-1,0.02,0.01,0.01,0.01,0.03,0.02,0.01,0.01,-1,-1,-1,-1,-1,-1,-1,-1,-1,0.04,0,0.02,0.02,0.05,0.01,-1,-1,0.03,0.02,0.03,0.01,0.02,0.01,0.01,0.02,0.04,0.02,0
0,0,0,0,0,0,0,0,0,0.02,0.01,0,0.01,0.01,0,0.01,0,0,0,0,0,0,0.01,0.02,0.02,0,0.01,0.02,0,0.01,0.02,0.01,0.03,0.05,0.02,0.03,0.03,0.05,0.05,0.04,0.02,0.01,0,0.05,-1,-1,-1,-1,-1,0.08,0.07,0.03,0.1,0.05,0.05,0.05,0.04,0.06,0.04,0,0.1,-1,-1,-1,-1,-1,0.02,0.01,0.01,0.01,0.03,0.04,0.02,0.01,0,0.01,0.01,0.01,0,0,0,0,0,0,0,0,0,0,0,0,0,0,0,0,0,0,0,0,0,0,0,0,0,0,0,0,0,0,0,0,0,0,0,0,0,0,0,0,0,0,0,0,0,0,0,0,0,0,0,0,-1,-1,-1,-1,-1,-1,-1,-1,-1,0,-1,-1,-1,-1,-1,-1,-1,-1,-1,0,0,0,0.01,0,-1,-1,0,-1,-1,-1,-1,-1,-1,-1,-1,0.03,0,0.01,0,-1,-1,-1,-1,-1,-1,-1,-1,-1,-1,-1,-1,-1,0,0.04,0.01,0,0.01,0.03,0.02,0,0.01,0.02,0.03,0,0.02,0.03,0.01,0,0,0.05
0,0,0,0,0,0,0,0,0,0,0.02,0.01,0.01,0.02,0.02,0,0.02,0.02,0.01,0.01,0,0.03,0.01,0.01,0.01,0.03,0,0,0,0.01,0.04,0.02,0.02,0.02,0.01,0.02,0.08,0.11,0.16,0.15,0.1,0.03,0.03,0.02,-1,-1,-1,-1,-1,0.05,0.06,-1,-1,-1,-1,-1,-1,-1,-1,-1,0.05,-1,-1,-1,-1,0.02,0.03,0.02,0.02,0,0.02,0.02,0,0.01,0,0,0,0,0,0.01,0,0,0.01,0,0,0,0,0,0,0,0,0,0,0,0,0,0,0,0,0,0,0,0,0,0,0,0,0,0,0,0,0,0,0,0,0,0,0,0,0,0,0,0,0,0,0,0,0,0,0,-1,-1,-1,-1,-1,-1,-1,-1,-1,0,-1,-1,-1,-1,-1,-1,-1,-1,-1,0,0,0.01,0,0.01,-1,-1,-1,-1,-1,-1,-1,-1,-1,-1,-1,0,0,0,0,-1,-1,-1,-1,-1,-1,-1,0,0.01,0.02,0,0,0.02,0,0,0,0.04,0,0.01,0,0.01,0.02,0.04,0.02,0,0,0,0.01,0,0.02,0
0,0,0,0,0,0,0,0,0,0,0,0.01,0,0,0,0,0,0.02,0.01,0.02,0.02,0,0,0.01,0.02,0.02,0.02,0.01,0.03,0.02,0.02,0,0,0.01,0.02,0.06,0.04,0.05,-1,-1,0.04,0.04,0.04,0.04,0.06,0.05,0.06,0.07,0.13,0.01,0.14,0.08,0.06,0.11,0.06,0.08,0.09,0.07,0.08,0.07,0.09,0.06,-1,-1,-1,0.03,0.03,0.03,0.01,0.04,0.02,0,0.01,0.02,0.03,0,0.01,0,0.01,0,0,0,0,0,0,0,0,0,0,0,0,0.01,0,0,0,0,0,0,0,0,0,0,0,0,0,0,0,0,0,0,0,0,0,0,0,0,0,0,0,0,0,0,0,0,0,0,0,0,0,0,-1,-1,0,0,0,0,0,0,0,0,0,0,0,0,0,0,0,0,0,0,0.01,0,0,0,-1,-1,-1,-1,0,0.01,0.01,0.01,0,0,0,0,0.01,0.01,0.02,0,0.01,0.07,0.01,0,0.04,0,0,0.02,0,0.03,0,0.01,0.01,0,0,0.02,0.02,0.02,0.04,0.01,0.01,0.02,0,0.01,0,0.02,0.01,0,0.01,0
0,0,0,0,0,0,0,0,0,0,0.02,0.01,0.02,0,0,0.01,0,0.03,0,0.02,0,0,0.01,0,0.01,0,0.02,0.02,0.01,0.01,0.05,0.02,0.01,0.06,0.04,0.04,0.06,0.05,0.08,0.08,0.05,0.04,0.01,0.02,0.02,0.06,0.12,0.04,0.1,0.06,0.07,0.09,-1,-1,-1,-1,-1,-1,0.05,0.02,0.08,0.03,0,-1,-1,-1,0.06,0.03,0,0.01,0,0,0.01,-1,-1,0.03,0.03,0,0,0.01,0.01,0,0.02,0.01,0,0,0,0,0,0,-1,-1,-1,-1,0,0,0,0,0,0,0,0,0,-1,-1,-1,-1,-1,-1,-1,0,0,0,0,0,-1,-1,-1,-1,-1,-1,-1,0,0,0,0,0,0,0,0,-1,-1,0,0,0,0,0,0,-1,-1,0,0,0,0,0,0,0,0.01,0,0,0.02,0,0,0,0,-1,-1,-1,-1,-1,-1,-1,-1,0.01,0.02,0.01,0.02,0.01,0,-1,0,0.02,0,0.02,0.03,0.01,0.02,0.02,0.01,0.01,0.01,0,0.01,0.01,0.02,0.03,0.05,0.01,0.01,0.02,0.01,0.01,0.01,0.02,0,0,0,0,0.02,0.03
0,0,0,0,0,0,0,0,0,0,0,0,0.02,0.02,0,0,0.03,0.01,0.01,0.01,0.01,0.01,0.02,0.01,0,0.01,0.03,0.02,0.01,0.04,0.02,0.03,0.02,0.04,0.03,0.05,0.03,0.01,0.02,0.03,0.07,0.05,0.01,0.04,0.07,0.08,0.07,0.09,0.14,0.1,0.11,0.06,-1,-1,-1,-1,-1,-1,0.1,0.04,0.03,0.02,0.02,0.03,0.02,0.04,0.05,0.01,0.05,0.02,0.02,0,0,-1,-1,-1,-1,-1,-1,-1,-1,-1,-1,-1,-1,-1,0.01,0,0,0,-1,-1,-1,-1,0,0,0,0,0,0,0,0,0,-1,-1,-1,-1,-1,-1,-1,0,0,0,0,0,-1,-1,-1,-1,-1,-1,-1,0,0,0,0,0,0,0,0,-1,-1,0,0,0,0,0,0,-1,-1,0,0,0,0,0,0,0,0,0,0,0,0.02,0,0,0,-1,-1,-1,-1,-1,-1,-1,-1,0,0.01,0,0,0.01,0,-1,0.01,0.02,0.01,0.02,0.01,0.01,0.01,0.01,0,0.01,0.02,0.02,0,0.04,0.01,0,0.01,0.02,0,0,0.03,0,0.01,0,0.01,0.01,0.01,0,0.01,0.02
0,0,0,0,0,0,0,0,0,0,0,0,0,0.02,0.02,0.01,0.01,0.03,0.04,0.02,0,0.02,0.03,0.01,0.03,0,0.06,0.06,0.03,0.08,0.07,0.03,0.06,0.04,0.06,0.09,0.05,0.05,0.1,0.09,0.12,0.07,0.08,0.08,0.06,0.18,0.15,0.15,0.3,0.23,0.18,0.23,0.19,0.24,0.16,0.18,0.11,0.1,0.06,0.08,0.1,0.06,0.03,0.01,0.02,0.05,0.03,0.01,0.01,0.01,0.01,0,0,0,0,0,0,0,0.01,0,0,0.02,0.01,0,0,0,0,0,0,0,0,-1,-1,-1,0,0,0,0,0,0,0,0,0,0,0,0,0,0,0,0,0,0,0,0,0,0,0,0,0,0,0,0,0,0,0,0,0,0,0,0,-1,-1,0,0,0,0,0,0,-1,-1,0,0,0,-1,0,0,0,0,0,0,0,0,0,0,0,0,0,0,0,0,0,0,0.01,0,0,0.02,0.01,0.01,0,0,0.02,0,0.01,0.01,0.01,0.01,0.01,0.03,0.01,0,0,0.01,0,0.02,0.02,0.04,0.01,0.02,0.02,0.01,0,0,0.01,0,0,0,0.01,0.01,-1,0.01
0,0,0,0,0.01,0.01,0,0,0,0,0,0.01,0,0,0,0.01,0.04,0.01,0,0,0,0.02,0.01,0.03,0.02,0.04,0.03,0.02,0.04,0.03,0.04,0.06,0.07,0.08,0.04,0.05,0.05,0.04,0.07,0.06,0.07,0.11,0.13,0.08,0.11,0.08,0.17,0.21,0.26,0.26,0.33,0.39,0.27,-1,-1,-1,-1,-1,-1,-1,0.06,0.07,0.03,0.07,0.05,0.01,0.04,0.02,0.01,0,0,0,0.03,0,-1,-1,-1,0.02,0.01,-1,-1,-1,-1,-1,0,0,0,0,0,0,0,0,0,-1,0,0,0,0,0,0,0,0,0,0,0,0,0,0,0,0,0,0,0,0,0,0,0,0,0,0,0,0,0,0,0,0,0,0,0,-1,-1,-1,0,0,0,0,0,0,0,0,0,0,0,0,0,0,0,0,0,0,0,0,0,0,0,-1,0,0,0,-1,-1,0,0.01,0,-1,-1,0,0,0.03,-1,0,0.02,0.02,0,0,0,0.02,0.01,0.02,0.01,0,0.01,0,0.01,0.03,0.01,0,0.01,0,0.01,-1,0,0.01,-1,-1,-1,-1,-1,-1,-1
0,0,0,0.02,0,0,0,0,0.01,0,0,0,0,0,0.01,0,0,0.01,0,0.03,0.03,0.03,0.02,0.02,0.02,0.02,0.02,0.03,0.03,0.05,0.05,0.01,0.03,0.04,0.07,0.06,0.06,0.05,0.11,0.08,0.07,0.14,0.18,-1,-1,-1,-1,-1,-1,-1,-1,0.55,0.38,0.18,0.17,0.11,0.07,0.05,0.06,-1,0.06,0.06,0.06,0.03,0.04,0.02,0,0.01,0.01,0,0,0,0,0,-1,-1,-1,0,0.03,0.01,-1,-1,-1,-1,0,-1,-1,-1,0.01,0,0,0,0,-1,0,0,0,0,0,0,0,0,0,-1,-1,-1,-1,-1,-1,-1,0,0,0,0,0,0,0,0,0,0,0,0,0,0,0,0,0,0,0,-1,-1,-1,-1,-1,-1,-1,-1,0,-1,-1,-1,-1,-1,-1,-1,-1,-1,-1,-1,-1,0,0,0,0,-1,-1,-1,-1,-1,-1,-1,-1,-1,-1,-1,-1,0.02,0.01,0,0,0,0,0.01,0,0.01,0.01,0,0.01,0.01,0,0,0,0.02,0.02,0.01,0.03,0.01,0,0.01,0.02,-1,-1,-1,-1,-1,-1,-1,-1,-1,-1
0,0,0,0.02,0,0,0,0.01,0,0,0,0,0,0,0,0,0.02,0.01,0.05,0.03,0.03,0.05,0.02,0.03,0.02,0.02,0.01,0.02,0.01,0.08,0.03,0.08,0.05,0.05,0.04,0.1,0.05,0.13,0.06,0.05,0.09,0.11,0.16,-1,-1,-1,-1,-1,-1,-1,-1,0.52,0.41,0.26,0.19,0.12,0.14,0.09,0.02,0.08,0.04,0.03,0.03,0.02,0.08,0.01,0.01,0.03,0.01,0,0,0,0.01,0,0.02,0.01,0.05,0,0,0,0,0,0,0,0,0,0,0,0,0,0,0,0,0,0,0,0,0,0,0,0,0,0,-1,-1,-1,-1,-1,-1,-1,0,0,0,0,-1,-1,-1,-1,-1,-1,-1,0,0,0,0,0,0,0,0,-1,-1,-1,-1,-1,-1,-1,-1,0,-1,-1,-1,-1,-1,-1,-1,-1,-1,-1,-1,-1,0,0,0,0,-1,-1,-1,-1,-1,-1,-1,-1,-1,0,0,0.02,0.02,0,0.03,0.01,0.02,0,0,0,0.01,0.01,0,0,0,0,0.02,0,0.01,0.01,0.01,0.01,0,0,0,0.01,-1,-1,-1,0,0,0,0.01,0.01,0,0
0,0.01,0.01,0.01,0,0,0.02,0.03,0,0.01,0,0.02,0.01,0,0,0.01,0.02,0.04,0.06,0.07,0.08,0.01,0.04,0.06,0.02,0.03,0.08,0,0.05,0.07,0.08,0.05,-1,-1,-1,-1,-1,-1,-1,-1,0.13,0.03,0.15,0.12,0.12,0.18,0.18,0.26,0.51,0.47,0.53,0.47,0.3,0.27,-1,-1,-1,-1,-1,-1,-1,-1,-1,-1,-1,-1,-1,-1,-1,-1,0.03,0.02,0.01,0,-1,-1,-1,-1,-1,-1,-1,-1,-1,-1,-1,-1,-1,-1,-1,-1,-1,0,0,0,0,0,0,0,0,0,0,0,0,0,0,0,0,0,0,0,0,0,0,0,-1,-1,-1,-1,-1,-1,-1,0,0,0,0,0,0,0,0,-1,-1,0,-1,-1,0,0,0,0,0,0,0,0,0,0,0,0,0,0,0,0,0,0,0,0,0,0,0.01,0.02,0,0,0,0,0,0,0.01,0,0,0.01,0,0.01,0.01,0.02,0.01,0.01,0.01,0.01,0,0.01,0.02,0.01,0,-1,0.01,-1,-1,0,-1,-1,0,0,0,0.01,0,0,0,0,0.01,0,0,0
0.02,0,0.05,0.02,0,0.01,0,0.01,0.03,0.01,0.01,0.02,0.02,0.02,0.03,0.01,0.02,0.05,0.1,0.09,0.01,0.06,0.07,0.02,0.02,0.05,0.06,0.01,0.03,0.01,0.06,0,-1,-1,-1,-1,-1,-1,-1,-1,0.1,0.06,0.08,0.12,-1,-1,-1,-1,-1,-1,0.31,0.32,0.23,0.15,0.1,0.06,0.09,0.08,0.1,0.07,0.04,0.02,0.04,0.02,0.02,0.03,0.02,0,-1,-1,0,0.01,0,0,-1,-1,-1,-1,-1,-1,-1,-1,-1,-1,-1,-1,-1,-1,-1,-1,-1,0,0,0,0,0,0,0,0,0,0,0,0,0,0,0,0,0,0,0,0,0,0,0,0,0,0,0,0,0,0,0,0,0,0,0,0,0,0,-1,-1,0,-1,-1,0,0,0,0,0,0,0,0,0,0,0,0,0,0,0,0,0,0,0,0,0,0,0,0.02,0.01,0.02,0,0,0,0,0,0,0.01,0,0,0.01,0,0,0,0.01,0,0.02,0,0.01,-1,-1,-1,-1,-1,-1,-1,-1,-1,-1,0,0.01,0,0,0.02,0.01,0,0.01,0,0,0.01,0
0.05,0.02,0.04,0.04,0.01,0.03,0.01,0,0.03,0.04,0.02,0.04,0.05,0.03,0.05,0.02,0.03,0.05,0.03,0.05,0.01,0.08,0.05,0.03,0.04,0.04,0.01,0.02,0.01,0.04,0.02,0.03,-1,-1,-1,-1,-1,-1,-1,-1,0.08,0.03,0.05,0.14,0.12,0.13,0.18,0.14,0.22,0.21,0.16,0.18,0.1,0.04,0.04,0.01,0.04,0.04,0,0.02,0.06,0.06,-1,0.06,0.02,0,0,0,0.01,0,0.02,0.01,0.02,0.03,0,0.01,0.01,-1,0,0,0,0,0,0,0,0,0,0,0,0.01,0,0,0,0,0,0,0,0,0,0,0,0,0,0,0,0,0,0,0,0,0,0,0,0,0,0,0,0,0,0,0,0,0,0,0,0,0,0,0,-1,-1,0,0,0,0,0,0,0,0,0,0,0,0,0,0,0,0,0,0,0,0,0,0,0,0,0,0.02,0,0,0,0.01,0,0.01,0.01,0,0,0,0.02,0,0,0.01,0.01,0.01,-1,-1,0.01,0,0,-1,-1,-1,-1,-1,-1,0.01,0,0,0,0.01,0,0,0,0,0.02,0.02,0.01,0,0.01,0,0
0.09,0.06,0.1,0.1,0.04,0,0.04,0.02,0.08,0.06,0.07,0.1,0.04,0.03,0.03,0.02,0.02,0.02,0.03,0.01,0.03,0,0.02,0.01,0.04,0.03,0.03,0.05,0.02,0.01,0.03,0.07,0.05,0.05,0.04,0.04,0.03,0.07,0.06,0.15,0.09,0.03,0.02,0.1,0.02,0.07,0.04,0.07,0.05,0.09,0.1,0.09,0.06,0.08,0.04,0.02,0.03,0,0.03,0,-1,-1,-1,0.03,0.01,0.03,0.03,0.01,0,0,0,0,0,0,-1,-1,0,-1,-1,-1,-1,-1,0,-1,-1,-1,-1,-1,-1,-1,-1,0,0,0,0,0,0,0,0,0,0,0,0,-1,-1,-1,-1,-1,-1,-1,0,0,0,0,-1,-1,-1,-1,-1,-1,-1,0,0,0,0,0,0,0,0,-1,-1,0,0,0,0,0,0,0,0,0,0,0,0,0,0,0,0,0,0,0,0,0,0,0,0,0,0,0,0,0,0.01,0,0.01,0,0,-1,-1,-1,-1,-1,-1,-1,-1,-1,-1,0,0.01,0,0,0,0,0,0,0,0,0,0.01,0.01,0,0,0.01,0,0,0.01,0,0.01,0,0,0.01,0
0.17,0.18,0.16,0.15,0.1,0.05,0.02,0.07,-1,-1,-1,-1,-1,-1,0.08,0.04,0.02,0.02,0,0,0,0,0.04,0.03,0.01,0.01,0.02,0.06,0.05,0.03,0.01,0.01,0.04,0.03,0.06,0.02,0.01,0.02,0.03,0.03,0.01,0.03,0.06,0.06,0.07,0.01,0.03,0.03,0.06,0.06,0.07,0.06,0.01,0.01,0.03,0.03,0.01,0,0,0.02,0.05,0.02,0.02,0.03,0.03,0,0.02,0,0,0.01,0.01,0.01,0,0,0,0.01,0,0.01,0,0.01,0,0,0,0,0,0,0.01,0,0,0.01,0,0,0,0,0,0,0,0,0,0,0,0,0,-1,-1,-1,-1,-1,-1,-1,0,0,0,0,-1,-1,-1,-1,-1,-1,-1,0,0,0,0,0,0,0,0,-1,-1,-1,-1,-1,-1,-1,-1,-1,-1,-1,-1,-1,-1,-1,-1,-1,-1,-1,-1,-1,0,0,0,0,-1,-1,-1,-1,-1,-1,-1,-1,-1,-1,-1,-1,-1,-1,-1,-1,-1,-1,-1,-1,-1,0,0,0,0,0.01,0,0,0.01,0,0,0,0,0.01,0.01,0,0,0,0,0.01,0,0.01,0,0,0,0
0.26,0.34,0.35,0.17,0.17,0.1,0.05,0.06,-1,-1,0.08,0.05,0.05,0.01,0.03,0.01,0,0.01,0.01,0,0.02,0.02,0.01,0.01,0.01,0.07,0.02,0.03,0.03,0.03,0.01,-1,-1,-1,-1,-1,-1,-1,-1,-1,-1,-1,0.06,-1,-1,-1,-1,-1,-1,-1,-1,0.07,0.02,0.03,-1,-1,-1,-1,-1,-1,-1,-1,-1,-1,-1,-1,-1,-1,-1,-1,-1,0,0.01,0,-1,-1,-1,-1,-1,-1,-1,-1,-1,-1,-1,-1,-1,-1,-1,-1,-1,-1,0,0,0,0,0,0,0,0,0,0,0,0,0,0,0,0,0,0,0,0,0,0,0,0,0,0,0,0,0,0,0,0,0,0,0,0,0,-1,-1,-1,-1,-1,-1,-1,-1,0,-1,-1,-1,-1,-1,-1,-1,-1,-1,-1,-1,-1,-1,-1,0,0,-1,-1,-1,-1,-1,-1,-1,-1,-1,-1,-1,0,-1,-1,-1,0,0,0,0,0.01,0,0.01,0,0,0.01,0,0,0,0,0,0,0,0.01,0,0.02,0.01,0.01,0.01,0,0.01,0.02,0,0,0,0,0
0.42,0.69,0.77,0.42,0.28,0.17,0.1,0.08,0.03,0.02,0,0.02,0.02,0,0,0,0.01,0,0.01,0,0.02,0,0,0.01,0,0.01,-1,-1,-1,-1,-1,-1,-1,-1,-1,-1,-1,-1,-1,-1,0.04,-1,0.07,-1,-1,-1,-1,-1,-1,-1,-1,0.04,0.02,0.05,-1,-1,-1,-1,-1,-1,-1,-1,-1,-1,-1,-1,-1,-1,-1,-1,-1,0,0.01,0,-1,-1,-1,-1,-1,-1,-1,-1,-1,-1,-1,-1,-1,-1,-1,-1,-1,-1,0,0,0,0,0,0,0,0,0,0,0,0,0,0,0,0,0,0,0,0,0,0,0,0,0,0,0,0,0,0,0,0,0,0,0,0,0,0,-1,-1,-1,-1,-1,-1,-1,0,0,0,0,0,0,0,0,0,0,0,0,0,0,0,0,0,-1,-1,0,0,0,0,0,0,0,0,0,0.01,0.02,0,0.01,0,0.01,0,0,0,0,0,0.01,0.01,0,0.02,0.02,0.01,0,0,0.01,0,0,0,0,0.01,0,0,0,0,0,0.01,0,0.02,0,0
0.45,0.87,0.99,0.62,0.39,0.16,0.05,0.1,0.01,0.03,0.03,0.04,0,0.02,0.02,0.01,0.01,0,0.01,0.01,0,0,0,0,0.01,0.02,-1,-1,-1,-1,-1,-1,-1,-1,-1,-1,-1,-1,-1,-1,0.07,0.05,0.07,0.04,0.04,0.06,0.06,0.03,0.06,0.02,0.16,0.09,0.04,0.1,-1,-1,-1,-1,-1,-1,-1,-1,-1,-1,-1,-1,-1,-1,-1,-1,-1,0.01,0,0.01,-1,-1,-1,-1,-1,-1,-1,-1,-1,-1,-1,-1,-1,-1,-1,-1,-1,-1,0,0,0,0,0,0,0,0,0,0,0,0,0,0,0,0,0,0,0,0,0,0,0,0,0,0,0,0,0,0,0,0,0,0,0,0,0,0,0,0,0,0,0,0,0,0,0,0,0,0,0,0,0,0,0,0,0,0,0,0,0,0,0,0,0,0,0,0,0,0,0,0,0.02,0.01,0,0,0,0,0,0.01,0,0.01,0,0,0,0,0,0.01,0,0,0.01,0,0,0,0,0,0,0,0.01,0.01,0,0,0,0.01,0,0,0,0
0.31,0.54,0.61,0.49,0.2,0.18,0.08,0.03,0,0.03,0.05,0.01,0.01,0,0,0,0,0,0.02,0.01,0,0.01,0,0,0.01,0,0,0,0.03,0.01,0.03,0.04,0.02,0.01,0.04,0.04,0,0.04,0.02,0.04,0.04,0.07,0.03,0.02,0.04,0.02,0.04,0.11,0.17,0.09,0.11,0.1,0.14,0.13,0.08,0.13,0.11,0.06,0.12,0.11,0.09,0.02,0.01,0.02,0.02,0.02,0.01,0,0.03,0,0.01,0,0.03,0,0.03,0.02,0,0,0.01,0.01,0.01,0,0,0,0,0,0,0,0,0,0,0,0,0,0,0,0,0,0,0,0,0,0,0,0,0,0,0,0,0,0,0,0,0,0,0,0,0,0,0,0,0,0,0,0,0,0,0,0,0,0,0,0,0,0,0,0,0,0,0,0,0,0,0,0,0,0,0,0,0,0,0,0,0,0,0,0,0,0,0,0,0,0,0,0,0.01,0,0.01,0,0,0.01,0,0,0,0.02,0,0,0,0.01,0,0,0.01,0.01,0,0,0,0,0,0,0,0.01,0.05,0.01,0,0,0,0,0,0,0
0.21,0.34,0.39,0.24,0.15,0.05,0.05,0,0.03,0.04,0.02,0,0,0.02,0,0,0,0.01,0.02,0,0,0,0.01,0.01,0,0,0,0.01,0.01,0,0,0,0.01,0.03,0.05,0.02,0.07,0.05,0.03,0.04,0.1,0.07,0.07,0.08,0.17,0.08,0.12,0.08,0.09,0.11,0.1,0.09,0.06,0.08,0.05,0.17,0.12,0.07,0.15,0.13,0.13,0.09,0.07,0.02,0.04,0,0.01,0.01,0.02,0.01,0.01,0,0.02,0.01,0,0,0,0,0,0.01,0,0,0,0,0,0,0,0,0,0,0,0,0,0,0,0,0,0,0,0,0,0,0,0,0,0,0,0,0,0,0,0,0,0,0,0,0,0,0,0,0,0,0,0,0,0,0,0,0,0,0,0,0,0,0,0,0,0,0,0,0,0,0,0,0,0,0,0,0,0,0,0,0,0,0,0,0,0,0,0,0,0,0,0,0,0,0,0,0,0,0,0,0,0.02,0.02,0,0.01,0.01,0,0,0,0,0.01,0,0,0,0,0,0.01,0,0,0,0,0,0,0,0,0,0,0
0.05,0.1,0.12,0.09,0.04,0.06,0.05,0.01,0.02,0.01,0,0.02,0.01,0.01,0.02,0.01,0,0,0,0.01,0,0,0,0,0.01,0.01,0,0.01,0,0,0,0.01,0,0.02,0.01,0.01,0.02,0.06,0.07,0.04,0.07,0.06,0.23,0.18,0.13,0.02,0.07,0.14,0.07,0.08,0.12,0.1,0.05,0.04,0.05,0.05,0.09,0.12,0.02,0.02,0.02,0.02,0.02,0.04,0.03,0.02,0.03,0,0.03,0.02,0.01,0.02,0,0.01,0.02,0,0,0,0.02,0.01,0,0,0,0,0,0,0,0,0,0,0,0,0,0,0,0,0,0,0,0,0,0,0,0,0,0,0,0,0,0,0,0,0,0,0,0,0,0,0,0,0,0,0,0,0,0,0,0,0,0,0,0,0,0,0,0,0,0,0,0,0,0,0,0,0,0,0,0,0,0,0,0,0,0,0,0,0,0,0,0,0,0,0,0,0,0,0,0,0,0,0,0,0,0,0,0,0,0,0.01,0,0,0,0.01,0.01,0,0,0,0,0,0,0,0,0,0,0,0,0,0,0,0
0.02,0.04,0.05,0.07,0.04,0.05,0.02,0,0.01,0,0,0.02,0.03,0,0,0.01,0,0,0,0.02,0.01,0,0.01,0,0,0,0,0.01,0,0,0,0,0.01,0.01,0.01,0,0,0.02,0.03,0.03,0.02,0.05,0.05,0.12,0.09,0.09,0.09,0.09,0.04,0.06,0.1,0.02,0.01,0.01,0,0.04,0.07,0.02,0.02,0.02,0.01,0.05,0.05,0.05,0.07,0.06,0.04,0.01,0.02,0,0.01,0,0,0,0.02,0,0,0,0.01,0.01,0,0.01,0,0,0.01,0,0.01,0.01,0,0,0,0,0,0,0,0,0,0,0,0,0,0,0,0,0,0,0,0,0,0,0,0,0,0,0,0,0,0,0,0,0,0,0,0,0,0,0,0,0,0,0,0,0,0,0,0,0,0,0,0,0,0,0,0,0,0,0,0,0,0,0,0,0,0,0,0,0,0,0,0,0,0,0,0,0,0,0,0,0,0,0,0,0,0,0,0,0,0,0,0,0,0,0,0,0,0,0,0,0,0,0,0,0,0,0,-1,-1,-1,-1,-1
0,0.02,0.04,0.02,0.03,0.01,0,0.02,0.01,0.02,0.01,0.03,0,0,0,0.01,0,0.01,0.01,0.01,0,0,0,0,0,0,0,0,0.01,0,0,0.01,0.01,0.04,0,0.01,0.05,0.01,0.02,0.08,0.07,0.04,0.05,0.07,0.03,0.01,0.03,0.04,0.02,0.05,0.05,0.01,0.02,0.01,0.03,0.01,0.04,0.03,0.06,0.02,0.03,0.03,0.03,0.01,0,0.02,0.05,0.04,0,0.02,0.03,0.03,0.03,0.01,0.01,0.01,0.01,0.01,0,0,0,0,0.01,0,0,0,0,0,0.01,0,0,0,0,0,0,0,0,0,0,0,0,0,0,0,0,0,0,0,0,0,0,0,0,0,0,0,0,0,0,0,0,0,0,0,0,0,0,0,0,0,0,0,0,0,0,0,0,0,0,0,0,0,0,0,0,0,0,0,0,0,0,0,0,0,0,0,0,0,0,0,0,0,0,0,0,0,0,0,0,0,0,0,0,0,0,0,0,0,0,0,0,0,0,0,0,0,-1,-1,0,0,0,0,-1,-1,-1,-1,-1,-1,-1,-1
0.01,0,0.02,0,0.02,0.02,0,0,0,0,0,0,0,0,0,0.01,0,0.01,0,0,0,0,0,0,0,0,0,0.02,0.01,0,0,0.01,0,0.01,0.02,0.01,0.01,0.03,0.04,0.04,0.03,0.11,0.1,0.07,0.03,0,0.05,0.05,0.08,0.02,0.05,0,0,0.02,0.02,0.02,0.05,0.09,0.09,0.05,0.03,0.01,0.06,0.03,0.04,0,0.06,0.03,0.04,0,0,0.05,0.01,0.04,0.01,0,0,0,0.01,0,0.01,0.02,0.01,0,0,0,0,0,0,0,0,0,0,0,0,0,0,0,0,0,0,0,0,0,0,0,0,0,0,0,0,0,0,0,0,0,0,0,0,0,0,0,0,0,0,0,0,0,0,0,0,0,0,0,0,0,0,0,0,0,0,0,0,0,0,0,0,0,0,0,0,0,0,0,0,0,0,0,0,0,0,0,0,0,0,0,0,0,0,0,0,0,0,0,0,0,0,0,0,-1,-1,-1,-1,-1,-1,-1,-1,-1,0,0,0,0,-1,-1,-1,0,0,0,0,0
0.03,0,0,0,0.01,0,0.01,0.01,0,0,0,0,0.01,0.01,0.01,0,0,0.01,0.01,0,0,0,0,0.01,0,0.03,-1,-1,0.03,0.01,0,0,0,0,0.02,0.01,0.05,0.07,0.05,0.07,0.02,0.12,0.07,0.05,0.04,0.01,0.01,0.05,0,0.02,0.04,0.02,0.04,0.02,0.03,0,0,0.01,0.09,0.02,0.04,0.03,0.05,0.03,0.05,0.02,0.03,0.02,0.02,0.07,0,0.01,0.02,0,0.04,0.03,0.02,0.01,0.01,0.01,0,0,0.01,0,0,0,0.01,0.01,0.01,0,0,0,0,0,0,0,0,0,0,0,0,0,0,0,0,0,0,0,0,0,0,0,0,0,0,0,0,0,0,0,0,0,0,0,0,0,0,0,0,0,0,0,0,0,0,0,0,0,0,0,0,0,0,0,0,0,0,0,0,0,0,0,0,0,0,0,0,0,0,0,0,0,0,0,0,0,0,0,0,0,0,0,0,0,0,0,0,0,-1,-1,-1,-1,-1,-1,-1,-1,-1,0,0,0,0,0,0,0,0,0,0,0,0,0
0,0.01,0,0.02,0.02,0.02,0.03,0.03,0.06,-1,-1,-1,0.04,0,0,0,0,0,0,0.01,0.01,0.01,-1,-1,-1,-1,-1,-1,0.03,0.04,0.01,0.03,0.03,-1,-1,-1,-1,-1,-1,-1,-1,-1,-1,-1,-1,0.02,0.07,0.04,0.05,0.04,0.03,0.02,0.02,0.01,0.02,0.03,0.02,0.02,0.01,0.02,0.02,0.04,0.05,0.04,0.02,0.1,0.02,0.02,0,0.02,0.01,0.01,0.02,0.02,0.02,0.01,0.02,0.01,0.01,0.04,0.01,0.01,0,0,-1,-1,-1,-1,0,0,-1,-1,-1,-1,-1,-1,0,0,0,0,0,0,0,0,0,0,0,0,0,0,0,0,0,0,0,0,0,0,0,0,0,0,0,0,0,0,0,0,0,0,0,0,0,0,0,0,0,0,0,0,0,0,0,0,0,0,0,0,0,0,0,0,0,0,0,0,0,0,0,0,0,0,0,0,0,0,0,0,0,0,0,0,0,0,0,0,-1,0,-1,-1,0,0,0,0,0,0,0,0,0,0,0,0,0,0,0,0,0,0,0,0
0,0.01,0,0.01,-1,-1,-1,-1,-1,-1,-1,-1,0.03,0.07,0.02,0.1,0.03,0.02,0.04,-1,-1,-1,-1,-1,-1,-1,-1,-1,-1,0.02,0.02,0.04,0.01,-1,-1,-1,-1,-1,-1,-1,-1,-1,-1,-1,-1,0.02,0.03,0.03,0.03,0.02,0.03,0,0,0.04,0,0.01,0.06,-1,-1,-1,-1,-1,-1,-1,-1,-1,-1,0,0.05,0.02,-1,-1,-1,-1,-1,-1,-1,0.05,0.02,0.02,0.01,0.01,0,0.01,-1,-1,-1,0.02,0.01,0,-1,-1,-1,-1,-1,-1,0,-1,-1,-1,-1,-1,-1,-1,-1,-1,0,0,0,0,0,0,0,0,0,0,0,0,0,0,0,0,0,0,0,0,0,0,0,0,0,0,0,0,0,0,0,0,0,0,0,0,0,0,0,0,0,0,0,0,0,0,0,0,0,0,0,0,0,0,0,0,0,0,0,0,0,0,-1,-1,-1,-1,-1,-1,-1,0,-1,0,0,0,0,0,0,0,0,0,0,0,0,0,0,0,0,0,0,0,0,0,0,0
0,0,0,-1,-1,-1,-1,-1,0.05,0.02,0,0.01,0.01,0,0.03,0.03,-1,-1,-1,-1,-1,-1,-1,-1,-1,-1,0.09,0.07,0.04,0.04,0.04,0.03,0.14,0.19,0.03,0.1,0.07,0.09,0.05,0.04,0.07,0.05,0.08,0.01,0.05,0.01,0.05,0.01,0.05,0.04,0,0.03,0.01,0.03,0.02,0.06,0.04,-1,-1,-1,-1,-1,-1,-1,-1,-1,-1,0.03,0.02,0,0,0.03,0.03,0.04,0.02,0.06,0.02,0.01,0.01,0.04,0.04,0,0,0,0,0,0.02,0,0,0,0,0,0,0,0,0,0,0,0,0,0,0,0,0,0,0,0,0,0,0,0,0,0,0,0,0,0,0,0,0,0,0,0,0,0,0,0,0,0,0,0,0,0,0,0,0,0,0,0,0,0,0,0,0,0,0,0,0,0,0,0,0,0,0,0,0,-1,-1,-1,-1,-1,-1,-1,-1,-1,-1,-1,-1,-1,-1,-1,-1,-1,-1,-1,0,0,0,0,0,0,0,0,0,0,0,0,0,0,0,0,0,0,0,0,0,0,0,0,0
0,0,0,-1,-1,-1,-1,0.02,0.01,0.02,0.02,-1,-1,0.04,0.06,0.02,0.02,-1,-1,-1,-1,-1,0.08,0.04,0.05,0.07,-1,-1,-1,0.05,0.02,0.14,0.14,0.16,0.22,0.15,0.14,0.04,0.08,0.09,0.02,0.1,0.06,-1,-1,-1,-1,-1,-1,-1,-1,-1,-1,-1,-1,0.01,0.01,-1,-1,-1,-1,-1,-1,-1,-1,-1,-1,0.04,0.04,0.02,0.06,0.04,-1,-1,-1,-1,-1,-1,-1,0.02,0.04,0.03,0.02,0,0,0.01,0,0.01,0,0,0,0,0,0,0,0,0.01,0,0,0,0,0,0,0,0,0,0,0,0,0,0,0,0,0,0,0,0,0,0,0,0,0,0,0,0,0,-1,-1,-1,-1,-1,-1,-1,0,0,-1,-1,-1,-1,-1,-1,-1,-1,-1,-1,-1,-1,-1,-1,-1,-1,-1,0,-1,-1,-1,-1,-1,-1,-1,-1,-1,-1,-1,-1,-1,-1,-1,-1,0,0,0,0,0,0,0,0,0,0,0,0,0,0,0,0,0,0,0,0,0,0,0,0,0,0,0,0,0,0,0
0,0.01,0.03,0.03,0.02,0.02,-1,-1,-1,-1,-1,-1,-1,0.01,0.01,0.03,0.04,-1,-1,0.04,0.01,0.11,-1,-1,-1,-1,-1,-1,-1,-1,0.15,0.18,0.16,0.15,0.17,0.19,0.14,0.16,0.19,0.05,0.06,0.02,0.04,0.01,0.03,0.03,-1,-1,-1,-1,-1,-1,-1,-1,-1,0.05,0.02,0.03,0.04,0.04,0.08,0.02,0.02,0.01,0.02,0.05,0.03,0.09,0.04,0.05,-1,-1,-1,-1,-1,-1,-1,-1,-1,0.03,0.03,0.02,0,0.02,0,0,0,0,0,0,0,0,0,0,0,0,0,0,0,0,0,0,0,0,0,0,0,0,0,0,0,0,0,0,0,0,0,0,0,0,0,0,0,0,-1,-1,-1,-1,-1,-1,-1,-1,-1,0,0,-1,-1,-1,-1,-1,-1,-1,-1,-1,-1,-1,-1,-1,-1,-1,-1,-1,0,-1,-1,-1,-1,-1,0,0,0,0,0,0,0,0,0,0,0,0,0,0,0,0,0,0,0,0,0,0,0,0,0,0,0,0,0,0,0,0,0,0,0,0,0,0,0,0,0,0
0,0.02,0.01,0.02,-1,-1,-1,-1,-1,-1,-1,-1,-1,0.01,0.03,0.01,0,0.04,0.03,-1,-1,-1,-1,-1,-1,-1,-1,-1,-1,0.07,-1,0.12,0.16,0.22,0.13,-1,-1,-1,-1,-1,-1,-1,-1,-1,-1,-1,-1,-1,0.01,0.01,0.02,0.03,0.01,0.06,0.01,0.03,0.02,0.03,-1,-1,0.03,0.03,0.03,0.04,0.05,0.04,0.01,0.04,0.04,0.02,-1,-1,-1,-1,0.02,0.01,0.06,0.01,0.01,0.05,-1,-1,-1,0.01,0.04,0,0,0,0,0,-1,-1,-1,-1,-1,-1,-1,-1,-1,-1,-1,-1,-1,-1,-1,-1,-1,0,0,0,0,-1,-1,-1,-1,-1,0,0,0,0,0,0,0,0,0,0,0,0,0,0,0,0,0,0,0,0,0,0,0,0,0,0,0,0,0,0,0,0,0,0,0,0,0,0,0,0,0,0,0,0,0,0,0,0,0,0,0,0,0,0,0,0,0,0,0,0,0,0,0,0,0,0,0,0,0,0,0,0,0,0,0,0,0,0,0,0,0,0,0,0
0.02,0.01,0.01,0.02,-1,-1,-1,-1,-1,-1,-1,0.01,0.02,0.02,0.01,0,0.02,0.04,-1,-1,-1,-1,-1,-1,-1,-1,-1,-1,-1,-1,-1,-1,0.17,0.2,0.18,-1,-1,-1,-1,-1,-1,-1,-1,-1,-1,-1,-1,-1,-1,0.03,0.03,0.05,0.01,0.04,0.02,0.03,0.03,0.03,0.08,0.04,0.03,0.07,0.08,0.05,0.02,0.02,0.02,0.04,0.04,0.05,0.07,0.06,0.06,0.04,0.04,0.02,0.01,0,0.03,0.07,-1,-1,-1,0.01,0.01,0.01,0,0,0,0.01,-1,-1,-1,-1,-1,-1,-1,0,-1,-1,-1,-1,-1,-1,-1,-1,-1,0,0,0,0,0,0,0,0,-1,0,0,0,0,0,0,0,0,0,0,0,0,0,0,0,0,0,0,0,0,0,0,0,0,0,0,0,0,0,0,0,0,0,0,0,0,0,0,0,0,0,0,0,0,0,0,0,0,0,0,0,0,0,0,0,0,0,0,0,0,0,0,0,0,0,0,0,0,0,0,0,0,0,0,0,0,0,0,0,0,0,0,0,0
0,0,0,0.01,-1,-1,0.02,0,0.01,0.03,0.02,-1,-1,-1,0.03,0.01,0.01,0.03,-1,-1,-1,-1,0.05,-1,-1,-1,-1,-1,-1,-1,-1,-1,0.22,0.13,0.23,0.21,-1,-1,-1,-1,-1,-1,-1,-1,-1,-1,-1,-1,-1,0.03,0.01,0.01,-1,-1,-1,-1,-1,-1,-1,-1,-1,-1,-1,-1,-1,-1,-1,0.04,0.04,0.06,0.06,0.04,0.01,0.03,0.02,0.01,0.01,0.03,0.02,0,-1,-1,-1,0.01,0,0,0.01,0,0,0,0,0,0,0,0,0,0,0,0.01,0,0,0,0,0,0,0,0,0,0,0,0,0,0,0,0,0,0,0,0,0,0,0,0,0,0,0,0,0,0,0,0,0,0,0,0,0,0,0,0,0,0,0,0,0,0,0,0,0,0,0,0,0,0,0,0,0,0,0,0,0,0,0,0,0,0,0,0,0,0,0,0,0,0,0,0,0,0,0,0,0,0,0,0,-1,-1,-1,-1,-1,-1,-1,-1,-1,-1,-1,-1,-1,-1,-1,-1,-1
0.03,0,0,0.04,0.04,0,-1,-1,-1,-1,-1,-1,-1,-1,0.02,0.01,0.01,0.02,-1,-1,-1,-1,-1,-1,-1,-1,-1,-1,-1,0.11,0.24,0.09,0.26,0.25,0.12,0.21,0.13,0.23,0.14,0.19,0.07,0.07,0.05,0.03,0.11,0.09,0.09,0.02,0.06,0.03,0.06,0.02,-1,-1,-1,-1,-1,-1,-1,-1,-1,0.05,-1,-1,-1,0.05,0.08,0.01,0.05,0.07,-1,-1,-1,-1,-1,-1,-1,-1,-1,0.01,0.01,0.06,0,0.02,0.01,0.01,0.01,0,0.01,0,0,0,0,0,0,0,0,0,0,0,0,0,0,0,0,0,0,0,0,-1,-1,-1,0,0,0,0,0,0,0,0,0,0,0,0,0,0,0,0,0,0,0,0,0,0,0,0,0,0,0,0,0,0,0,0,0,0,0,0,0,0,0,0,0,0,0,0,0,-1,-1,-1,-1,-1,-1,-1,-1,-1,-1,-1,-1,-1,-1,-1,-1,-1,-1,-1,-1,0,0,0,-1,-1,-1,-1,-1,-1,-1,-1,-1,-1,-1,-1,-1,-1,-1,-1,-1,-1,-1,-1
-1,0,0,0,0,-1,-1,-1,-1,-1,-1,-1,-1,-1,0.01,0,0.01,0.02,0.03,-1,-1,-1,-1,-1,-1,0.07,0.06,0.21,0.24,0.24,0.18,0.24,0.21,0.14,0.21,0.16,-1,-1,-1,-1,-1,-1,-1,-1,-1,-1,-1,-1,0.06,0.05,0.03,0.07,0.03,0.02,0.01,0.03,0.05,0.04,0.07,0.03,0.02,0.06,0.03,0.05,0.05,0.06,0.04,0.05,0.06,0.02,-1,-1,-1,-1,-1,-1,-1,-1,-1,0.07,0.07,0.01,0,0.02,0,0,0.01,0,0,0.01,0,0,0.01,-1,-1,-1,0.01,0,0,0,0,0,-1,-1,0,0,0,0,0,-1,-1,-1,-1,-1,-1,-1,-1,0,0,0,0,0,0,0,0,0,0,0,0,0,0,0,0,0,0,0,0,0,0,0,0,0,0,0,0,0,0,0,0,0,0,0,0,0,0,0,0,-1,-1,-1,-1,-1,-1,-1,-1,-1,-1,-1,-1,-1,-1,-1,-1,-1,-1,-1,-1,0,0,0,-1,-1,-1,-1,-1,-1,-1,-1,-1,-1,-1,-1,-1,-1,0,0,0,0,0,0
-1,0.01,0,0.02,0.01,-1,-1,-1,-1,-1,-1,-1,0,0,0.01,0.02,0.02,0,0.02,-1,-1,-1,-1,-1,-1,0.06,0.23,0.23,0.14,0.23,0.27,0.19,0.21,0.14,0.24,0.21,0.17,0.2,0.19,0.1,0.08,0.06,0.07,0.05,0.16,0.14,0.1,0.1,0.09,0.12,0.06,0.01,0.05,0.04,0.04,0.04,0.05,0.03,0.09,0.03,0.05,0.02,0.04,0.06,0.04,0.03,0.09,0.04,0.06,0.03,0.07,0.04,0.05,0.06,0.05,0.05,0.04,0.05,0.02,0,0.01,0.01,0,0.01,0.01,0,0.01,0.03,0,0,-1,-1,-1,-1,-1,-1,-1,-1,-1,-1,-1,-1,-1,-1,-1,0,0,0,0,0,0,0,0,0,-1,-1,-1,0,0,0,0,0,0,0,0,-1,-1,-1,-1,-1,-1,-1,-1,0,-1,-1,-1,-1,-1,-1,-1,-1,-1,-1,-1,-1,-1,-1,-1,-1,-1,0,0,0,0,0,0,-1,-1,-1,-1,-1,-1,-1,-1,-1,-1,0,0,0,0,0,0,0,0,0,0,0,0,0,0,0,0,0,0,0,0,0,0,0,0,0,0,0,0,0,0,0,0,0
-1,-1,0.01,0.01,0.02,-1,-1,-1,0.01,0.01,0.01,-1,-1,-1,0.01,-1,0.02,0.01,0.04,-1,-1,-1,-1,-1,-1,0.24,0.24,0.17,0.22,0.23,0.14,0.11,0.29,0.19,0.19,0.22,0.23,0.27,0.08,0.11,0.08,0.13,0.1,0.07,0.12,0.16,0.05,0.13,0.07,0.19,0.14,0.07,0.05,0.03,0.09,0.04,0.06,0.09,0.01,0.07,0.09,0.06,0.07,0.09,0.06,0.11,0.06,0.04,0.08,0.05,0.07,0.02,0.04,0.04,0.08,0.04,0.04,0.07,0.02,0.05,0.01,0.01,0.01,0.02,0.02,0,0.02,0.01,0.01,0.01,0,0,0,0.02,0,0,0,-1,-1,0.01,0,0,0,0,0,0,0,0,0,0,0,0,0,0,-1,0,0,0,0,0,0,0,-1,-1,-1,-1,-1,-1,-1,-1,-1,-1,-1,0,-1,-1,-1,-1,-1,-1,-1,-1,-1,0,0,0,0,-1,-1,0,0,0,0,0,0,0,0,0,0,0,0,0,0,0,0,0,0,0,0,0,0,0,0,0,0,0,0,0,0,0,0,0,0,0,0,0,0,0,0,0,0,0,0,0,0,0,0,0,0,0
-1,0.01,0,0.01,0.01,-1,-1,-1,-1,-1,-1,-1,-1,-1,-1,-1,0.01,0.02,0.02,0,-1,-1,-1,-1,0.03,0.18,0.18,0.21,0.24,0.19,0.16,0.18,0.25,0.18,0.25,0.2,0.25,-1,-1,-1,-1,-1,-1,-1,-1,-1,-1,0.1,0.11,0.11,0.11,-1,-1,-1,-1,-1,-1,-1,-1,-1,0.11,-1,-1,-1,-1,-1,-1,-1,0.06,0.04,0.07,0.05,0.06,0.06,0.06,0.08,0.07,0.02,0,0,0.01,0.01,0,0.03,0.01,0.01,0.01,0,0.01,0.01,0.01,0,0.01,0,0,0,0.02,0,0,0,0,0,0,0,0,0,0,0,0,0,0,0,0,0,0,0,0,0,0,0,0,0,-1,-1,-1,0,0,0,0,0,0,0,0,0,0,0,0,0,0,0,0,0,0,0,0,0,0,0,0,0,0,0,0,0,0,0,0,0,0,0,0,0,0,0,0,0,0,0,0,0,0,0,0,0,0,0,0,0,0,0,0,0,0,0,0,0,0,0,0,0,0,0,0,0,0,0,0,0,0,0
0.02,0.01,0,0.01,0,0,-1,-1,-1,-1,-1,-1,-1,-1,-1,-1,-1,0.05,0.04,0.02,-1,0.04,0.03,0.02,0.09,0.27,0.21,-1,-1,-1,0.16,-1,0.18,0.23,0.2,0.24,0.28,-1,-1,-1,-1,-1,-1,-1,-1,-1,-1,0.13,0.07,0.21,0.15,0.13,0.14,-1,-1,-1,-1,-1,-1,-1,0.1,-1,-1,-1,-1,-1,-1,0.09,0.04,0.06,0.04,0.05,0.07,0.07,0.02,0.02,0.01,-1,-1,-1,-1,-1,-1,-1,-1,-1,0.01,0,0.03,0.01,-1,-1,-1,-1,-1,-1,0.01,0.01,0,0,0,0,0,0,0,0,0,0,0,-1,0,0,0,0,0,0,0,0,0,0,0,0,0,0,0,0,0,0,0,0,0,0,0,0,0,0,0,0,0,0,0,0,0,0,0,0,0,0,0,0,0,0,0,0,0,0,0,0,0,0,0,0,0,0,0,0,0,0,0,0,0,0,0,0,0,0,0,0,0,0,0,-1,-1,-1,-1,-1,-1,-1,-1,0,0,0,-1,-1,-1,-1,0,0,0,0
0.01,0.04,0.01,0.05,0,0.01,-1,0.03,-1,-1,-1,-1,0.01,0.01,0.02,0.05,-1,0.01,-1,-1,-1,-1,0.01,0.03,0.05,-1,-1,-1,-1,-1,-1,-1,0.21,0.17,0.21,0.19,0.06,0.09,0.03,0.11,0.15,0.12,0.14,0.1,0.11,0.11,0.14,0.1,0.16,0.18,0.17,0.15,0.19,0.23,0.06,0.11,0.13,0.06,0.1,0.09,0.08,0.09,0.1,0.07,0.07,0.05,0.1,0.12,0.11,0.06,0.1,0.07,0.05,0.03,0,0.02,0.02,-1,-1,-1,-1,-1,-1,-1,-1,-1,0.01,0,0.02,0,-1,-1,-1,-1,-1,-1,0,0,0,-1,-1,-1,0,0,0,0,0,0,0,-1,-1,-1,-1,-1,-1,-1,0,0,0,0,0,0,-1,-1,-1,-1,-1,-1,-1,-1,-1,0,0,0,0,0,0,0,0,0,0,0,0,0,0,0,0,0,0,0,0,0,0,0,0,0,0,0,0,0,0,0,0,0,0,0,0,0,0,0,0,0,0,0,0,0,-1,-1,0,0,0,-1,-1,-1,-1,-1,-1,-1,-1,-1,-1,-1,-1,-1,-1,-1,0,0,0,0
0.01,0.01,0.01,0.01,0.02,0.01,0,0.01,0.04,0.03,-1,0,0.01,-1,-1,-1,-1,0.02,-1,-1,-1,-1,-1,0.04,0.05,0.07,-1,-1,-1,-1,-1,0.28,0.22,0.19,0.35,0.08,0.07,0.08,0.12,0.1,0.14,0.08,0.16,0.08,0.1,0.17,0.12,0.14,0.15,0.23,0.2,0.26,0.17,0.18,0.26,0.09,0.07,0.08,0.07,0.04,0.08,0.12,0.06,0.08,0.09,0.13,0.11,0.11,0.11,0.07,0.08,0.08,0.02,0.03,0.05,0.03,0.02,0,0,0,0.02,0.02,0.02,0.03,0.02,0.03,0.01,0.01,0.01,0,0.02,0,0,0,-1,-1,-1,-1,-1,-1,0,0,0,0.01,0,0,0,0,0,0,0,0,0,0,0,0,0,0,0,0,0,0,-1,-1,-1,-1,-1,-1,-1,-1,-1,0,0,0,0,0,0,0,0,0,0,0,0,0,0,0,0,0,0,0,0,0,-1,-1,-1,-1,-1,-1,-1,-1,-1,-1,-1,-1,-1,-1,-1,-1,-1,-1,-1,-1,-1,-1,-1,-1,-1,-1,0,0,0,0,0,0,0,0,0,0,0,0,0,0,0,0,0,0,0,0,0,-1
0.02,0.01,0,0.02,0.01,0.02,0.01,-1,-1,-1,-1,-1,0.03,-1,-1,-1,-1,-1,-1,-1,0.02,0.02,0.04,0.09,0.1,0.09,0.08,0.11,-1,-1,0.13,0.26,0.3,0.21,0.09,0.06,0.06,0.08,0.15,0.13,0.12,0.15,0.12,0.13,0.15,0.16,0.19,0.14,0.19,0.18,0.22,0.1,0.16,0.13,0.22,0.18,0.11,0.14,0.16,0.07,0.1,0.14,0.13,0.13,-1,-1,-1,-1,-1,0.05,0.06,0.02,0.03,0.07,0.05,0.05,0.04,0,0.01,0.02,0.05,0.04,0,0.01,0.02,0.03,0.01,0.01,0.03,0,0,0.01,0,0,0,0.01,0,0,0,0,0,0.01,0,0,0,0,0,0,0,0,0,0,0,0,0,0,0,0,0,0,0,0,0,0,0,0,0,0,0,0,0,-1,-1,0,0,0,0,0,0,0,0,0,0,0,0,0,0,0,0,0,0,0,-1,-1,-1,-1,-1,-1,-1,-1,-1,-1,-1,-1,-1,-1,-1,-1,-1,-1,-1,-1,-1,-1,0,0,0,0,0,0,0,0,0,0,0,0,0,0,0,0,0,0,0,0,0,0,0,-1,-1,-1
-1,-1,-1,0.03,0.04,0.02,0,0.02,-1,-1,-1,-1,0.03,-1,-1,-1,-1,-1,0.06,0.03,0.02,0.04,0.02,0.1,-1,0.1,0.1,0.08,0.09,0.14,0.16,0.09,0.05,0.03,0.08,0.08,0.11,0.12,0.21,-1,-1,-1,-1,-1,-1,-1,0.13,0.25,0.16,0.21,-1,-1,-1,-1,-1,-1,-1,-1,-1,-1,0.17,-1,-1,-1,-1,-1,-1,-1,-1,0.02,0.04,0.04,0.07,0.06,0.07,0.02,0,0.08,0.02,0.01,0.02,0.03,0.06,0.01,0,0.02,0.04,0,0,0.02,0.01,0.01,0.01,0.01,0,0,0,0,0,0,0,0,0,0,0,-1,-1,-1,-1,-1,0,0,0,0,0,0,0,0,0,0,0,0,0,0,0,0,0,0,0,0,0,-1,-1,0,-1,-1,-1,-1,-1,-1,-1,-1,-1,-1,-1,-1,-1,-1,-1,0,0,0,0,0,0,0,0,0,0,0,0,0,0,0,0,0,0,0,0,0,-1,-1,-1,0,0,0,0,0,0,0,0,0,0,0,0,0,0,0,0,0,0,0,0,0,0,0,0,-1,-1,0
-1,-1,0.01,0,0.02,0.01,0.01,0.01,-1,-1,-1,-1,0.05,-1,-1,-1,-1,-1,0.05,0.03,0.02,0.01,-1,-1,-1,0.1,0.08,0.07,-1,-1,-1,-1,-1,-1,-1,0.01,0,0.14,0.1,-1,-1,-1,-1,-1,-1,-1,0.21,0.17,0.19,0.27,0.28,0.24,0.2,0.32,0.23,0.31,0.3,0.15,0.16,0.16,0.19,0.17,0.11,0.15,0.06,0.04,0.08,0.05,0.09,0.07,0.07,0.05,0.03,0.03,0.03,0.01,0.02,-1,-1,-1,-1,-1,-1,-1,-1,-1,-1,0.01,0.03,0,0,-1,-1,-1,-1,-1,-1,-1,-1,-1,-1,0,0,0,0,-1,-1,-1,-1,-1,-1,-1,-1,-1,0,0,0,0,0,0,0,-1,-1,-1,-1,-1,-1,-1,-1,0,0,-1,-1,0,-1,-1,-1,-1,-1,-1,-1,-1,-1,-1,-1,-1,-1,-1,-1,0,0,0,0,0,0,0,0,0,0,0,0,0,0,0,0,0,0,0,0,0,-1,-1,-1,0,-1,-1,-1,0,0,0,0,0,0,0,0,0,0,0,0,0,0,0,0,0,0,0,0,0,-1,-1
-1,-1,0.01,0,0.01,0.02,0.01,0.04,0.02,0.03,0.06,-1,-1,-1,-1,-1,-1,-1,-1,0.05,0.01,0.04,-1,-1,-1,0.13,0.16,0.12,-1,-1,-1,-1,-1,-1,0.05,0.04,0.05,0.01,0.06,0.05,0.07,0.13,0.13,0.13,0.13,0.22,0.2,0.23,0.27,0.18,0.25,0.28,0.27,0.28,0.32,0.25,0.38,0.31,0.2,0.08,0.16,0.1,0.09,0.13,0.13,0.15,0.07,0.16,0.06,0.08,0.06,0.04,0.06,0.1,0.03,0.02,0.02,0.06,-1,-1,-1,-1,-1,-1,-1,0,0.01,0,0.01,-1,-1,-1,-1,0,0,0,0,0.01,0,0,0,0,0,0.01,0,0,0,0,0,0,0,0,0,-1,0,0,0,0,0,0,0,-1,-1,-1,-1,-1,-1,-1,-1,0,0,-1,-1,0,0,0,0,0,0,0,0,0,0,0,0,0,0,0,0,0,0,0,0,0,0,0,0,0,0,0,0,0,-1,-1,-1,0,0,0,0,0,0,0,0,0,0,0,0,0,0,0,0,-1,-1,-1,-1,-1,-1,-1,-1,-1,-1,-1,-1,-1,-1,0,0,-1,-1,-1
-1,-1,-1,0,0.01,0,0.01,0.01,-1,-1,-1,-1,-1,-1,-1,-1,-1,-1,-1,0.05,0.04,0.04,0.14,0.09,-1,-1,0.13,0.11,0.09,0.01,0.06,0.06,0.07,0.1,0.08,0.03,0.03,0.04,0.04,0.08,0.05,0.03,0.03,0.05,0.05,0.1,0.2,0.11,-1,-1,-1,-1,0.17,0.21,0.16,0.19,0.24,0.22,0.09,0.13,0.21,0.17,0.12,0.12,-1,-1,-1,-1,-1,-1,0.06,0.06,0.03,0.02,0.02,0,0.03,0.04,0.04,0.01,0.06,0.01,0.04,0.02,0.04,0.01,0.01,0,0.01,0.01,0.01,0.01,-1,0.01,0.01,0,0,0,0,0,0,0,0,0,0,0,0,-1,-1,-1,-1,-1,-1,-1,-1,0,0,0,0,0,0,0,0,0,0,0,0,0,0,0,0,-1,-1,0,0,0,0,0,0,0,0,0,0,0,0,0,0,0,0,0,0,0,0,0,0,0,-1,0,0,0,0,0,-1,-1,-1,0,0,0,0,0,0,-1,-1,-1,-1,-1,-1,-1,0,0,0,0,0,0,0,0,0,0,-1,-1,-1,-1,-1,-1,-1,0,0,-1,0,0
-1,-1,0.01,0.02,0.04,0.01,0.03,0.01,0.01,-1,-1,-1,-1,-1,-1,-1,-1,-1,-1,0.05,0.06,0.04,0.12,-1,-1,-1,0.12,0.05,0.08,0.04,0.04,0.05,0.06,0.06,0.04,0.09,0.04,0.05,0.06,0.05,0.06,0.07,0.05,0.05,0.11,0.09,0.14,0.1,-1,-1,-1,-1,-1,-1,-1,-1,-1,-1,-1,0.14,0.1,-1,-1,-1,-1,-1,-1,-1,-1,-1,0.17,0,0,0.02,0.02,0.03,0.07,0.06,0.02,0.06,0.02,0.05,0.01,0.05,0.02,0.02,0.03,0.01,0.02,0,0,0,0.01,0,0.01,0,0,0,0,0,0,0.01,0,-1,-1,0,0,0,0,0,0,-1,-1,-1,-1,0,0,0,0,0,-1,-1,-1,-1,-1,-1,-1,-1,-1,-1,0,0,0,0,0,0,0,0,0,0,0,0,0,0,0,0,0,0,0,0,0,0,0,0,-1,-1,-1,-1,0,0,0,0,-1,-1,-1,0,-1,-1,-1,-1,-1,-1,-1,-1,-1,-1,-1,-1,0,0,0,0,0,0,0,0,0,0,0,0,0,0,0,0,0,0,0,0,0,-1
0.01,0,0.01,0.01,0.02,0.02,0.01,0.05,0.01,-1,-1,-1,-1,-1,-1,-1,-1,-1,-1,-1,0.04,0.07,0.13,-1,-1,-1,0.08,0.04,0.02,0.01,-1,-1,-1,-1,-1,-1,0.08,0.1,0.05,0.06,0.04,0.08,0.06,0.06,0.04,0.09,0.05,0.15,-1,-1,-1,-1,-1,-1,-1,0.18,0.23,0.26,0.25,0.18,0.15,0.17,0.22,0.2,0.21,0.17,0.17,0.12,0.12,0.08,0.09,0.04,0.04,0.1,0.05,0.04,0.05,0.03,-1,-1,-1,-1,-1,-1,-1,-1,-1,0.03,0.01,0,0,0.01,0,0,0,0,0,-1,-1,0,0,0.01,0,-1,-1,-1,-1,-1,-1,-1,-1,-1,0,0,0,0,0,0,0,0,-1,-1,-1,-1,-1,-1,-1,-1,-1,-1,0,0,-1,-1,-1,-1,0,0,0,0,0,0,0,0,0,0,0,0,0,0,0,0,0,-1,-1,0,0,0,0,0,0,0,0,0,0,0,-1,0,0,0,0,0,0,0,0,0,0,0,0,0,0,0,0,0,0,0,0,0,0,0,0,0,0,0,0,0,0,0,0,0
-1,0,0.02,-1,0.01,0.02,0.03,0.04,0.01,-1,-1,-1,-1,-1,-1,-1,-1,0.1,0.05,0.08,0.07,0.07,0.12,0.12,0.09,-1,-1,0.1,0.04,0.16,-1,-1,-1,-1,-1,-1,-1,0.06,0.08,0.03,0.03,0.04,0.07,0.08,0.1,0.1,0.2,0.17,0.28,0.24,0.32,0.24,0.27,0.31,0.34,0.31,0.29,0.25,0.33,0.44,0.26,0.28,0.33,0.24,0.38,0.22,0.21,0.19,0.15,0.08,0.11,0.02,0.09,-1,-1,-1,-1,-1,-1,-1,-1,-1,-1,-1,-1,-1,-1,0.02,0.02,0,-1,-1,-1,-1,-1,-1,-1,-1,-1,0,0.01,0,0,0,0,-1,-1,-1,-1,-1,-1,-1,0,0,0,0,0,0,0,0,0,0,0,0,0,0,0,0,0,0,0,0,-1,0,0,0,0,0,0,0,0,0,0,0,0,0,0,0,0,0,0,0,0,0,0,0,0,0,0,0,0,0,0,0,0,0,0,0,0,-1,-1,-1,-1,-1,-1,-1,-1,-1,-1,-1,0,0,0,0,0,0,0,0,-1,-1,-1,-1,0,0,0,0,0,0,0,0
-1,-1,-1,-1,0.02,0.02,0,0.02,0.03,-1,-1,-1,-1,0.07,0.07,0.05,0.06,0.06,0.06,-1,0.08,0.05,0.05,0.09,-1,-1,-1,0.11,0.11,0.07,0.1,0.07,0.06,0.07,0.08,0.11,0.14,0.07,0.02,0.06,0.11,0.04,0.06,0.11,0.12,0.18,0.13,0.2,0.21,0.28,0.25,0.33,0.32,-1,0.35,0.3,0.41,0.36,0.36,0.42,0.33,0.35,0.43,0.44,0.6,0.54,0.33,0.31,0.23,0.11,0.06,0.07,0.07,0.05,0.1,0.1,0.1,0.06,0.03,0.03,0.03,0.05,0.03,0.06,0.03,0,0.02,0.02,0.01,0,-1,-1,-1,-1,-1,-1,0,0.01,0,0.01,0,0,0,0,0,0,0,0,0,0,0,0,0,0,0,0,0,0,0,0,0,0,0,0,0,0,0,0,0,0,0,0,0,0,0,0,0,0,-1,-1,0,-1,-1,-1,-1,-1,-1,0,0,0,0,0,0,0,0,0,0,0,0,0,0,0,0,0,0,0,-1,-1,-1,-1,-1,-1,-1,-1,-1,-1,-1,-1,-1,0,0,0,-1,-1,-1,-1,-1,-1,-1,-1,-1,-1,0,0,0,0,0,0,0,0
-1,-1,-1,-1,0,0.03,0.04,0.02,0.02,0.02,0.07,0.07,0.09,0.05,0.08,-1,-1,-1,-1,-1,-1,0,0.12,0.11,-1,-1,-1,0.07,0.06,0.1,0.12,0.06,0.07,0.11,0.1,0.03,0.08,0.14,0.12,0.05,0.09,0.08,0.15,0.09,0.09,0.21,0.24,0.11,0.24,0.3,0.38,0.4,0.38,0.51,0.49,0.47,0.47,-1,-1,-1,-1,-1,-1,-1,0.78,0.7,0.45,0.3,0.21,0.12,0.11,0.06,0.03,0.06,0.03,0.02,0.01,0.03,0.09,-1,-1,-1,-1,-1,-1,-1,-1,-1,0,0,0,0.01,0.02,0,0.05,0,0.01,0,0,0,0.01,0,0,0,0,0,0,0,0,0,0,0,0,0,0,0,0,0,0,0,0,0,-1,-1,-1,-1,-1,-1,-1,-1,0,0,0,0,-1,-1,-1,-1,-1,-1,0,-1,-1,-1,-1,-1,-1,-1,0,0,0,0,0,0,0,0,0,0,0,0,0,0,0,0,0,0,0,0,0,0,0,0,0,0,0,0,0,0,0,0,0,0,-1,-1,-1,-1,-1,0,0,0,0,0,0,0,0,0,0,0,0,0
0,0.02,-1,-1,-1,0.02,0.02,0.01,0.03,0.01,0.04,-1,-1,-1,-1,-1,-1,-1,-1,-1,-1,0.04,0.1,0.1,0.11,0.04,-1,-1,0.05,0.08,0.1,0.1,0.07,0.12,0.09,0.09,0.11,0.1,0.13,0.1,0.14,0.11,0.17,0.17,0.17,0.14,0.2,0.29,0.25,0.41,0.41,0.58,0.59,0.53,0.65,0.49,0.44,-1,-1,-1,-1,-1,-1,-1,0.97,0.77,0.45,0.36,0.28,0.13,0.11,0.06,0.04,0.09,0.04,0.01,0,0,0.05,-1,-1,0.03,0.06,0.05,0.05,0.02,0.02,0.03,0.01,0.01,0.03,-1,-1,-1,-1,0.01,0.01,0,0,0,0,0,0,0.01,0.01,-1,-1,0,0,0,0,0,0,0,0,0,0,0,0,0,0,0,0,0,0,0,0,0,0,0,0,0,0,0,-1,-1,-1,-1,-1,0,0,-1,-1,-1,0,0,0,0,0,0,0,0,0,0,0,0,0,0,0,0,0,0,0,0,0,0,0,-1,-1,-1,-1,-1,-1,-1,-1,-1,-1,-1,-1,0,0,0,-1,-1,-1,0,0,0,0,0,0,0,0,0,0,0,0,0,0,0
0.04,0.03,-1,-1,-1,-1,0.02,0.06,0.03,0.03,-1,-1,-1,0.03,0.05,-1,-1,-1,-1,-1,-1,0.07,0.12,0.08,0.13,-1,-1,0.1,0.08,0.17,0.07,0.08,-1,-1,-1,-1,-1,-1,-1,0.17,0.16,0.08,0.14,0.29,0.24,0.25,0.25,0.33,0.32,0.49,0.6,0.69,0.83,0.82,0.63,0.56,0.44,0.54,0.43,0.34,0.56,0.53,0.55,0.53,0.8,0.56,0.46,0.28,0.25,0.15,0.09,0.02,0.02,0.02,0.02,0.04,0,0.02,0.03,0.03,0.08,0.05,0.02,0.02,0,0.03,0.04,0.03,0.03,0.02,0.01,0.02,-1,-1,0.01,0.01,-1,-1,0,0,0.01,0,0,0.01,0,-1,-1,-1,-1,-1,-1,0,0,0,0,0,0,0,0,0,0,0,0,0,0,0,0,0,0,0,0,0,0,0,0,0,0,0,0,0,0,0,0,0,0,0,0,0,0,0,0,0,0,0,0,0,0,0,0,0,0,0,0,0,0,0,0,-1,-1,-1,-1,-1,-1,-1,-1,-1,-1,-1,-1,0,0,0,0,0,0,0,0,0,0,0,0,0,0,0,0,0,0,0,0,0
0,0.01,-1,0.01,0,0.01,-1,-1,-1,-1,0.04,0.06,0.06,0.04,0.04,0.05,-1,-1,-1,-1,-1,0.05,0.13,0.15,0.16,0.16,0.04,0.14,0.1,0.1,0.15,0.14,-1,-1,-1,-1,-1,-1,-1,0.11,0.09,0.13,0.22,0.15,0.23,0.28,-1,-1,-1,0.48,0.7,0.87,0.99,0.95,0.81,0.64,0.53,0.55,0.48,0.42,0.42,0.42,0.38,0.46,0.47,0.41,0.4,0.21,0.18,0.14,0.1,0.05,0.04,0.03,0.05,0.05,0.04,0.06,0.02,0.02,0.05,0.02,0.06,0,0,-1,-1,-1,-1,-1,0.02,0.02,-1,-1,0.01,-1,-1,-1,0,0,0,0,0,0,0,0,0.01,0,0,0,0,0,0,0,0,0,0,0,0,-1,-1,0,-1,-1,0,0,0,0,0,0,0,0,0,0,0,0,0,0,0,0,0,0,0,0,0,0,0,0,0,0,0,0,0,0,0,0,0,0,0,0,0,0,0,0,0,0,0,-1,0,0,0,0,0,0,0,0,0,0,0,0,0,0,0,0,0,0,0,0,0,0,0,0,0,0,0,0,0,-1,-1,-1
0,0.02,0.01,0.01,0,0,-1,-1,0.02,0.05,0.02,0.06,0.03,0.08,0.04,0.04,-1,-1,0.06,0.09,-1,-1,0.14,0.15,0.13,0.15,0.16,0.14,0.09,0.1,0.14,0.12,0.08,0.12,0.13,0.1,0.12,0.09,0.13,0.17,0.17,0.19,0.09,0.26,0.22,0.24,-1,-1,-1,0.51,0.74,0.83,0.95,0.87,0.81,0.64,0.46,0.44,0.31,0.4,0.4,0.44,0.36,0.34,0.35,0.29,0.28,0.18,0.06,0.08,0.09,0.04,0.02,0,0.07,-1,-1,-1,-1,-1,-1,-1,0.05,0.03,0.03,0.02,-1,-1,-1,0.02,0,0.01,0.03,0.02,0.02,0,-1,-1,0,0,0,0,0.01,0,0,0,0,0,0,0,0,0,0,0,0,0,0,0,0,0,-1,-1,-1,0,0,0,0,0,0,0,0,0,0,0,0,0,0,0,0,0,0,0,0,0,0,0,0,0,0,0,0,0,0,0,0,0,0,0,0,0,0,0,0,0,0,0,0,0,0,0,0,0,0,0,0,0,0,0,0,0,0,0,0,0,0,0,0,0,0,0,0,0,0,0,-1,-1,-1,0,-1,-1
0.01,0.01,0,-1,-1,0.01,0.01,0,0.02,0.02,0.06,0.01,-1,-1,-1,-1,0.03,0.08,-1,-1,-1,-1,-1,0.14,0.18,0.18,0.17,-1,-1,0.13,0.15,0.15,0.09,0.17,0.12,0.12,0.13,0.14,0.13,0.12,0.17,0.26,0.16,0.18,0.21,0.22,0.31,0.27,0.35,0.46,0.54,0.72,0.83,0.74,0.68,0.51,0.45,0.46,0.4,0.4,0.47,0.33,0.27,0.27,0.25,0.18,0.13,0.15,0.14,0.09,0.06,0.03,0.02,0,-1,-1,-1,-1,-1,-1,-1,-1,0.05,0.02,0.02,0.03,0.04,0.02,0.01,0.02,0.01,0.01,0,0.01,0,0,-1,-1,0.01,0,0,0,0.01,0,0,0,0,0,0,0,0,0,0,0,0,0,0,0,0,0,0,0,0,0,-1,-1,-1,-1,-1,-1,0,0,0,0,0,0,0,0,0,0,0,0,0,0,0,0,0,-1,-1,-1,-1,-1,-1,-1,0,0,0,0,0,0,0,0,0,0,0,0,0,0,0,0,0,0,0,0,0,0,0,0,0,0,0,0,-1,0,0,0,0,0,0,0,0,-1,-1,-1,-1,-1,-1,-1,-1,0
-1,-1,-1,-1,-1,0.02,0.01,0.01,0.02,0.02,0.07,-1,-1,-1,-1,0.1,-1,-1,-1,-1,-1,-1,-1,0.19,0.21,0.21,-1,-1,-1,-1,0.15,0.13,0.16,0.14,0.15,0.1,0.11,0.15,0.18,0.12,0.13,0.14,0.19,0.2,0.18,0.14,0.26,0.19,0.35,0.44,0.37,-1,-1,-1,-1,-1,-1,-1,-1,-1,0.42,0.29,0.25,-1,-1,-1,-1,-1,-1,-1,-1,-1,0.09,0.05,0.07,0.12,0.11,0.05,0.06,0.05,0.05,0.07,0.05,0.03,0.02,0.03,0.02,0.02,0.02,0.02,0,0,0.01,0.01,-1,-1,-1,-1,-1,-1,-1,0.01,-1,-1,-1,-1,-1,-1,-1,-1,0,0,0,0,0,0,0,-1,0,0,0,0,0,0,0,-1,-1,-1,-1,-1,0,0,0,0,0,0,0,0,0,0,0,0,0,-1,-1,-1,-1,-1,-1,-1,-1,-1,-1,-1,0,0,0,0,0,0,0,0,0,0,0,0,0,0,0,0,0,0,0,0,0,0,0,0,-1,-1,-1,-1,-1,0,0,0,0,0,-1,-1,-1,-1,-1,-1,-1,0,0,0,0,0
-1,-1,-1,0.01,0,0.02,0.02,0.02,0.05,0.03,0.05,0.07,0.09,-1,-1,-1,0.17,-1,0.14,0.2,0.16,0.15,0.31,0.26,0.31,0.2,-1,0.18,0.22,0.13,0.2,0.14,0.1,-1,-1,-1,-1,-1,-1,-1,-1,-1,-1,0.14,0.15,0.26,0.28,-1,-1,0.31,0.34,0.43,0.38,0.42,-1,-1,-1,-1,-1,-1,0.35,0.26,0.27,-1,-1,-1,-1,-1,-1,-1,-1,-1,0.1,0.06,0.05,0.01,0.07,0.04,0.03,0.04,0.03,0.06,0.07,0.05,0.03,0.04,0.01,0.04,-1,-1,-1,-1,-1,-1,-1,-1,-1,-1,-1,-1,-1,0.01,0,0,0,-1,-1,-1,-1,-1,-1,0,0,0,0,0,0,0,0,-1,0,0,0,0,0,-1,-1,-1,-1,-1,0,0,0,0,0,-1,-1,-1,-1,-1,-1,-1,-1,-1,-1,-1,-1,-1,-1,0,0,0,0,0,0,0,-1,-1,-1,-1,-1,-1,-1,-1,0,0,0,0,0,0,0,0,0,0,-1,-1,-1,-1,-1,-1,-1,-1,-1,0,0,0,0,0,-1,-1,-1,-1,0,0,0,0,0,0,0,0
0.01,0.02,0,0.03,0,0.01,0.01,0.01,0.05,0.01,0.05,0.08,-1,-1,-1,0.11,0.13,0.24,0.23,0.26,0.26,0.39,-1,0.36,0.34,0.21,0.25,0.2,0.16,0.17,0.11,0.18,0.2,-1,-1,-1,-1,-1,-1,-1,-1,-1,-1,0.13,0.13,0.3,-1,-1,-1,0.32,0.24,0.39,0.31,0.35,0.4,0.34,0.37,0.34,0.23,0.22,0.27,0.27,0.28,0.18,0.18,0.12,-1,-1,-1,-1,-1,-1,0.06,0.07,0.05,0.06,0.03,0.05,0.06,0.03,0.03,0.04,-1,0,0.01,0.02,0.03,-1,-1,0.01,-1,-1,-1,-1,0.02,0,0,0,0,0,0,0,0,0.01,0,0,0,0,0,0,0,0,0,0,0,0,0,0,-1,-1,0,0,0,0,0,-1,-1,-1,-1,-1,0,0,0,0,0,-1,-1,-1,-1,-1,-1,-1,-1,0,0,0,0,-1,-1,0,0,0,0,0,0,0,-1,-1,-1,-1,-1,-1,-1,-1,0,0,0,0,0,0,0,-1,-1,-1,-1,-1,-1,-1,-1,0,0,0,0,0,0,0,0,0,-1,0,0,0,0,0,0,0,0,0,0,-1
0.02,0,0,0.05,0.03,-1,-1,0.01,0.07,0.01,0.04,0.08,0.13,0.1,0.14,0.18,0.25,0.28,-1,-1,-1,-1,-1,0.42,0.32,0.3,0.26,0.21,0.28,0.17,0.16,0.22,0.09,0.16,0.17,0.1,0.11,0.1,0.16,0.15,0.15,0.15,0.11,0.08,0.18,0.19,-1,-1,0.25,0.24,0.26,0.26,0.34,0.31,0.31,0.24,0.25,0.25,0.4,0.25,0.19,0.25,0.26,0.18,0.14,0.07,0.16,0.16,0.15,0.17,0.09,0.09,0.06,0.06,0.08,-1,-1,-1,-1,-1,-1,-1,-1,0.03,0.01,0.01,0,-1,-1,0.01,0.01,0,0.01,0,0,0,0,0.01,0,0,0,0.01,-1,-1,-1,-1,0,0,-1,-1,0,0,0,0,0,0,0,0,0,0,0,0,0,0,0,-1,-1,-1,-1,-1,0,0,0,0,0,0,0,0,0,0,0,0,0,0,0,0,0,-1,-1,0,0,0,0,0,0,0,0,0,0,0,0,0,-1,-1,0,0,0,0,0,0,0,-1,-1,-1,-1,0,0,0,0,0,0,0,0,0,0,0,0,0,0,0,0,0,0,0,0,0,0,0,0,-1
0,0,-1,-1,-1,-1,0.03,0.04,0.01,0.01,0.03,0.12,0.11,0.17,-1,-1,-1,-1,-1,-1,-1,-1,-1,-1,-1,0.35,0.24,0.23,0.11,0.21,0.17,0.19,0.16,0.15,0.15,0.18,0.18,0.15,0.12,0.16,0.13,0.08,0.17,0.18,0.22,0.22,0.18,0.13,0.23,0.25,0.12,0.29,0.35,0.15,0.27,0.25,0.27,0.29,0.22,0.22,0.22,0.16,0.17,0.12,0.06,0.09,0.13,0.07,0.06,0.1,0.08,0.11,0.03,0.11,0.1,0.04,0.05,0.01,0.01,0.05,0.01,0.03,0.01,0.05,0.03,0.03,0.03,0.02,0.01,0.03,0.01,0.01,0.02,-1,-1,-1,-1,-1,-1,0.01,0,-1,-1,-1,-1,-1,0,0,-1,-1,0,0,0,0,0,0,0,0,0,0,0,0,0,0,0,-1,-1,-1,-1,-1,0,0,0,0,0,0,0,0,0,0,0,0,0,0,0,0,0,-1,-1,0,0,0,0,0,0,0,0,0,0,0,0,0,0,0,0,0,0,0,0,0,0,0,0,0,0,0,0,0,0,0,0,0,0,0,0,0,0,0,0,0,0,0,0,0,0,0,-1,-1,-1,0
0,0,0.01,0,0.01,0.03,0.03,0.01,-1,0.04,0.05,0.1,-1,-1,-1,-1,-1,-1,-1,-1,0.95,0.6,0.45,0.48,-1,0.32,0.25,0.19,0.2,0.22,0.15,0.18,0.11,0.1,0.16,0.2,0.18,0.1,0.12,0.13,0.11,0.15,0.18,0.15,0.11,0.16,0.16,0.17,0.25,0.2,0.19,0.18,0.22,0.31,0.21,0.27,0.25,0.27,0.2,0.2,0.22,0.15,0.2,0.1,0.07,0.1,0.12,0.05,0.08,0.08,0.09,0.09,0.05,0.06,0.05,0.06,0.02,0.01,0.07,0.02,0.04,0.01,0.02,0.04,0.03,0.02,0.01,0.03,0.02,0.01,0,0.02,0.02,0.01,0,0,0,-1,-1,-1,0,0.01,-1,-1,-1,-1,0,-1,-1,-1,-1,0,0,0,0,0,0,-1,-1,-1,-1,-1,0,0,0,-1,-1,-1,-1,-1,0,0,0,0,0,0,0,0,0,0,0,-1,-1,-1,0,0,0,-1,-1,0,0,0,0,0,0,0,0,0,0,0,0,0,0,0,0,0,0,0,0,0,0,0,0,0,0,0,0,0,0,0,-1,-1,-1,-1,0,0,0,0,0,0,0,0,0,-1,-1,-1,-1,-1,-1,0
-1,0.03,0.02,0.02,0.04,-1,-1,-1,-1,-1,0.04,0.06,-1,-1,-1,-1,0.29,0.39,0.51,0.61,0.71,-1,-1,0.27,-1,0.24,0.29,0.16,0.09,0.21,0.2,0.11,0.14,0.15,0.14,0.23,-1,-1,-1,-1,-1,-1,0.24,0.14,0.16,0.13,0.2,0.19,0.17,0.2,0.12,0.25,0.18,0.14,0.11,0.17,0.19,0.18,0.17,0.12,0.12,0.21,0.18,0.11,0.1,0.06,0.09,0.06,0.08,0.03,0.07,0.08,0.06,0.04,0.02,-1,0.06,0.04,0.04,0.03,0.01,0.03,0.04,0.03,0.01,-1,-1,-1,0.01,0.01,0.03,-1,-1,-1,-1,-1,-1,-1,-1,-1,0,0,0,-1,-1,0,-1,-1,-1,-1,0,0,0,0,0,0,0,0,0,0,-1,0,0,0,0,-1,-1,-1,-1,-1,0,0,-1,-1,-1,-1,-1,-1,-1,-1,-1,-1,-1,-1,0,0,0,-1,-1,-1,-1,-1,-1,-1,-1,-1,-1,0,0,0,0,0,0,0,0,0,0,0,0,0,0,0,0,0,0,0,0,-1,-1,-1,-1,0,0,0,0,0,0,0,0,0,-1,-1,-1,-1,-1,-1,0,0,0,0
-1,0.01,0.01,0,0.03,-1,-1,0.03,0.05,0.01,0.05,0.03,0.05,0.09,0.17,0.17,0.28,-1,-1,-1,-1,-1,-1,-1,-1,-1,0.26,0.21,0.2,0.22,0.17,0.12,-1,-1,-1,-1,-1,-1,-1,-1,-1,-1,0.12,0.17,0.2,0.16,0.15,-1,-1,-1,-1,-1,-1,-1,-1,-1,-1,-1,-1,-1,-1,-1,-1,-1,-1,-1,-1,-1,-1,-1,-1,-1,0.02,0.03,0.03,-1,-1,-1,0.05,0.02,-1,-1,0.02,0,0,-1,-1,-1,0.02,-1,-1,-1,-1,-1,-1,-1,-1,-1,-1,-1,0.01,-1,-1,-1,-1,0,-1,-1,0,0,0,0,0,0,0,0,0,0,0,0,0,0,0,0,0,-1,-1,-1,-1,-1,0,0,-1,-1,0,0,0,0,0,0,0,0,0,0,0,0,0,-1,-1,0,0,0,0,0,0,0,0,0,0,0,0,0,0,0,0,0,-1,-1,-1,-1,0,0,0,0,-1,-1,-1,-1,0,0,0,0,0,0,0,0,0,0,0,0,0,-1,-1,0,0,0,0,0,0,0
-1,0.01,0,0.01,0.02,0.01,0.03,0.01,-1,-1,0.03,0.06,0.1,-1,-1,-1,-1,-1,-1,-1,-1,0.22,-1,-1,0.2,-1,0.26,0.28,0.2,-1,-1,0.12,-1,-1,-1,-1,-1,-1,-1,0.14,0.15,0.13,0.13,0.09,0.24,0.06,0.18,-1,0.18,0.12,0.24,0.14,0.16,0.16,0.17,0.19,0.15,0.21,0.17,0.2,0.19,0.16,0.18,0.1,0.05,0.1,0.08,0.12,0.09,0.08,0.03,0.03,0.05,0.06,-1,-1,-1,-1,-1,-1,-1,-1,0,0.01,0.01,0.05,0.02,0.01,0.01,0.01,0,0,0.01,0.01,0,0,0,0.01,0.01,0,0,-1,-1,-1,-1,0,-1,-1,0,0,0,0,0,0,0,0,0,0,0,-1,-1,0,0,0,0,0,0,0,0,0,0,0,0,0,0,0,0,0,0,0,0,0,0,0,0,0,0,0,0,0,0,0,0,0,0,0,0,0,-1,0,0,0,-1,-1,-1,-1,-1,-1,-1,-1,-1,0,0,-1,-1,0,0,0,0,0,0,0,0,0,0,-1,-1,0,0,0,0,0,0,0,0,0,0,0,0,0
-1,-1,-1,0.01,0.01,0.02,-1,-1,-1,-1,0.08,0.04,0.08,-1,-1,-1,-1,-1,0.17,0.26,0.31,-1,-1,-1,-1,-1,0.25,0.18,0.16,0.21,0.16,0.2,0.09,0.12,0.13,0.14,0.16,0.16,-1,-1,-1,0.13,0.13,0.15,0.11,0.2,0.08,0.11,0.13,0.15,0.15,0.12,0.09,0.16,0.18,0.11,0.16,0.15,0.16,0.13,0.15,0.16,0.15,0.05,0.07,0.05,0.02,0.02,0.02,0.04,0.03,0.05,0.03,0.01,0.05,0.01,0.01,0.06,0,0.06,0.01,0.03,0.02,0.04,0.02,0.02,0.01,0.02,0,0,0,0.03,0.03,0.01,0,0.01,0,0,0.01,0,0,0.01,0,0,0,0,0,0,0,0,0,0,0,0,0,0,0,0,0,0,0,0,0,0,0,0,0,0,0,0,0,0,0,0,0,0,0,0,0,0,0,0,0,0,0,0,0,0,0,0,0,0,0,0,0,0,0,0,-1,0,0,0,-1,-1,-1,-1,-1,-1,-1,-1,0,-1,0,0,0,0,0,0,0,0,0,0,0,-1,-1,-1,-1,-1,0,0,0,0,0,0,0,0,0,0,0,0
-1,-1,-1,0.01,0.01,0.02,-1,-1,0.03,0.04,0.04,0.04,0.05,-1,0.12,0.15,-1,-1,-1,-1,-1,-1,-1,-1,-1,0.21,0.32,0.18,0.21,0.13,0.08,0.16,0.12,0.16,0.15,0.11,0.19,0.07,0.15,0.14,0.11,0.11,0.08,0.13,0.14,0.12,0.19,0.13,0.14,0.15,0.12,0.14,0.17,0.13,0.14,0.11,0.15,0.16,0.16,0.12,0.13,0.1,0.11,0.08,0.08,0.06,0.06,0.05,0.05,0.07,0.03,0.03,0.05,0.07,0.04,0.01,0.05,0.03,0.01,0,-1,-1,0.05,0.02,0.01,0.04,0.03,0.04,0.02,0,0.01,0.03,0,0,0,0,0,0,0,0,0,0,0.01,0,0,0,0,0,0,0,0,0,0,0,0,0,0,0,0,0,0,0,0,0,-1,-1,-1,0,0,0,0,0,0,0,0,0,0,0,0,0,0,0,0,0,0,0,0,0,0,0,0,0,0,0,0,0,0,0,-1,0,0,0,-1,-1,-1,-1,-1,0,0,0,-1,-1,0,0,0,0,0,0,0,0,-1,-1,-1,-1,-1,-1,0,0,0,0,0,0,0,0,0,0,0,0,0,0
-1,-1,-1,0,0,0.07,0.02,0.01,0.02,0.04,-1,0.02,0.05,0.09,-1,-1,-1,-1,-1,-1,-1,-1,0.15,0.14,0.11,0.14,0.16,0.13,0.21,0.12,0.16,0.14,0.11,0.06,0.11,0.13,0.11,0.11,0.1,0.12,0.06,0.15,0.11,0.14,-1,-1,-1,-1,-1,-1,-1,-1,0.1,-1,-1,-1,-1,-1,-1,-1,-1,-1,-1,-1,-1,-1,-1,-1,-1,0.03,0.04,0.03,0.02,0.05,0.04,0.04,0.01,0.03,-1,0,0.02,0.06,0.01,0.03,0.02,0,-1,-1,-1,-1,-1,-1,-1,-1,0,0,0,0,0,0,0,0,0,0,0,0,0,0,0,0,0,0,0,0,0,0,0,0,0,0,0,0,0,0,0,0,0,0,0,-1,-1,-1,0,0,0,0,0,0,0,0,0,0,0,0,0,0,0,0,0,0,0,0,0,0,0,0,0,0,0,0,0,0,0,-1,0,0,0,0,-1,-1,0,0,0,0,0,0,0,-1,-1,-1,-1,-1,0,0,0,0,0,0,0,0,0,0,0,0,0,0,0,0,0,0
-1,-1,0.01,-1,-1,-1,-1,-1,0.02,-1,-1,0.02,0.05,0.05,-1,-1,-1,0.09,0.11,0.1,0.17,0.09,0.13,0.1,0.09,0.09,0.08,0.21,0.14,0.11,0.17,0.18,-1,-1,-1,-1,-1,-1,0.15,0.14,0.08,0.13,-1,-1,-1,-1,-1,-1,-1,-1,-1,-1,0.12,-1,-1,-1,-1,-1,-1,-1,-1,-1,-1,-1,-1,-1,-1,-1,-1,0.05,0.04,0.01,0.03,0.05,0.07,0.01,0.03,0.01,0.01,0.02,0.03,0.01,-1,0,0,0.01,-1,-1,-1,-1,-1,-1,-1,-1,-1,-1,0.01,0,-1,-1,-1,-1,-1,-1,0,0,0,0,0,0,0,0,0,0,0,0,0,0,-1,-1,-1,-1,-1,-1,-1,0,0,0,0,0,0,0,0,0,0,0,0,0,0,0,0,0,0,0,0,0,0,0,0,0,0,0,0,0,0,0,0,0,0,0,0,0,0,0,0,0,-1,-1,-1,-1,0,0,0,0,-1,-1,-1,-1,-1,-1,0,0,0,0,0,0,0,0,0,0,-1,-1,0,0,0,0,0,0,0,0
-1,-1,-1,-1,-1,-1,-1,-1,-1,0.01,0.03,0,0.03,0.05,0.07,0.1,0.08,0.07,0.12,0.08,0.08,0.11,0.08,0.11,0.08,-1,-1,-1,-1,0.18,0.16,0.13,-1,-1,-1,-1,-1,-1,0.09,0.11,0.07,0.11,0.11,0.1,0.11,0.09,0.1,0.16,0.11,0.08,0.12,0.1,-1,-1,-1,-1,-1,-1,-1,-1,-1,-1,-1,-1,-1,-1,-1,-1,0.04,0.01,0.05,0.01,0.03,0.02,0.01,0,0.03,0.02,0.02,0.01,0.06,0.01,-1,0.03,0.01,0,-1,-1,0.01,0,0.03,0,0,0,0,0,0.01,0,-1,-1,-1,-1,-1,-1,-1,-1,-1,-1,-1,0,0,0,0,0,0,0,0,0,0,-1,-1,-1,-1,-1,-1,0,0,0,0,0,0,0,0,0,0,0,0,0,0,0,0,0,0,0,0,0,0,0,0,0,0,0,0,0,0,0,0,0,0,0,0,0,-1,0,-1,-1,-1,-1,0,0,0,0,0,0,-1,-1,-1,0,0,0,0,0,0,0,0,0,0,-1,-1,-1,-1,-1,0,0,0,0,0,0,0,0
0,-1,-1,-1,-1,-1,0.02,0.01,0.01,0.04,0.01,0.02,0,0.02,0.03,0.09,0.13,0.11,0.04,0.1,-1,-1,-1,-1,-1,-1,0.07,0.1,0.14,0.07,0.05,0.06,0.12,0.09,0.09,0.15,0.1,0.09,0.09,0.13,0.04,0.16,0.12,0.11,0.09,0.08,0.12,-1,-1,-1,-1,-1,0.11,-1,-1,-1,-1,-1,-1,-1,-1,-1,-1,-1,-1,-1,-1,-1,0.01,0.04,0.04,0.03,0.04,0.04,0,0.01,0.02,0.04,0.05,0.04,-1,-1,-1,0.03,-1,0,-1,-1,0,0.04,0,-1,-1,-1,-1,-1,-1,-1,-1,-1,0,0,0,-1,-1,-1,0,-1,-1,0,0,0,0,0,0,0,0,0,0,0,0,0,0,0,0,0,-1,0,0,0,0,0,0,0,0,0,0,0,0,0,0,0,0,0,0,0,0,0,0,0,0,0,0,0,0,0,0,0,0,0,-1,-1,-1,0,-1,0,0,0,-1,0,0,0,0,0,0,0,0,0,0,0,0,0,0,0,-1,-1,0,-1,-1,-1,0,0,0,0,0,0,0,0,0,0
